model_name,gpu_name,seed,dataset,config_k,config_cap,run,type,cold_ms,cosine_ms,graph_ms,adaptive_ms,lru_sim_hit,cos_sim_hit,grp_sim_hit,adp_sim_hit,cold_n_tokens,cosine_n_tokens,graph_n_tokens,adaptive_n_tokens,flops_saved_cosine,flops_saved_graph,flops_saved_adaptive,embed_time_s,graph_build_time_s,adp_alpha_semantic,adp_beta_semantic,adp_alpha_structural,adp_beta_structural,adp_alpha_multihop,adp_beta_multihop
Qwen/Qwen2.5-7B-Instruct,NVIDIA GeForce RTX 5060 Ti,42,MultiFieldQA-en,3,16,0,structural,68.7319,44.8208,45.0323,44.9863,0,0,0,0,107,343,363,363,47225249792,52893130752,52893130752,6.07,0.021,0.9,0.1,0.35,0.65,0.35,0.65
Qwen/Qwen2.5-7B-Instruct,NVIDIA GeForce RTX 5060 Ti,42,MultiFieldQA-en,3,16,1,multi-hop,52.7535,46.3863,44.6267,44.5657,0,0,0,0,114,370,370,370,54952755200,54952755200,54952755200,6.07,0.021,0.9,0.1,0.35,0.65,0.35,0.65
Qwen/Qwen2.5-7B-Instruct,NVIDIA GeForce RTX 5060 Ti,42,MultiFieldQA-en,3,16,2,multi-hop,51.8337,0.0,52.6452,51.276,0,1,0,0,91,347,347,347,48333135872,48333135872,48333135872,6.07,0.021,0.9,0.1,0.35,0.65,0.35,0.65
Qwen/Qwen2.5-7B-Instruct,NVIDIA GeForce RTX 5060 Ti,42,MultiFieldQA-en,3,16,3,semantic,42.0795,0.0,42.3082,42.468,0,1,0,0,85,321,319,321,41361481728,40847679488,41361481728,6.07,0.021,0.9,0.1,0.35,0.65,0.35,0.65
Qwen/Qwen2.5-7B-Instruct,NVIDIA GeForce RTX 5060 Ti,42,MultiFieldQA-en,3,16,4,structural,50.0385,51.1087,50.4058,51.3331,0,0,0,0,65,321,269,306,41361481728,29046284288,37586239488,6.07,0.021,0.9,0.1,0.35,0.65,0.35,0.65
Qwen/Qwen2.5-7B-Instruct,NVIDIA GeForce RTX 5060 Ti,42,MultiFieldQA-en,3,16,5,multi-hop,51.6055,0.0,53.2412,52.1275,0,1,0,0,119,375,375,375,56448000000,56448000000,56448000000,6.07,0.021,0.9,0.1,0.35,0.65,0.35,0.65
Qwen/Qwen2.5-7B-Instruct,NVIDIA GeForce RTX 5060 Ti,42,MultiFieldQA-en,3,16,6,structural,54.7799,51.7523,51.215,0.0,0,0,0,1,156,412,412,412,68136599552,68136599552,68136599552,6.07,0.021,0.9,0.1,0.35,0.65,0.35,0.65
Qwen/Qwen2.5-7B-Instruct,NVIDIA GeForce RTX 5060 Ti,42,MultiFieldQA-en,3,16,7,multi-hop,50.6937,52.6134,50.9167,0.0,0,0,0,1,144,400,400,400,64225280000,64225280000,64225280000,6.07,0.021,0.9,0.1,0.35,0.65,0.35,0.65
Qwen/Qwen2.5-7B-Instruct,NVIDIA GeForce RTX 5060 Ti,42,MultiFieldQA-en,3,16,8,multi-hop,49.3896,0.0,50.3275,56.6284,0,1,0,0,108,364,364,364,53184954368,53184954368,53184954368,6.07,0.021,0.9,0.1,0.35,0.65,0.35,0.65
Qwen/Qwen2.5-7B-Instruct,NVIDIA GeForce RTX 5060 Ti,42,MultiFieldQA-en,3,16,9,structural,51.7163,53.3265,51.0098,52.6204,0,0,0,0,102,358,358,358,51446054912,51446054912,51446054912,6.07,0.021,0.9,0.1,0.35,0.65,0.35,0.65
Qwen/Qwen2.5-7B-Instruct,NVIDIA GeForce RTX 5060 Ti,42,MultiFieldQA-en,3,16,10,multi-hop,52.3729,0.0,51.8092,51.6595,0,1,0,0,127,383,313,313,58882138112,39325540352,39325540352,6.07,0.021,0.9,0.1,0.35,0.65,0.35,0.65
Qwen/Qwen2.5-7B-Instruct,NVIDIA GeForce RTX 5060 Ti,42,MultiFieldQA-en,3,16,11,semantic,51.2265,0.0,0.0,0.0,0,1,1,1,91,347,347,347,48333135872,48333135872,48333135872,6.07,0.021,0.9,0.1,0.35,0.65,0.35,0.65
Qwen/Qwen2.5-7B-Instruct,NVIDIA GeForce RTX 5060 Ti,42,MultiFieldQA-en,3,16,12,semantic,56.9009,0.0,51.2582,52.29,0,1,0,0,119,375,375,375,56448000000,56448000000,56448000000,6.07,0.021,0.9,0.1,0.35,0.65,0.35,0.65
Qwen/Qwen2.5-7B-Instruct,NVIDIA GeForce RTX 5060 Ti,42,MultiFieldQA-en,3,16,13,semantic,50.8005,0.0,52.4438,51.2451,0,1,0,0,27,277,283,283,30799634432,32148365312,32148365312,6.07,0.021,0.9,0.1,0.35,0.65,0.35,0.65
Qwen/Qwen2.5-7B-Instruct,NVIDIA GeForce RTX 5060 Ti,42,MultiFieldQA-en,3,16,14,multi-hop,51.2789,0.0,51.1989,51.0395,0,1,0,0,101,328,236,334,43185078272,22356819968,44779470848,6.07,0.021,0.9,0.1,0.35,0.65,0.35,0.65
Qwen/Qwen2.5-7B-Instruct,NVIDIA GeForce RTX 5060 Ti,42,MultiFieldQA-en,3,16,15,structural,51.1877,51.9384,0.0,51.2996,0,0,1,0,43,226,299,293,20502315008,35886276608,34460475392,6.07,0.021,0.9,0.1,0.35,0.65,0.35,0.65
Qwen/Qwen2.5-7B-Instruct,NVIDIA GeForce RTX 5060 Ti,42,MultiFieldQA-en,3,16,16,structural,51.5556,54.2587,51.4514,52.6253,0,0,0,0,119,375,375,375,56448000000,56448000000,56448000000,6.07,0.021,0.9,0.1,0.35,0.65,0.35,0.65
Qwen/Qwen2.5-7B-Instruct,NVIDIA GeForce RTX 5060 Ti,42,MultiFieldQA-en,3,16,17,semantic,44.9618,0.0,0.0,0.0,0,1,1,1,121,377,377,377,57051717632,57051717632,57051717632,6.07,0.021,0.9,0.1,0.35,0.65,0.35,0.65
Qwen/Qwen2.5-7B-Instruct,NVIDIA GeForce RTX 5060 Ti,42,MultiFieldQA-en,3,16,18,semantic,44.1545,0.0,45.673,0.0,0,1,0,1,90,279,346,271,31246000128,48054960128,29479804928,6.07,0.021,0.9,0.1,0.35,0.65,0.35,0.65
Qwen/Qwen2.5-7B-Instruct,NVIDIA GeForce RTX 5060 Ti,42,MultiFieldQA-en,3,16,19,multi-hop,46.2167,45.666,0.0,0.0,0,0,1,1,125,381,381,381,58268786688,58268786688,58268786688,6.07,0.021,0.9,0.1,0.35,0.65,0.35,0.65
Qwen/Qwen2.5-7B-Instruct,NVIDIA GeForce RTX 5060 Ti,42,MultiFieldQA-en,3,16,20,multi-hop,54.7071,54.8082,54.1985,52.4877,0,0,0,0,150,406,406,406,66166489088,66166489088,66166489088,6.07,0.021,0.9,0.1,0.35,0.65,0.35,0.65
Qwen/Qwen2.5-7B-Instruct,NVIDIA GeForce RTX 5060 Ti,42,MultiFieldQA-en,3,16,21,multi-hop,46.1963,0.0,0.0,46.4451,0,1,1,0,73,317,308,308,40337088512,38079168512,38079168512,6.07,0.021,0.9,0.1,0.35,0.65,0.35,0.65
Qwen/Qwen2.5-7B-Instruct,NVIDIA GeForce RTX 5060 Ti,42,MultiFieldQA-en,3,16,22,structural,51.9441,53.033,51.0131,52.2042,0,0,0,0,83,339,339,323,46130208768,46130208768,41878495232,6.07,0.021,0.9,0.1,0.35,0.65,0.35,0.65
Qwen/Qwen2.5-7B-Instruct,NVIDIA GeForce RTX 5060 Ti,42,MultiFieldQA-en,3,16,23,semantic,52.1087,0.0,0.0,0.0,0,1,1,1,65,321,321,321,41361481728,41361481728,41361481728,6.07,0.021,0.9,0.1,0.35,0.65,0.35,0.65
Qwen/Qwen2.5-7B-Instruct,NVIDIA GeForce RTX 5060 Ti,42,MultiFieldQA-en,3,16,24,semantic,46.8613,0.0,47.8429,0.0,0,1,0,1,43,226,299,285,20502315008,35886276608,32604364800,6.07,0.021,0.9,0.1,0.35,0.65,0.35,0.65
Qwen/Qwen2.5-7B-Instruct,NVIDIA GeForce RTX 5060 Ti,42,MultiFieldQA-en,3,16,25,multi-hop,52.6811,0.0,52.5853,51.7312,0,1,0,0,103,359,359,359,51733864448,51733864448,51733864448,6.07,0.021,0.9,0.1,0.35,0.65,0.35,0.65
Qwen/Qwen2.5-7B-Instruct,NVIDIA GeForce RTX 5060 Ti,42,MultiFieldQA-en,3,16,26,multi-hop,93.342,0.0,91.394,91.4987,0,1,0,0,4,260,260,260,27135180800,27135180800,27135180800,6.07,0.021,0.9,0.1,0.35,0.65,0.35,0.65
Qwen/Qwen2.5-7B-Instruct,NVIDIA GeForce RTX 5060 Ti,42,MultiFieldQA-en,3,16,27,multi-hop,50.9455,54.5375,59.3464,51.7482,0,0,0,0,110,366,366,366,53771010048,53771010048,53771010048,6.07,0.021,0.9,0.1,0.35,0.65,0.35,0.65
Qwen/Qwen2.5-7B-Instruct,NVIDIA GeForce RTX 5060 Ti,42,MultiFieldQA-en,3,16,28,semantic,40.2801,0.0,41.3921,39.8642,0,1,0,0,1,6,6,6,14450688,14450688,14450688,6.07,0.021,0.9,0.1,0.35,0.65,0.35,0.65
Qwen/Qwen2.5-7B-Instruct,NVIDIA GeForce RTX 5060 Ti,42,MultiFieldQA-en,3,16,29,structural,48.2984,42.892,41.5084,40.9555,0,0,0,0,26,85,59,59,2900172800,1397301248,1397301248,6.07,0.021,0.9,0.1,0.35,0.65,0.35,0.65
Qwen/Qwen2.5-7B-Instruct,NVIDIA GeForce RTX 5060 Ti,42,MultiFieldQA-en,3,16,30,multi-hop,0.0,0.0,57.3172,58.053,1,1,0,0,119,375,375,375,56448000000,56448000000,56448000000,6.07,0.021,0.9,0.1,0.35,0.65,0.35,0.65
Qwen/Qwen2.5-7B-Instruct,NVIDIA GeForce RTX 5060 Ti,42,MultiFieldQA-en,3,16,31,multi-hop,0.0,0.0,0.0,0.0,1,1,1,1,1,6,6,6,14450688,14450688,14450688,6.07,0.021,0.9,0.1,0.35,0.65,0.35,0.65
Qwen/Qwen2.5-7B-Instruct,NVIDIA GeForce RTX 5060 Ti,42,MultiFieldQA-en,3,16,32,semantic,57.3356,0.0,56.7613,0.0,0,1,0,1,73,317,294,287,40337088512,34696101888,33063575552,6.07,0.021,0.9,0.1,0.35,0.65,0.35,0.65
Qwen/Qwen2.5-7B-Instruct,NVIDIA GeForce RTX 5060 Ti,42,MultiFieldQA-en,3,16,33,structural,76.071,0.0,0.0,84.6904,0,1,1,0,111,367,367,284,54065242112,54065242112,32375963648,6.07,0.021,0.9,0.1,0.35,0.65,0.35,0.65
Qwen/Qwen2.5-7B-Instruct,NVIDIA GeForce RTX 5060 Ti,42,MultiFieldQA-en,3,16,34,structural,49.9993,50.3379,52.2805,50.4335,0,0,0,0,107,363,363,363,52893130752,52893130752,52893130752,6.07,0.021,0.9,0.1,0.35,0.65,0.35,0.65
Qwen/Qwen2.5-7B-Instruct,NVIDIA GeForce RTX 5060 Ti,42,MultiFieldQA-en,3,16,35,semantic,57.3048,0.0,59.0404,0.0,0,1,0,1,88,333,344,344,44511731712,47501017088,47501017088,6.07,0.021,0.9,0.1,0.35,0.65,0.35,0.65
Qwen/Qwen2.5-7B-Instruct,NVIDIA GeForce RTX 5060 Ti,42,MultiFieldQA-en,3,16,36,structural,51.5416,0.0,0.0,0.0,0,1,1,1,104,360,344,299,52022476800,47501017088,35886276608,6.07,0.021,0.9,0.1,0.35,0.65,0.35,0.65
Qwen/Qwen2.5-7B-Instruct,NVIDIA GeForce RTX 5060 Ti,42,MultiFieldQA-en,3,16,37,multi-hop,55.4838,0.0,49.9591,51.4033,0,1,0,0,106,306,217,293,37586239488,18901901312,34460475392,6.07,0.021,0.9,0.1,0.35,0.65,0.35,0.65
Qwen/Qwen2.5-7B-Instruct,NVIDIA GeForce RTX 5060 Ti,42,MultiFieldQA-en,3,16,38,multi-hop,51.8148,0.0,57.9161,50.817,0,1,0,0,134,390,390,390,61054156800,61054156800,61054156800,6.07,0.021,0.9,0.1,0.35,0.65,0.35,0.65
Qwen/Qwen2.5-7B-Instruct,NVIDIA GeForce RTX 5060 Ti,42,MultiFieldQA-en,3,16,39,multi-hop,47.8705,48.5853,49.0148,49.1434,0,0,0,0,177,433,433,433,75259584512,75259584512,75259584512,6.07,0.021,0.9,0.1,0.35,0.65,0.35,0.65
Qwen/Qwen2.5-7B-Instruct,NVIDIA GeForce RTX 5060 Ti,42,MultiFieldQA-en,3,16,40,semantic,58.8503,0.0,0.0,0.0,0,1,1,1,35,115,115,115,5308620800,5308620800,5308620800,6.07,0.021,0.9,0.1,0.35,0.65,0.35,0.65
Qwen/Qwen2.5-7B-Instruct,NVIDIA GeForce RTX 5060 Ti,42,MultiFieldQA-en,3,16,41,multi-hop,55.6093,58.5904,65.7717,57.8303,0,0,0,0,110,262,366,327,27554250752,53771010048,42922156032,6.07,0.021,0.9,0.1,0.35,0.65,0.35,0.65
Qwen/Qwen2.5-7B-Instruct,NVIDIA GeForce RTX 5060 Ti,42,MultiFieldQA-en,3,16,42,semantic,49.6736,0.0,51.4779,43.3926,0,1,0,0,107,343,363,276,47225249792,52893130752,30577655808,6.07,0.021,0.9,0.1,0.35,0.65,0.35,0.65
Qwen/Qwen2.5-7B-Instruct,NVIDIA GeForce RTX 5060 Ti,42,MultiFieldQA-en,3,16,43,semantic,50.579,0.0,49.9597,48.5751,0,1,0,0,93,349,349,309,48891895808,48891895808,38326837248,6.07,0.021,0.9,0.1,0.35,0.65,0.35,0.65
Qwen/Qwen2.5-7B-Instruct,NVIDIA GeForce RTX 5060 Ti,42,MultiFieldQA-en,3,16,44,multi-hop,37.7254,53.4948,44.6774,38.2323,0,0,0,0,120,376,376,376,56749457408,56749457408,56749457408,6.07,0.021,0.9,0.1,0.35,0.65,0.35,0.65
Qwen/Qwen2.5-7B-Instruct,NVIDIA GeForce RTX 5060 Ti,42,MultiFieldQA-en,3,16,45,structural,47.5576,0.0,0.0,0.0,0,1,1,1,115,371,371,371,55250198528,55250198528,55250198528,6.07,0.021,0.9,0.1,0.35,0.65,0.35,0.65
Qwen/Qwen2.5-7B-Instruct,NVIDIA GeForce RTX 5060 Ti,42,MultiFieldQA-en,3,16,46,structural,43.8415,44.0487,44.3575,42.954,0,0,0,0,43,226,299,293,20502315008,35886276608,34460475392,6.07,0.021,0.9,0.1,0.35,0.65,0.35,0.65
Qwen/Qwen2.5-7B-Instruct,NVIDIA GeForce RTX 5060 Ti,42,MultiFieldQA-en,3,16,47,semantic,48.792,0.0,0.0,0.0,0,1,1,1,111,307,367,367,37832302592,54065242112,54065242112,6.07,0.021,0.9,0.1,0.35,0.65,0.35,0.65
Qwen/Qwen2.5-7B-Instruct,NVIDIA GeForce RTX 5060 Ti,42,MultiFieldQA-en,3,16,48,multi-hop,47.8251,0.0,48.8249,48.3562,0,1,0,0,110,366,366,366,53771010048,53771010048,53771010048,6.07,0.021,0.9,0.1,0.35,0.65,0.35,0.65
Qwen/Qwen2.5-7B-Instruct,NVIDIA GeForce RTX 5060 Ti,42,MultiFieldQA-en,3,16,49,structural,47.0857,54.8937,47.6447,48.1577,0,0,0,0,113,369,369,369,54656114688,54656114688,54656114688,6.07,0.021,0.9,0.1,0.35,0.65,0.35,0.65
Qwen/Qwen2.5-7B-Instruct,NVIDIA GeForce RTX 5060 Ti,42,MultiFieldQA-en,3,16,50,multi-hop,41.4768,0.0,0.0,50.3122,0,1,1,0,80,232,225,263,21605384192,20321280000,27764989952,6.07,0.021,0.9,0.1,0.35,0.65,0.35,0.65
Qwen/Qwen2.5-7B-Instruct,NVIDIA GeForce RTX 5060 Ti,42,MultiFieldQA-en,3,16,51,structural,41.4372,43.8373,41.0889,42.3674,0,0,0,0,112,368,368,368,54360276992,54360276992,54360276992,6.07,0.021,0.9,0.1,0.35,0.65,0.35,0.65
Qwen/Qwen2.5-7B-Instruct,NVIDIA GeForce RTX 5060 Ti,42,MultiFieldQA-en,3,16,52,semantic,42.163,0.0,44.1242,0.0,0,1,0,1,99,349,355,327,48891895808,50587443200,42922156032,6.07,0.021,0.9,0.1,0.35,0.65,0.35,0.65
Qwen/Qwen2.5-7B-Instruct,NVIDIA GeForce RTX 5060 Ti,42,MultiFieldQA-en,3,16,53,structural,64.6808,64.7502,65.29,64.164,0,0,0,0,5,41,38,38,674766848,579633152,579633152,6.07,0.021,0.9,0.1,0.35,0.65,0.35,0.65
Qwen/Qwen2.5-7B-Instruct,NVIDIA GeForce RTX 5060 Ti,42,MultiFieldQA-en,3,16,54,structural,48.8544,47.8984,55.1128,47.7825,0,0,0,0,101,258,339,339,26719322112,46130208768,46130208768,6.07,0.021,0.9,0.1,0.35,0.65,0.35,0.65
Qwen/Qwen2.5-7B-Instruct,NVIDIA GeForce RTX 5060 Ti,42,MultiFieldQA-en,3,16,55,semantic,49.2349,0.0,50.405,50.2413,0,1,0,0,55,311,303,303,38824583168,36852867072,36852867072,6.07,0.021,0.9,0.1,0.35,0.65,0.35,0.65
Qwen/Qwen2.5-7B-Instruct,NVIDIA GeForce RTX 5060 Ti,42,MultiFieldQA-en,3,16,56,multi-hop,65.9398,0.0,66.1594,66.8523,0,1,0,0,121,377,365,377,57051717632,53477580800,57051717632,6.07,0.021,0.9,0.1,0.35,0.65,0.35,0.65
Qwen/Qwen2.5-7B-Instruct,NVIDIA GeForce RTX 5060 Ti,42,MultiFieldQA-en,3,16,57,structural,49.6417,51.9729,49.1049,48.7927,0,0,0,0,102,358,358,358,51446054912,51446054912,51446054912,6.07,0.021,0.9,0.1,0.35,0.65,0.35,0.65
Qwen/Qwen2.5-7B-Instruct,NVIDIA GeForce RTX 5060 Ti,42,MultiFieldQA-en,3,16,58,multi-hop,42.7402,0.0,44.8798,47.3396,0,1,0,0,23,279,279,279,31246000128,31246000128,31246000128,6.07,0.021,0.9,0.1,0.35,0.65,0.35,0.65
Qwen/Qwen2.5-7B-Instruct,NVIDIA GeForce RTX 5060 Ti,42,MultiFieldQA-en,3,16,59,semantic,49.6718,0.0,49.1639,0.0,0,1,0,1,102,358,323,345,51446054912,41878495232,47777587200,6.07,0.021,0.9,0.1,0.35,0.65,0.35,0.65
Qwen/Qwen2.5-7B-Instruct,NVIDIA GeForce RTX 5060 Ti,42,MultiFieldQA-en,3,16,60,semantic,42.5545,0.0,42.2729,43.8116,0,1,0,0,10,194,215,189,15107391488,18555084800,14338695168,6.07,0.021,0.9,0.1,0.35,0.65,0.35,0.65
Qwen/Qwen2.5-7B-Instruct,NVIDIA GeForce RTX 5060 Ti,42,MultiFieldQA-en,3,16,61,structural,43.4754,43.7222,44.5445,0.0,0,0,0,1,149,405,405,405,65840947200,65840947200,65840947200,6.07,0.021,0.9,0.1,0.35,0.65,0.35,0.65
Qwen/Qwen2.5-7B-Instruct,NVIDIA GeForce RTX 5060 Ti,42,MultiFieldQA-en,3,16,62,semantic,66.2081,0.0,67.9174,0.0,0,1,0,1,136,392,392,392,61681958912,61681958912,61681958912,6.07,0.021,0.9,0.1,0.35,0.65,0.35,0.65
Qwen/Qwen2.5-7B-Instruct,NVIDIA GeForce RTX 5060 Ti,42,MultiFieldQA-en,3,16,63,multi-hop,43.7461,43.646,44.1201,0.0,0,0,0,1,68,296,324,290,35169763328,42138206208,33758412800,6.07,0.021,0.9,0.1,0.35,0.65,0.35,0.65
Qwen/Qwen2.5-7B-Instruct,NVIDIA GeForce RTX 5060 Ti,42,MultiFieldQA-en,3,16,64,multi-hop,48.9472,0.0,0.0,50.0336,0,1,1,0,144,400,379,400,64225280000,57658646528,64225280000,6.07,0.021,0.9,0.1,0.35,0.65,0.35,0.65
Qwen/Qwen2.5-7B-Instruct,NVIDIA GeForce RTX 5060 Ti,42,MultiFieldQA-en,3,16,65,multi-hop,71.4767,62.8374,64.8006,63.6819,0,0,0,0,5,41,38,38,674766848,579633152,579633152,6.07,0.021,0.9,0.1,0.35,0.65,0.35,0.65
Qwen/Qwen2.5-7B-Instruct,NVIDIA GeForce RTX 5060 Ti,42,MultiFieldQA-en,3,16,66,multi-hop,0.0,0.0,0.0,0.0,1,1,1,1,124,197,317,317,15578243072,40337088512,40337088512,6.07,0.021,0.9,0.1,0.35,0.65,0.35,0.65
Qwen/Qwen2.5-7B-Instruct,NVIDIA GeForce RTX 5060 Ti,42,MultiFieldQA-en,3,16,67,semantic,48.2247,0.0,51.1321,50.3061,0,1,0,0,27,277,283,283,30799634432,32148365312,32148365312,6.07,0.021,0.9,0.1,0.35,0.65,0.35,0.65
Qwen/Qwen2.5-7B-Instruct,NVIDIA GeForce RTX 5060 Ti,42,MultiFieldQA-en,3,16,68,structural,47.8778,49.0355,48.5868,48.6797,0,0,0,0,85,341,341,306,46676123648,46676123648,37586239488,6.07,0.021,0.9,0.1,0.35,0.65,0.35,0.65
Qwen/Qwen2.5-7B-Instruct,NVIDIA GeForce RTX 5060 Ti,42,MultiFieldQA-en,3,16,69,multi-hop,50.6823,0.0,51.4532,51.4989,0,1,0,0,111,367,365,365,54065242112,53477580800,53477580800,6.07,0.021,0.9,0.1,0.35,0.65,0.35,0.65
Qwen/Qwen2.5-7B-Instruct,NVIDIA GeForce RTX 5060 Ti,42,MultiFieldQA-en,3,16,70,structural,65.9788,66.7871,67.1649,66.7711,0,0,0,0,11,267,267,267,28615974912,28615974912,28615974912,6.07,0.021,0.9,0.1,0.35,0.65,0.35,0.65
Qwen/Qwen2.5-7B-Instruct,NVIDIA GeForce RTX 5060 Ti,42,MultiFieldQA-en,3,16,71,multi-hop,43.3753,43.2426,42.5582,0.0,0,0,0,1,47,217,270,196,18901901312,29262643200,15420489728,6.07,0.021,0.9,0.1,0.35,0.65,0.35,0.65
Qwen/Qwen2.5-7B-Instruct,NVIDIA GeForce RTX 5060 Ti,42,MultiFieldQA-en,3,16,72,semantic,65.3947,0.0,66.2914,0.0,0,1,0,1,127,383,383,383,58882138112,58882138112,58882138112,6.07,0.021,0.9,0.1,0.35,0.65,0.35,0.65
Qwen/Qwen2.5-7B-Instruct,NVIDIA GeForce RTX 5060 Ti,42,MultiFieldQA-en,3,16,73,multi-hop,48.6523,0.0,49.7495,0.0,0,1,0,1,143,399,399,399,63904555008,63904555008,63904555008,6.07,0.021,0.9,0.1,0.35,0.65,0.35,0.65
Qwen/Qwen2.5-7B-Instruct,NVIDIA GeForce RTX 5060 Ti,42,MultiFieldQA-en,3,16,74,multi-hop,48.1084,0.0,0.0,49.9738,0,1,1,0,73,308,329,299,38079168512,43448803328,35886276608,6.07,0.021,0.9,0.1,0.35,0.65,0.35,0.65
Qwen/Qwen2.5-7B-Instruct,NVIDIA GeForce RTX 5060 Ti,42,MultiFieldQA-en,3,16,75,structural,43.2306,43.2887,43.2275,42.8361,0,0,0,0,109,365,365,365,53477580800,53477580800,53477580800,6.07,0.021,0.9,0.1,0.35,0.65,0.35,0.65
Qwen/Qwen2.5-7B-Instruct,NVIDIA GeForce RTX 5060 Ti,42,MultiFieldQA-en,3,16,76,multi-hop,47.4654,0.0,48.3069,53.8508,0,1,0,0,125,381,381,381,58268786688,58268786688,58268786688,6.07,0.021,0.9,0.1,0.35,0.65,0.35,0.65
Qwen/Qwen2.5-7B-Instruct,NVIDIA GeForce RTX 5060 Ti,42,MultiFieldQA-en,3,16,77,semantic,49.334,0.0,49.5494,49.6413,0,1,0,0,110,366,337,366,53771010048,45587505152,53771010048,6.07,0.021,0.9,0.1,0.35,0.65,0.35,0.65
Qwen/Qwen2.5-7B-Instruct,NVIDIA GeForce RTX 5060 Ti,42,MultiFieldQA-en,3,16,78,semantic,42.7152,0.0,43.2369,45.131,0,1,0,0,45,156,301,301,9768665088,36367966208,36367966208,6.07,0.021,0.9,0.1,0.35,0.65,0.35,0.65
Qwen/Qwen2.5-7B-Instruct,NVIDIA GeForce RTX 5060 Ti,42,MultiFieldQA-en,3,16,79,semantic,43.9757,0.0,0.0,0.0,0,1,1,1,37,245,281,239,24094515200,31695577088,22928826368,6.07,0.021,0.9,0.1,0.35,0.65,0.35,0.65
Qwen/Qwen2.5-7B-Instruct,NVIDIA GeForce RTX 5060 Ti,42,MultiFieldQA-en,3,16,80,structural,66.3432,66.7681,71.7525,73.3278,0,0,0,0,96,352,352,352,49736056832,49736056832,49736056832,6.07,0.021,0.9,0.1,0.35,0.65,0.35,0.65
Qwen/Qwen2.5-7B-Instruct,NVIDIA GeForce RTX 5060 Ti,42,MultiFieldQA-en,3,16,81,multi-hop,70.2015,73.4563,0.0,0.0,0,0,1,1,23,279,279,279,31246000128,31246000128,31246000128,6.07,0.021,0.9,0.1,0.35,0.65,0.35,0.65
Qwen/Qwen2.5-7B-Instruct,NVIDIA GeForce RTX 5060 Ti,42,MultiFieldQA-en,3,16,82,multi-hop,54.9924,55.589,59.3282,51.117,0,0,0,0,101,339,308,308,46130208768,38079168512,38079168512,6.07,0.021,0.9,0.1,0.35,0.65,0.35,0.65
Qwen/Qwen2.5-7B-Instruct,NVIDIA GeForce RTX 5060 Ti,42,MultiFieldQA-en,3,16,83,structural,49.8384,52.3462,0.0,0.0,0,0,1,1,13,269,269,269,29046284288,29046284288,29046284288,6.07,0.021,0.9,0.1,0.35,0.65,0.35,0.65
Qwen/Qwen2.5-7B-Instruct,NVIDIA GeForce RTX 5060 Ti,42,MultiFieldQA-en,3,16,84,semantic,50.2541,0.0,52.7838,0.0,0,1,0,1,83,339,339,339,46130208768,46130208768,46130208768,6.07,0.021,0.9,0.1,0.35,0.65,0.35,0.65
Qwen/Qwen2.5-7B-Instruct,NVIDIA GeForce RTX 5060 Ti,42,MultiFieldQA-en,3,16,85,semantic,49.7401,0.0,0.0,0.0,0,1,1,1,91,347,325,347,48333135872,42398720000,48333135872,6.07,0.021,0.9,0.1,0.35,0.65,0.35,0.65
Qwen/Qwen2.5-7B-Instruct,NVIDIA GeForce RTX 5060 Ti,42,MultiFieldQA-en,3,16,86,multi-hop,43.3575,0.0,44.6739,44.0056,0,1,0,0,21,217,277,277,18901901312,30799634432,30799634432,6.07,0.021,0.9,0.1,0.35,0.65,0.35,0.65
Qwen/Qwen2.5-7B-Instruct,NVIDIA GeForce RTX 5060 Ti,42,MultiFieldQA-en,3,16,87,multi-hop,55.9291,0.0,0.0,0.0,0,1,1,1,114,370,370,370,54952755200,54952755200,54952755200,6.07,0.021,0.9,0.1,0.35,0.65,0.35,0.65
Qwen/Qwen2.5-7B-Instruct,NVIDIA GeForce RTX 5060 Ti,42,MultiFieldQA-en,3,16,88,multi-hop,51.2262,52.5608,68.0842,50.2623,0,0,0,0,25,281,281,281,31695577088,31695577088,31695577088,6.07,0.021,0.9,0.1,0.35,0.65,0.35,0.65
Qwen/Qwen2.5-7B-Instruct,NVIDIA GeForce RTX 5060 Ti,42,MultiFieldQA-en,3,16,89,multi-hop,51.0434,0.0,0.0,51.2307,0,1,1,0,85,268,341,341,28830728192,46676123648,46676123648,6.07,0.021,0.9,0.1,0.35,0.65,0.35,0.65
Qwen/Qwen2.5-7B-Instruct,NVIDIA GeForce RTX 5060 Ti,42,MultiFieldQA-en,3,16,90,semantic,57.9962,0.0,53.4013,51.4725,0,1,0,0,94,350,350,350,49172480000,49172480000,49172480000,6.07,0.021,0.9,0.1,0.35,0.65,0.35,0.65
Qwen/Qwen2.5-7B-Instruct,NVIDIA GeForce RTX 5060 Ti,42,MultiFieldQA-en,3,16,91,multi-hop,50.8107,52.3744,52.4592,51.7655,0,0,0,0,87,343,343,343,47225249792,47225249792,47225249792,6.07,0.021,0.9,0.1,0.35,0.65,0.35,0.65
Qwen/Qwen2.5-7B-Instruct,NVIDIA GeForce RTX 5060 Ti,42,MultiFieldQA-en,3,16,92,semantic,93.8389,0.0,88.6503,94.5499,0,1,0,0,4,260,260,260,27135180800,27135180800,27135180800,6.07,0.021,0.9,0.1,0.35,0.65,0.35,0.65
Qwen/Qwen2.5-7B-Instruct,NVIDIA GeForce RTX 5060 Ti,42,MultiFieldQA-en,3,16,93,semantic,0.0,0.0,0.0,0.0,1,1,1,1,100,356,329,356,50872844288,43448803328,50872844288,6.07,0.021,0.9,0.1,0.35,0.65,0.35,0.65
Qwen/Qwen2.5-7B-Instruct,NVIDIA GeForce RTX 5060 Ti,42,MultiFieldQA-en,3,16,94,semantic,50.3375,0.0,50.9751,51.965,0,1,0,0,127,383,313,313,58882138112,39325540352,39325540352,6.07,0.021,0.9,0.1,0.35,0.65,0.35,0.65
Qwen/Qwen2.5-7B-Instruct,NVIDIA GeForce RTX 5060 Ti,42,MultiFieldQA-en,3,16,95,semantic,50.9846,0.0,51.7362,50.6898,0,1,0,0,101,339,308,341,46130208768,38079168512,46676123648,6.07,0.021,0.9,0.1,0.35,0.65,0.35,0.65
Qwen/Qwen2.5-7B-Instruct,NVIDIA GeForce RTX 5060 Ti,42,MultiFieldQA-en,3,16,96,multi-hop,0.0,56.645,0.0,0.0,1,0,1,1,114,370,370,370,54952755200,54952755200,54952755200,6.07,0.021,0.9,0.1,0.35,0.65,0.35,0.65
Qwen/Qwen2.5-7B-Instruct,NVIDIA GeForce RTX 5060 Ti,42,MultiFieldQA-en,3,16,97,structural,49.7571,0.0,50.4068,49.6735,0,1,0,0,86,342,342,342,46950285312,46950285312,46950285312,6.07,0.021,0.9,0.1,0.35,0.65,0.35,0.65
Qwen/Qwen2.5-7B-Instruct,NVIDIA GeForce RTX 5060 Ti,42,MultiFieldQA-en,3,16,98,multi-hop,43.3499,0.0,0.0,44.0488,0,1,1,0,73,237,305,306,22546685952,37340979200,37586239488,6.07,0.021,0.9,0.1,0.35,0.65,0.35,0.65
Qwen/Qwen2.5-7B-Instruct,NVIDIA GeForce RTX 5060 Ti,42,MultiFieldQA-en,3,16,99,semantic,48.8339,0.0,0.0,0.0,0,1,1,1,114,370,370,370,54952755200,54952755200,54952755200,6.07,0.021,0.9,0.1,0.35,0.65,0.35,0.65
Qwen/Qwen2.5-7B-Instruct,NVIDIA GeForce RTX 5060 Ti,42,MultiFieldQA-en,3,16,100,semantic,65.0124,0.0,67.9559,67.3677,0,1,0,0,138,394,394,394,62312972288,62312972288,62312972288,6.07,0.021,0.9,0.1,0.35,0.65,0.35,0.65
Qwen/Qwen2.5-7B-Instruct,NVIDIA GeForce RTX 5060 Ti,42,MultiFieldQA-en,3,16,101,multi-hop,70.9104,67.6544,67.1745,0.0,0,0,0,1,39,295,295,295,34932531200,34932531200,34932531200,6.07,0.021,0.9,0.1,0.35,0.65,0.35,0.65
Qwen/Qwen2.5-7B-Instruct,NVIDIA GeForce RTX 5060 Ti,42,MultiFieldQA-en,3,16,102,multi-hop,66.3443,0.0,67.3179,66.2844,0,1,0,0,158,414,414,414,68799725568,68799725568,68799725568,6.07,0.021,0.9,0.1,0.35,0.65,0.35,0.65
Qwen/Qwen2.5-7B-Instruct,NVIDIA GeForce RTX 5060 Ti,42,MultiFieldQA-en,3,16,103,semantic,49.4037,0.0,0.0,0.0,0,1,1,1,78,334,314,314,44779470848,39577223168,39577223168,6.07,0.021,0.9,0.1,0.35,0.65,0.35,0.65
Qwen/Qwen2.5-7B-Instruct,NVIDIA GeForce RTX 5060 Ti,42,MultiFieldQA-en,3,16,104,multi-hop,49.1046,0.0,49.0436,50.0851,0,1,0,0,109,365,365,365,53477580800,53477580800,53477580800,6.07,0.021,0.9,0.1,0.35,0.65,0.35,0.65
Qwen/Qwen2.5-7B-Instruct,NVIDIA GeForce RTX 5060 Ti,42,MultiFieldQA-en,3,16,105,semantic,48.9246,0.0,50.4837,0.0,0,1,0,1,142,398,398,352,63584632832,63584632832,49736056832,6.07,0.021,0.9,0.1,0.35,0.65,0.35,0.65
Qwen/Qwen2.5-7B-Instruct,NVIDIA GeForce RTX 5060 Ti,42,MultiFieldQA-en,3,16,106,semantic,54.3385,0.0,0.0,0.0,0,1,1,1,103,332,286,332,44244795392,32833568768,44244795392,6.07,0.021,0.9,0.1,0.35,0.65,0.35,0.65
Qwen/Qwen2.5-7B-Instruct,NVIDIA GeForce RTX 5060 Ti,42,MultiFieldQA-en,3,16,107,structural,64.1076,64.7302,0.0,0.0,0,0,1,1,1,6,6,6,14450688,14450688,14450688,6.07,0.021,0.9,0.1,0.35,0.65,0.35,0.65
Qwen/Qwen2.5-7B-Instruct,NVIDIA GeForce RTX 5060 Ti,42,MultiFieldQA-en,3,16,108,structural,40.9071,0.0,0.0,0.0,0,1,1,1,107,258,257,262,26719322112,26512596992,27554250752,6.07,0.021,0.9,0.1,0.35,0.65,0.35,0.65
Qwen/Qwen2.5-7B-Instruct,NVIDIA GeForce RTX 5060 Ti,42,MultiFieldQA-en,3,16,109,multi-hop,50.5737,0.0,0.0,0.0,0,1,1,1,86,342,342,342,46950285312,46950285312,46950285312,6.07,0.021,0.9,0.1,0.35,0.65,0.35,0.65
Qwen/Qwen2.5-7B-Instruct,NVIDIA GeForce RTX 5060 Ti,42,MultiFieldQA-en,3,16,110,multi-hop,50.8995,52.3021,0.0,0.0,0,0,1,1,58,314,314,314,39577223168,39577223168,39577223168,6.07,0.021,0.9,0.1,0.35,0.65,0.35,0.65
Qwen/Qwen2.5-7B-Instruct,NVIDIA GeForce RTX 5060 Ti,42,MultiFieldQA-en,3,16,111,multi-hop,42.128,47.2043,42.6314,42.4042,0,0,0,0,113,369,369,369,54656114688,54656114688,54656114688,6.07,0.021,0.9,0.1,0.35,0.65,0.35,0.65
Qwen/Qwen2.5-7B-Instruct,NVIDIA GeForce RTX 5060 Ti,42,MultiFieldQA-en,3,16,112,semantic,50.2264,0.0,52.7798,52.7275,0,1,0,0,110,366,366,366,53771010048,53771010048,53771010048,6.07,0.021,0.9,0.1,0.35,0.65,0.35,0.65
Qwen/Qwen2.5-7B-Instruct,NVIDIA GeForce RTX 5060 Ti,42,MultiFieldQA-en,3,16,113,multi-hop,44.0473,0.0,0.0,0.0,0,1,1,1,97,231,231,245,21419532288,21419532288,24094515200,6.07,0.021,0.9,0.1,0.35,0.65,0.35,0.65
Qwen/Qwen2.5-7B-Instruct,NVIDIA GeForce RTX 5060 Ti,42,MultiFieldQA-en,3,16,114,multi-hop,68.4988,0.0,70.0421,69.7955,0,1,0,0,48,304,304,304,37096521728,37096521728,37096521728,6.07,0.021,0.9,0.1,0.35,0.65,0.35,0.65
Qwen/Qwen2.5-7B-Instruct,NVIDIA GeForce RTX 5060 Ti,42,MultiFieldQA-en,3,16,115,multi-hop,69.9804,69.5558,75.2608,70.4359,0,0,0,0,23,115,85,206,5308620800,2900172800,17034149888,6.07,0.021,0.9,0.1,0.35,0.65,0.35,0.65
Qwen/Qwen2.5-7B-Instruct,NVIDIA GeForce RTX 5060 Ti,42,MultiFieldQA-en,3,16,116,semantic,50.856,0.0,53.2942,50.9356,0,1,0,0,27,277,283,283,30799634432,32148365312,32148365312,6.07,0.021,0.9,0.1,0.35,0.65,0.35,0.65
Qwen/Qwen2.5-7B-Instruct,NVIDIA GeForce RTX 5060 Ti,42,MultiFieldQA-en,3,16,117,multi-hop,69.5096,0.0,69.4923,0.0,0,1,0,1,125,380,369,381,57963315200,54656114688,58268786688,6.07,0.021,0.9,0.1,0.35,0.65,0.35,0.65
Qwen/Qwen2.5-7B-Instruct,NVIDIA GeForce RTX 5060 Ti,42,MultiFieldQA-en,3,16,118,multi-hop,50.9566,0.0,51.0971,51.523,0,1,0,0,61,317,296,268,40337088512,35169763328,28830728192,6.07,0.021,0.9,0.1,0.35,0.65,0.35,0.65
Qwen/Qwen2.5-7B-Instruct,NVIDIA GeForce RTX 5060 Ti,42,MultiFieldQA-en,3,16,119,multi-hop,51.5957,53.6411,52.7073,52.2425,0,0,0,0,86,309,330,330,38326837248,43713331200,43713331200,6.07,0.021,0.9,0.1,0.35,0.65,0.35,0.65
Qwen/Qwen2.5-7B-Instruct,NVIDIA GeForce RTX 5060 Ti,42,MultiFieldQA-en,3,16,120,structural,50.5988,51.952,0.0,50.4492,0,0,1,0,55,301,311,298,36367966208,38824583168,35646636032,6.07,0.021,0.9,0.1,0.35,0.65,0.35,0.65
Qwen/Qwen2.5-7B-Instruct,NVIDIA GeForce RTX 5060 Ti,42,MultiFieldQA-en,3,16,121,multi-hop,69.0357,0.0,72.1039,71.4905,0,1,0,0,152,408,408,347,66819981312,66819981312,48333135872,6.07,0.021,0.9,0.1,0.35,0.65,0.35,0.65
Qwen/Qwen2.5-7B-Instruct,NVIDIA GeForce RTX 5060 Ti,42,MultiFieldQA-en,3,16,122,semantic,52.5285,0.0,0.0,0.0,0,1,1,1,108,364,330,364,53184954368,43713331200,53184954368,6.07,0.021,0.9,0.1,0.35,0.65,0.35,0.65
Qwen/Qwen2.5-7B-Instruct,NVIDIA GeForce RTX 5060 Ti,42,MultiFieldQA-en,3,16,123,semantic,59.7994,0.0,0.0,0.0,0,1,1,1,151,407,407,407,66492833792,66492833792,66492833792,6.07,0.021,0.9,0.1,0.35,0.65,0.35,0.65
Qwen/Qwen2.5-7B-Instruct,NVIDIA GeForce RTX 5060 Ti,42,MultiFieldQA-en,3,16,124,multi-hop,48.319,0.0,0.0,0.0,0,1,1,1,91,347,347,347,48333135872,48333135872,48333135872,6.07,0.021,0.9,0.1,0.35,0.65,0.35,0.65
Qwen/Qwen2.5-7B-Instruct,NVIDIA GeForce RTX 5060 Ti,42,MultiFieldQA-en,3,16,125,semantic,48.2036,0.0,0.0,0.0,0,1,1,1,96,270,270,270,29262643200,29262643200,29262643200,6.07,0.021,0.9,0.1,0.35,0.65,0.35,0.65
Qwen/Qwen2.5-7B-Instruct,NVIDIA GeForce RTX 5060 Ti,42,MultiFieldQA-en,3,16,126,semantic,67.4795,0.0,67.56,68.9305,0,1,0,0,125,381,381,381,58268786688,58268786688,58268786688,6.07,0.021,0.9,0.1,0.35,0.65,0.35,0.65
Qwen/Qwen2.5-7B-Instruct,NVIDIA GeForce RTX 5060 Ti,42,MultiFieldQA-en,3,16,127,multi-hop,50.965,49.6057,48.6987,52.5834,0,0,0,0,1,6,6,6,14450688,14450688,14450688,6.07,0.021,0.9,0.1,0.35,0.65,0.35,0.65
Qwen/Qwen2.5-7B-Instruct,NVIDIA GeForce RTX 5060 Ti,42,MultiFieldQA-en,3,16,128,multi-hop,43.4041,45.548,45.1719,43.6487,0,0,0,0,94,344,309,330,47501017088,38326837248,43713331200,6.07,0.021,0.9,0.1,0.35,0.65,0.35,0.65
Qwen/Qwen2.5-7B-Instruct,NVIDIA GeForce RTX 5060 Ti,42,MultiFieldQA-en,3,16,129,structural,43.2304,44.5099,45.2478,0.0,0,0,0,1,138,394,394,394,62312972288,62312972288,62312972288,6.07,0.021,0.9,0.1,0.35,0.65,0.35,0.65
Qwen/Qwen2.5-7B-Instruct,NVIDIA GeForce RTX 5060 Ti,42,MultiFieldQA-en,3,16,130,semantic,66.8319,0.0,66.3915,66.7983,0,1,0,0,114,370,370,370,54952755200,54952755200,54952755200,6.07,0.021,0.9,0.1,0.35,0.65,0.35,0.65
Qwen/Qwen2.5-7B-Instruct,NVIDIA GeForce RTX 5060 Ti,42,MultiFieldQA-en,3,16,131,semantic,66.5366,0.0,65.9444,66.1276,0,1,0,0,117,373,373,373,55847493632,55847493632,55847493632,6.07,0.021,0.9,0.1,0.35,0.65,0.35,0.65
Qwen/Qwen2.5-7B-Instruct,NVIDIA GeForce RTX 5060 Ti,42,MultiFieldQA-en,3,16,132,semantic,87.2524,0.0,97.0563,94.806,0,1,0,0,58,314,314,314,39577223168,39577223168,39577223168,6.07,0.021,0.9,0.1,0.35,0.65,0.35,0.65
Qwen/Qwen2.5-7B-Instruct,NVIDIA GeForce RTX 5060 Ti,42,MultiFieldQA-en,3,16,133,multi-hop,54.2688,0.0,53.328,53.7191,0,1,0,0,101,339,308,308,46130208768,38079168512,38079168512,6.07,0.021,0.9,0.1,0.35,0.65,0.35,0.65
Qwen/Qwen2.5-7B-Instruct,NVIDIA GeForce RTX 5060 Ti,42,MultiFieldQA-en,3,16,134,structural,54.0186,55.5481,0.0,0.0,0,0,1,1,99,355,355,355,50587443200,50587443200,50587443200,6.07,0.021,0.9,0.1,0.35,0.65,0.35,0.65
Qwen/Qwen2.5-7B-Instruct,NVIDIA GeForce RTX 5060 Ti,42,MultiFieldQA-en,3,16,135,multi-hop,73.7629,0.0,69.1694,69.7448,0,1,0,0,150,406,406,406,66166489088,66166489088,66166489088,6.07,0.021,0.9,0.1,0.35,0.65,0.35,0.65
Qwen/Qwen2.5-7B-Instruct,NVIDIA GeForce RTX 5060 Ti,42,MultiFieldQA-en,3,16,136,semantic,42.8087,0.0,44.5819,43.885,0,1,0,0,71,254,317,317,25897238528,40337088512,40337088512,6.07,0.021,0.9,0.1,0.35,0.65,0.35,0.65
Qwen/Qwen2.5-7B-Instruct,NVIDIA GeForce RTX 5060 Ti,42,MultiFieldQA-en,3,16,137,semantic,42.5958,0.0,45.0259,42.3963,0,1,0,0,15,138,239,238,7644413952,22928826368,22737354752,6.07,0.021,0.9,0.1,0.35,0.65,0.35,0.65
Qwen/Qwen2.5-7B-Instruct,NVIDIA GeForce RTX 5060 Ti,42,MultiFieldQA-en,3,16,138,semantic,55.2775,0.0,48.3318,48.6086,0,1,0,0,85,338,341,341,45858455552,46676123648,46676123648,6.07,0.021,0.9,0.1,0.35,0.65,0.35,0.65
Qwen/Qwen2.5-7B-Instruct,NVIDIA GeForce RTX 5060 Ti,42,MultiFieldQA-en,3,16,139,multi-hop,49.9885,51.4631,57.0399,51.5954,0,0,0,0,130,386,386,386,59808186368,59808186368,59808186368,6.07,0.021,0.9,0.1,0.35,0.65,0.35,0.65
Qwen/Qwen2.5-7B-Instruct,NVIDIA GeForce RTX 5060 Ti,42,MultiFieldQA-en,3,16,140,structural,0.0,69.8003,0.0,0.0,1,0,1,1,26,282,282,282,31921569792,31921569792,31921569792,6.07,0.021,0.9,0.1,0.35,0.65,0.35,0.65
Qwen/Qwen2.5-7B-Instruct,NVIDIA GeForce RTX 5060 Ti,42,MultiFieldQA-en,3,16,141,semantic,55.9848,0.0,48.8274,51.0341,0,1,0,0,102,358,249,274,51446054912,24887697408,30136107008,6.07,0.021,0.9,0.1,0.35,0.65,0.35,0.65
Qwen/Qwen2.5-7B-Instruct,NVIDIA GeForce RTX 5060 Ti,42,MultiFieldQA-en,3,16,142,multi-hop,51.5476,50.6276,49.6645,50.9685,0,0,0,0,1,6,6,6,14450688,14450688,14450688,6.07,0.021,0.9,0.1,0.35,0.65,0.35,0.65
Qwen/Qwen2.5-7B-Instruct,NVIDIA GeForce RTX 5060 Ti,42,MultiFieldQA-en,3,16,143,semantic,49.9357,0.0,51.7044,50.2628,0,1,0,0,156,412,412,412,68136599552,68136599552,68136599552,6.07,0.021,0.9,0.1,0.35,0.65,0.35,0.65
Qwen/Qwen2.5-7B-Instruct,NVIDIA GeForce RTX 5060 Ti,42,MultiFieldQA-en,3,16,144,multi-hop,0.0,0.0,0.0,0.0,1,1,1,1,102,358,249,339,51446054912,24887697408,46130208768,6.07,0.021,0.9,0.1,0.35,0.65,0.35,0.65
Qwen/Qwen2.5-7B-Instruct,NVIDIA GeForce RTX 5060 Ti,42,MultiFieldQA-en,3,16,145,multi-hop,49.9103,0.0,0.0,50.2498,0,1,1,0,65,321,321,321,41361481728,41361481728,41361481728,6.07,0.021,0.9,0.1,0.35,0.65,0.35,0.65
Qwen/Qwen2.5-7B-Instruct,NVIDIA GeForce RTX 5060 Ti,42,MultiFieldQA-en,3,16,146,multi-hop,50.9602,0.0,55.5868,54.0354,0,1,0,0,100,345,356,356,47777587200,50872844288,50872844288,6.07,0.021,0.9,0.1,0.35,0.65,0.35,0.65
Qwen/Qwen2.5-7B-Instruct,NVIDIA GeForce RTX 5060 Ti,42,MultiFieldQA-en,3,16,147,multi-hop,52.3133,0.0,0.0,54.5858,0,1,1,0,103,332,286,290,44244795392,32833568768,33758412800,6.07,0.021,0.9,0.1,0.35,0.65,0.35,0.65
Qwen/Qwen2.5-7B-Instruct,NVIDIA GeForce RTX 5060 Ti,42,MultiFieldQA-en,3,16,148,multi-hop,90.1921,92.9183,87.7191,87.2944,0,0,0,0,146,402,402,402,64869138432,64869138432,64869138432,6.07,0.021,0.9,0.1,0.35,0.65,0.35,0.65
Qwen/Qwen2.5-7B-Instruct,NVIDIA GeForce RTX 5060 Ti,42,MultiFieldQA-en,3,16,149,multi-hop,50.0277,50.8691,50.862,50.8562,0,0,0,0,65,321,269,306,41361481728,29046284288,37586239488,6.07,0.021,0.9,0.1,0.35,0.65,0.35,0.65
Qwen/Qwen2.5-7B-Instruct,NVIDIA GeForce RTX 5060 Ti,42,MultiFieldQA-en,3,16,150,semantic,58.6445,0.0,51.6525,50.9682,0,1,0,0,104,360,360,360,52022476800,52022476800,52022476800,6.07,0.021,0.9,0.1,0.35,0.65,0.35,0.65
Qwen/Qwen2.5-7B-Instruct,NVIDIA GeForce RTX 5060 Ti,42,MultiFieldQA-en,3,16,151,structural,44.5201,45.3837,45.2221,45.2231,0,0,0,0,114,370,370,370,54952755200,54952755200,54952755200,6.07,0.021,0.9,0.1,0.35,0.65,0.35,0.65
Qwen/Qwen2.5-7B-Instruct,NVIDIA GeForce RTX 5060 Ti,42,MultiFieldQA-en,3,16,152,structural,51.0725,52.9368,0.0,0.0,0,0,1,1,95,351,351,351,49453867008,49453867008,49453867008,6.07,0.021,0.9,0.1,0.35,0.65,0.35,0.65
Qwen/Qwen2.5-7B-Instruct,NVIDIA GeForce RTX 5060 Ti,42,MultiFieldQA-en,3,16,153,structural,56.1551,49.1527,48.9683,48.9765,0,0,0,0,1,6,6,6,14450688,14450688,14450688,6.07,0.021,0.9,0.1,0.35,0.65,0.35,0.65
Qwen/Qwen2.5-7B-Instruct,NVIDIA GeForce RTX 5060 Ti,42,MultiFieldQA-en,3,16,154,multi-hop,0.0,0.0,0.0,0.0,1,1,1,1,114,370,370,370,54952755200,54952755200,54952755200,6.07,0.021,0.9,0.1,0.35,0.65,0.35,0.65
Qwen/Qwen2.5-7B-Instruct,NVIDIA GeForce RTX 5060 Ti,42,MultiFieldQA-en,3,16,155,multi-hop,0.0,0.0,0.0,0.0,1,1,1,1,107,363,363,363,52893130752,52893130752,52893130752,6.07,0.021,0.9,0.1,0.35,0.65,0.35,0.65
Qwen/Qwen2.5-7B-Instruct,NVIDIA GeForce RTX 5060 Ti,42,MultiFieldQA-en,3,16,156,structural,49.8926,51.4614,0.0,0.0,0,0,1,1,88,333,344,344,44511731712,47501017088,47501017088,6.07,0.021,0.9,0.1,0.35,0.65,0.35,0.65
Qwen/Qwen2.5-7B-Instruct,NVIDIA GeForce RTX 5060 Ti,42,MultiFieldQA-en,3,16,157,multi-hop,39.5612,0.0,39.6861,38.9278,0,1,0,0,1,6,6,6,14450688,14450688,14450688,6.07,0.021,0.9,0.1,0.35,0.65,0.35,0.65
Qwen/Qwen2.5-7B-Instruct,NVIDIA GeForce RTX 5060 Ti,42,MultiFieldQA-en,3,16,158,multi-hop,67.4468,0.0,69.7784,69.7627,0,1,0,0,163,419,419,404,70471589888,70471589888,65516208128,6.07,0.021,0.9,0.1,0.35,0.65,0.35,0.65
Qwen/Qwen2.5-7B-Instruct,NVIDIA GeForce RTX 5060 Ti,42,MultiFieldQA-en,3,16,159,structural,45.0571,44.7956,45.1119,43.8441,0,0,0,0,78,334,314,260,44779470848,39577223168,27135180800,6.07,0.021,0.9,0.1,0.35,0.65,0.35,0.65
Qwen/Qwen2.5-7B-Instruct,NVIDIA GeForce RTX 5060 Ti,42,MultiFieldQA-en,3,16,160,semantic,48.5403,0.0,50.5686,54.1539,0,1,0,0,122,378,378,378,57354780672,57354780672,57354780672,6.07,0.021,0.9,0.1,0.35,0.65,0.35,0.65
Qwen/Qwen2.5-7B-Instruct,NVIDIA GeForce RTX 5060 Ti,42,MultiFieldQA-en,3,16,161,multi-hop,50.4809,0.0,48.0242,43.8859,0,1,0,0,86,306,329,342,37586239488,43448803328,46950285312,6.07,0.021,0.9,0.1,0.35,0.65,0.35,0.65
Qwen/Qwen2.5-7B-Instruct,NVIDIA GeForce RTX 5060 Ti,42,MultiFieldQA-en,3,16,162,multi-hop,51.8381,51.9803,52.1032,50.8192,0,0,0,0,92,348,348,328,48612114432,48612114432,43185078272,6.07,0.021,0.9,0.1,0.35,0.65,0.35,0.65
Qwen/Qwen2.5-7B-Instruct,NVIDIA GeForce RTX 5060 Ti,42,MultiFieldQA-en,3,16,163,multi-hop,43.6278,44.6259,46.0745,0.0,0,0,0,1,158,414,414,414,68799725568,68799725568,68799725568,6.07,0.021,0.9,0.1,0.35,0.65,0.35,0.65
Qwen/Qwen2.5-7B-Instruct,NVIDIA GeForce RTX 5060 Ti,42,MultiFieldQA-en,3,16,164,semantic,0.0,0.0,39.9657,40.1588,1,1,0,0,1,6,6,6,14450688,14450688,14450688,6.07,0.021,0.9,0.1,0.35,0.65,0.35,0.65
Qwen/Qwen2.5-7B-Instruct,NVIDIA GeForce RTX 5060 Ti,42,MultiFieldQA-en,3,16,165,multi-hop,49.137,0.0,0.0,51.2963,0,1,1,0,91,347,325,334,48333135872,42398720000,44779470848,6.07,0.021,0.9,0.1,0.35,0.65,0.35,0.65
Qwen/Qwen2.5-7B-Instruct,NVIDIA GeForce RTX 5060 Ti,42,MultiFieldQA-en,3,16,166,multi-hop,44.9083,0.0,0.0,51.0819,0,1,1,0,35,115,115,291,5308620800,5308620800,33991630848,6.07,0.021,0.9,0.1,0.35,0.65,0.35,0.65
Qwen/Qwen2.5-7B-Instruct,NVIDIA GeForce RTX 5060 Ti,42,MultiFieldQA-en,3,16,167,multi-hop,50.583,50.5053,50.4872,49.2626,0,0,0,0,1,6,6,6,14450688,14450688,14450688,6.07,0.021,0.9,0.1,0.35,0.65,0.35,0.65
Qwen/Qwen2.5-7B-Instruct,NVIDIA GeForce RTX 5060 Ti,42,MultiFieldQA-en,3,16,168,semantic,55.8415,0.0,0.0,0.0,0,1,1,1,106,362,349,362,52602109952,48891895808,52602109952,6.07,0.021,0.9,0.1,0.35,0.65,0.35,0.65
Qwen/Qwen2.5-7B-Instruct,NVIDIA GeForce RTX 5060 Ti,42,MultiFieldQA-en,3,16,169,multi-hop,0.0,0.0,0.0,0.0,1,1,1,1,136,392,392,253,61681958912,61681958912,25693724672,6.07,0.021,0.9,0.1,0.35,0.65,0.35,0.65
Qwen/Qwen2.5-7B-Instruct,NVIDIA GeForce RTX 5060 Ti,42,MultiFieldQA-en,3,16,170,multi-hop,67.6149,70.7798,69.4969,69.7892,0,0,0,0,150,406,406,406,66166489088,66166489088,66166489088,6.07,0.021,0.9,0.1,0.35,0.65,0.35,0.65
Qwen/Qwen2.5-7B-Instruct,NVIDIA GeForce RTX 5060 Ti,42,MultiFieldQA-en,3,16,171,multi-hop,0.0,0.0,40.1247,39.5151,1,1,0,0,1,6,6,6,14450688,14450688,14450688,6.07,0.021,0.9,0.1,0.35,0.65,0.35,0.65
Qwen/Qwen2.5-7B-Instruct,NVIDIA GeForce RTX 5060 Ti,42,MultiFieldQA-en,3,16,172,structural,43.8855,45.4289,44.1686,44.4383,0,0,0,0,92,348,348,328,48612114432,48612114432,43185078272,6.07,0.021,0.9,0.1,0.35,0.65,0.35,0.65
Qwen/Qwen2.5-7B-Instruct,NVIDIA GeForce RTX 5060 Ti,42,MultiFieldQA-en,3,16,173,multi-hop,54.352,50.0306,50.5706,0.0,0,0,0,1,19,190,275,275,14490828800,30356480000,30356480000,6.07,0.021,0.9,0.1,0.35,0.65,0.35,0.65
Qwen/Qwen2.5-7B-Instruct,NVIDIA GeForce RTX 5060 Ti,42,MultiFieldQA-en,3,16,174,semantic,51.017,0.0,57.4586,0.0,0,1,0,1,86,342,342,342,46950285312,46950285312,46950285312,6.07,0.021,0.9,0.1,0.35,0.65,0.35,0.65
Qwen/Qwen2.5-7B-Instruct,NVIDIA GeForce RTX 5060 Ti,42,MultiFieldQA-en,3,16,175,multi-hop,48.9513,50.96,0.0,0.0,0,0,1,1,106,362,349,323,52602109952,48891895808,41878495232,6.07,0.021,0.9,0.1,0.35,0.65,0.35,0.65
Qwen/Qwen2.5-7B-Instruct,NVIDIA GeForce RTX 5060 Ti,42,MultiFieldQA-en,3,16,176,multi-hop,50.2094,0.0,51.8701,51.1948,0,1,0,0,110,366,366,366,53771010048,53771010048,53771010048,6.07,0.021,0.9,0.1,0.35,0.65,0.35,0.65
Qwen/Qwen2.5-7B-Instruct,NVIDIA GeForce RTX 5060 Ti,42,MultiFieldQA-en,3,16,177,multi-hop,51.6065,0.0,0.0,57.336,0,1,1,0,81,318,302,326,40591982592,36610015232,42660036608,6.07,0.021,0.9,0.1,0.35,0.65,0.35,0.65
Qwen/Qwen2.5-7B-Instruct,NVIDIA GeForce RTX 5060 Ti,42,MultiFieldQA-en,3,16,178,structural,67.5922,70.2117,69.0888,69.725,0,0,0,0,21,198,198,277,15736799232,15736799232,30799634432,6.07,0.021,0.9,0.1,0.35,0.65,0.35,0.65
Qwen/Qwen2.5-7B-Instruct,NVIDIA GeForce RTX 5060 Ti,42,MultiFieldQA-en,3,16,179,structural,62.7298,0.0,0.0,0.0,0,1,1,1,119,375,375,375,56448000000,56448000000,56448000000,6.07,0.021,0.9,0.1,0.35,0.65,0.35,0.65
Qwen/Qwen2.5-7B-Instruct,NVIDIA GeForce RTX 5060 Ti,42,MultiFieldQA-en,3,16,180,semantic,0.0,0.0,0.0,0.0,1,1,1,1,116,372,372,372,55548444672,55548444672,55548444672,6.07,0.021,0.9,0.1,0.35,0.65,0.35,0.65
Qwen/Qwen2.5-7B-Instruct,NVIDIA GeForce RTX 5060 Ti,42,MultiFieldQA-en,3,16,181,structural,55.9665,53.4728,0.0,53.2678,0,0,1,0,142,398,398,398,63584632832,63584632832,63584632832,6.07,0.021,0.9,0.1,0.35,0.65,0.35,0.65
Qwen/Qwen2.5-7B-Instruct,NVIDIA GeForce RTX 5060 Ti,42,MultiFieldQA-en,3,16,182,multi-hop,51.5059,0.0,55.4845,51.1468,0,1,0,0,68,316,281,290,40082997248,31695577088,33758412800,6.07,0.021,0.9,0.1,0.35,0.65,0.35,0.65
Qwen/Qwen2.5-7B-Instruct,NVIDIA GeForce RTX 5060 Ti,42,MultiFieldQA-en,3,16,183,multi-hop,41.1812,0.0,0.0,0.0,0,1,1,1,1,6,6,53,14450688,14450688,1127555072,6.07,0.021,0.9,0.1,0.35,0.65,0.35,0.65
Qwen/Qwen2.5-7B-Instruct,NVIDIA GeForce RTX 5060 Ti,42,MultiFieldQA-en,3,16,184,structural,58.0782,51.8875,51.2245,52.3474,0,0,0,0,60,316,316,316,40082997248,40082997248,40082997248,6.07,0.021,0.9,0.1,0.35,0.65,0.35,0.65
Qwen/Qwen2.5-7B-Instruct,NVIDIA GeForce RTX 5060 Ti,42,MultiFieldQA-en,3,16,185,multi-hop,49.5494,0.0,53.0068,50.3388,0,1,0,0,51,307,307,307,37832302592,37832302592,37832302592,6.07,0.021,0.9,0.1,0.35,0.65,0.35,0.65
Qwen/Qwen2.5-7B-Instruct,NVIDIA GeForce RTX 5060 Ti,42,MultiFieldQA-en,3,16,186,semantic,44.7161,0.0,46.5835,46.1622,0,1,0,0,84,289,340,340,33525997568,46402764800,46402764800,6.07,0.021,0.9,0.1,0.35,0.65,0.35,0.65
Qwen/Qwen2.5-7B-Instruct,NVIDIA GeForce RTX 5060 Ti,42,MultiFieldQA-en,3,16,187,multi-hop,67.626,70.7242,70.9748,0.0,0,0,0,1,99,349,355,355,48891895808,50587443200,50587443200,6.07,0.021,0.9,0.1,0.35,0.65,0.35,0.65
Qwen/Qwen2.5-7B-Instruct,NVIDIA GeForce RTX 5060 Ti,42,MultiFieldQA-en,3,16,188,multi-hop,44.8147,0.0,48.9776,46.3282,0,1,0,0,15,138,239,271,7644413952,22928826368,29479804928,6.07,0.021,0.9,0.1,0.35,0.65,0.35,0.65
Qwen/Qwen2.5-7B-Instruct,NVIDIA GeForce RTX 5060 Ti,42,MultiFieldQA-en,3,16,189,structural,45.1687,43.6529,44.8517,43.1491,0,0,0,0,11,267,267,267,28615974912,28615974912,28615974912,6.07,0.021,0.9,0.1,0.35,0.65,0.35,0.65
Qwen/Qwen2.5-7B-Instruct,NVIDIA GeForce RTX 5060 Ti,42,MultiFieldQA-en,3,16,190,structural,48.7381,53.7937,50.6763,51.0665,0,0,0,0,106,362,349,323,52602109952,48891895808,41878495232,6.07,0.021,0.9,0.1,0.35,0.65,0.35,0.65
Qwen/Qwen2.5-7B-Instruct,NVIDIA GeForce RTX 5060 Ti,42,MultiFieldQA-en,3,16,191,structural,49.2524,0.0,54.0686,51.8018,0,1,0,0,112,368,368,368,54360276992,54360276992,54360276992,6.07,0.021,0.9,0.1,0.35,0.65,0.35,0.65
Qwen/Qwen2.5-7B-Instruct,NVIDIA GeForce RTX 5060 Ti,42,MultiFieldQA-en,3,16,192,multi-hop,47.0639,0.0,0.0,0.0,0,1,1,1,59,315,315,282,39829708800,39829708800,31921569792,6.07,0.021,0.9,0.1,0.35,0.65,0.35,0.65
Qwen/Qwen2.5-7B-Instruct,NVIDIA GeForce RTX 5060 Ti,42,MultiFieldQA-en,3,16,193,semantic,54.7393,0.0,51.6602,0.0,0,1,0,1,116,372,372,372,55548444672,55548444672,55548444672,6.07,0.021,0.9,0.1,0.35,0.65,0.35,0.65
Qwen/Qwen2.5-7B-Instruct,NVIDIA GeForce RTX 5060 Ti,42,MultiFieldQA-en,3,16,194,multi-hop,49.3833,51.4121,55.6914,49.1682,0,0,0,0,19,275,275,227,30356480000,30356480000,20684152832,6.07,0.021,0.9,0.1,0.35,0.65,0.35,0.65
Qwen/Qwen2.5-7B-Instruct,NVIDIA GeForce RTX 5060 Ti,42,MultiFieldQA-en,3,16,195,multi-hop,49.855,52.9418,51.7293,0.0,0,0,0,1,93,349,349,349,48891895808,48891895808,48891895808,6.07,0.021,0.9,0.1,0.35,0.65,0.35,0.65
Qwen/Qwen2.5-7B-Instruct,NVIDIA GeForce RTX 5060 Ti,42,MultiFieldQA-en,3,16,196,multi-hop,54.0945,0.0,50.571,51.4839,0,1,0,0,109,365,365,365,53477580800,53477580800,53477580800,6.07,0.021,0.9,0.1,0.35,0.65,0.35,0.65
Qwen/Qwen2.5-7B-Instruct,NVIDIA GeForce RTX 5060 Ti,42,MultiFieldQA-en,3,16,197,semantic,50.7978,0.0,0.0,0.0,0,1,1,1,80,336,336,336,45317357568,45317357568,45317357568,6.07,0.021,0.9,0.1,0.35,0.65,0.35,0.65
Qwen/Qwen2.5-7B-Instruct,NVIDIA GeForce RTX 5060 Ti,42,MultiFieldQA-en,3,16,198,semantic,48.1139,0.0,0.0,0.0,0,1,1,1,92,348,314,334,48612114432,39577223168,44779470848,6.07,0.021,0.9,0.1,0.35,0.65,0.35,0.65
Qwen/Qwen2.5-7B-Instruct,NVIDIA GeForce RTX 5060 Ti,42,MultiFieldQA-en,3,16,199,semantic,48.8112,0.0,49.286,0.0,0,1,0,1,76,332,332,332,44244795392,44244795392,44244795392,6.07,0.021,0.9,0.1,0.35,0.65,0.35,0.65
Qwen/Qwen2.5-7B-Instruct,NVIDIA GeForce RTX 5060 Ti,42,MultiFieldQA-en,3,16,200,multi-hop,40.001,39.8216,39.0273,39.0339,0,0,0,0,151,407,407,407,66492833792,66492833792,66492833792,6.07,0.021,0.9,0.1,0.35,0.65,0.35,0.65
Qwen/Qwen2.5-7B-Instruct,NVIDIA GeForce RTX 5060 Ti,42,MultiFieldQA-en,3,16,201,multi-hop,65.8421,0.0,67.7612,68.3006,0,1,0,0,138,394,394,394,62312972288,62312972288,62312972288,6.07,0.021,0.9,0.1,0.35,0.65,0.35,0.65
Qwen/Qwen2.5-7B-Instruct,NVIDIA GeForce RTX 5060 Ti,42,MultiFieldQA-en,3,16,202,semantic,47.9945,0.0,49.8458,47.6358,0,1,0,0,23,279,245,200,31246000128,24094515200,16056320000,6.07,0.021,0.9,0.1,0.35,0.65,0.35,0.65
Qwen/Qwen2.5-7B-Instruct,NVIDIA GeForce RTX 5060 Ti,42,MultiFieldQA-en,3,16,203,semantic,63.5535,0.0,0.0,0.0,0,1,1,1,53,309,309,309,38326837248,38326837248,38326837248,6.07,0.021,0.9,0.1,0.35,0.65,0.35,0.65
Qwen/Qwen2.5-7B-Instruct,NVIDIA GeForce RTX 5060 Ti,42,MultiFieldQA-en,3,16,204,multi-hop,47.0196,49.3843,0.0,0.0,0,0,1,1,104,360,344,299,52022476800,47501017088,35886276608,6.07,0.021,0.9,0.1,0.35,0.65,0.35,0.65
Qwen/Qwen2.5-7B-Instruct,NVIDIA GeForce RTX 5060 Ti,42,MultiFieldQA-en,3,16,205,multi-hop,48.3736,45.0399,46.0069,0.0,0,0,0,1,119,375,375,375,56448000000,56448000000,56448000000,6.07,0.021,0.9,0.1,0.35,0.65,0.35,0.65
Qwen/Qwen2.5-7B-Instruct,NVIDIA GeForce RTX 5060 Ti,42,MultiFieldQA-en,3,16,206,multi-hop,58.3302,0.0,50.4672,49.9945,0,1,0,0,105,361,361,361,52311891968,52311891968,52311891968,6.07,0.021,0.9,0.1,0.35,0.65,0.35,0.65
Qwen/Qwen2.5-7B-Instruct,NVIDIA GeForce RTX 5060 Ti,42,MultiFieldQA-en,3,16,207,multi-hop,49.3424,0.0,50.1348,58.5607,0,1,0,0,92,265,348,348,28188876800,48612114432,48612114432,6.07,0.021,0.9,0.1,0.35,0.65,0.35,0.65
Qwen/Qwen2.5-7B-Instruct,NVIDIA GeForce RTX 5060 Ti,42,MultiFieldQA-en,3,16,208,semantic,39.474,0.0,0.0,0.0,0,1,1,1,5,41,38,38,674766848,579633152,579633152,6.07,0.021,0.9,0.1,0.35,0.65,0.35,0.65
Qwen/Qwen2.5-7B-Instruct,NVIDIA GeForce RTX 5060 Ti,42,MultiFieldQA-en,3,16,209,semantic,43.4016,49.9423,44.538,44.4286,0,0,0,0,247,503,503,503,101559836672,101559836672,101559836672,6.07,0.021,0.9,0.1,0.35,0.65,0.35,0.65
Qwen/Qwen2.5-7B-Instruct,NVIDIA GeForce RTX 5060 Ti,42,MultiFieldQA-en,3,16,210,multi-hop,46.6437,0.0,47.6748,48.8171,0,1,0,0,78,334,289,299,44779470848,33525997568,35886276608,6.07,0.021,0.9,0.1,0.35,0.65,0.35,0.65
Qwen/Qwen2.5-7B-Instruct,NVIDIA GeForce RTX 5060 Ti,42,MultiFieldQA-en,3,16,211,multi-hop,53.257,48.7955,47.7281,48.3857,0,0,0,0,1,6,6,6,14450688,14450688,14450688,6.07,0.021,0.9,0.1,0.35,0.65,0.35,0.65
Qwen/Qwen2.5-7B-Instruct,NVIDIA GeForce RTX 5060 Ti,42,MultiFieldQA-en,3,16,212,semantic,53.1496,0.0,47.1705,47.1235,0,1,0,0,19,275,264,275,30356480000,27976531968,30356480000,6.07,0.021,0.9,0.1,0.35,0.65,0.35,0.65
Qwen/Qwen2.5-7B-Instruct,NVIDIA GeForce RTX 5060 Ti,42,MultiFieldQA-en,3,16,213,structural,48.1995,0.0,0.0,0.0,0,1,1,1,86,306,329,342,37586239488,43448803328,46950285312,6.07,0.021,0.9,0.1,0.35,0.65,0.35,0.65
Qwen/Qwen2.5-7B-Instruct,NVIDIA GeForce RTX 5060 Ti,42,MultiFieldQA-en,3,16,214,multi-hop,53.7263,0.0,52.8334,52.8714,0,1,0,0,77,328,254,298,43185078272,25897238528,35646636032,6.07,0.021,0.9,0.1,0.35,0.65,0.35,0.65
Qwen/Qwen2.5-7B-Instruct,NVIDIA GeForce RTX 5060 Ti,42,MultiFieldQA-en,3,16,215,multi-hop,54.7789,63.3277,0.0,0.0,0,0,1,1,92,348,348,348,48612114432,48612114432,48612114432,6.07,0.021,0.9,0.1,0.35,0.65,0.35,0.65
Qwen/Qwen2.5-7B-Instruct,NVIDIA GeForce RTX 5060 Ti,42,MultiFieldQA-en,3,16,216,multi-hop,51.5598,0.0,52.3077,50.445,0,1,0,0,101,357,357,357,51159048192,51159048192,51159048192,6.07,0.021,0.9,0.1,0.35,0.65,0.35,0.65
Qwen/Qwen2.5-7B-Instruct,NVIDIA GeForce RTX 5060 Ti,42,MultiFieldQA-en,3,16,217,semantic,53.2921,0.0,52.9527,53.7993,0,1,0,0,94,350,350,350,49172480000,49172480000,49172480000,6.07,0.021,0.9,0.1,0.35,0.65,0.35,0.65
Qwen/Qwen2.5-7B-Instruct,NVIDIA GeForce RTX 5060 Ti,42,MultiFieldQA-en,3,16,218,semantic,52.5757,0.0,53.1634,0.0,0,1,0,1,138,394,394,394,62312972288,62312972288,62312972288,6.07,0.021,0.9,0.1,0.35,0.65,0.35,0.65
Qwen/Qwen2.5-7B-Instruct,NVIDIA GeForce RTX 5060 Ti,42,MultiFieldQA-en,3,16,219,structural,39.8014,0.0,0.0,0.0,0,1,1,1,1,6,6,53,14450688,14450688,1127555072,6.07,0.021,0.9,0.1,0.35,0.65,0.35,0.65
Qwen/Qwen2.5-7B-Instruct,NVIDIA GeForce RTX 5060 Ti,42,MultiFieldQA-en,3,16,220,multi-hop,67.8922,0.0,0.0,0.0,0,1,1,1,11,267,267,267,28615974912,28615974912,28615974912,6.07,0.021,0.9,0.1,0.35,0.65,0.35,0.65
Qwen/Qwen2.5-7B-Instruct,NVIDIA GeForce RTX 5060 Ti,42,MultiFieldQA-en,3,16,221,semantic,50.9323,0.0,0.0,0.0,0,1,1,1,65,321,269,239,41361481728,29046284288,22928826368,6.07,0.021,0.9,0.1,0.35,0.65,0.35,0.65
Qwen/Qwen2.5-7B-Instruct,NVIDIA GeForce RTX 5060 Ti,42,MultiFieldQA-en,3,16,222,structural,49.9153,58.6562,50.9317,52.0501,0,0,0,0,142,398,394,398,63584632832,62312972288,63584632832,6.07,0.021,0.9,0.1,0.35,0.65,0.35,0.65
Qwen/Qwen2.5-7B-Instruct,NVIDIA GeForce RTX 5060 Ti,42,MultiFieldQA-en,3,16,223,multi-hop,68.8989,0.0,68.4879,68.6319,0,1,0,0,48,304,304,304,37096521728,37096521728,37096521728,6.07,0.021,0.9,0.1,0.35,0.65,0.35,0.65
Qwen/Qwen2.5-7B-Instruct,NVIDIA GeForce RTX 5060 Ti,42,MultiFieldQA-en,3,16,224,multi-hop,42.9072,45.8769,0.0,0.0,0,0,1,1,121,377,365,377,57051717632,53477580800,57051717632,6.07,0.021,0.9,0.1,0.35,0.65,0.35,0.65
Qwen/Qwen2.5-7B-Instruct,NVIDIA GeForce RTX 5060 Ti,42,MultiFieldQA-en,3,16,225,structural,42.7911,44.3605,43.9537,0.0,0,0,0,1,124,380,380,380,57963315200,57963315200,57963315200,6.07,0.021,0.9,0.1,0.35,0.65,0.35,0.65
Qwen/Qwen2.5-7B-Instruct,NVIDIA GeForce RTX 5060 Ti,42,MultiFieldQA-en,3,16,226,semantic,51.5622,0.0,0.0,0.0,0,1,1,1,37,245,281,239,24094515200,31695577088,22928826368,6.07,0.021,0.9,0.1,0.35,0.65,0.35,0.65
Qwen/Qwen2.5-7B-Instruct,NVIDIA GeForce RTX 5060 Ti,42,MultiFieldQA-en,3,16,227,semantic,69.3539,0.0,68.9884,69.4934,0,1,0,0,125,381,381,381,58268786688,58268786688,58268786688,6.07,0.021,0.9,0.1,0.35,0.65,0.35,0.65
Qwen/Qwen2.5-7B-Instruct,NVIDIA GeForce RTX 5060 Ti,42,MultiFieldQA-en,3,16,228,structural,47.1205,0.0,0.0,0.0,0,1,1,1,112,328,294,254,43185078272,34696101888,25897238528,6.07,0.021,0.9,0.1,0.35,0.65,0.35,0.65
Qwen/Qwen2.5-7B-Instruct,NVIDIA GeForce RTX 5060 Ti,42,MultiFieldQA-en,3,16,229,multi-hop,42.4007,0.0,43.8733,43.7869,0,1,0,0,45,156,301,295,9768665088,36367966208,34932531200,6.07,0.021,0.9,0.1,0.35,0.65,0.35,0.65
Qwen/Qwen2.5-7B-Instruct,NVIDIA GeForce RTX 5060 Ti,42,MultiFieldQA-en,3,16,230,structural,43.5275,49.6406,44.4921,43.6966,0,0,0,0,18,274,274,274,30136107008,30136107008,30136107008,6.07,0.021,0.9,0.1,0.35,0.65,0.35,0.65
Qwen/Qwen2.5-7B-Instruct,NVIDIA GeForce RTX 5060 Ti,42,MultiFieldQA-en,3,16,231,semantic,67.6921,0.0,0.0,0.0,0,1,1,1,177,433,433,433,75259584512,75259584512,75259584512,6.07,0.021,0.9,0.1,0.35,0.65,0.35,0.65
Qwen/Qwen2.5-7B-Instruct,NVIDIA GeForce RTX 5060 Ti,42,MultiFieldQA-en,3,16,232,structural,49.9443,52.3235,50.6344,51.9492,0,0,0,0,11,267,267,239,28615974912,28615974912,22928826368,6.07,0.021,0.9,0.1,0.35,0.65,0.35,0.65
Qwen/Qwen2.5-7B-Instruct,NVIDIA GeForce RTX 5060 Ti,42,MultiFieldQA-en,3,16,233,structural,50.4933,52.2986,52.2904,52.3959,0,0,0,0,92,348,348,328,48612114432,48612114432,43185078272,6.07,0.021,0.9,0.1,0.35,0.65,0.35,0.65
Qwen/Qwen2.5-7B-Instruct,NVIDIA GeForce RTX 5060 Ti,42,MultiFieldQA-en,3,16,234,semantic,68.6911,0.0,70.6237,71.2699,0,1,0,0,114,370,370,370,54952755200,54952755200,54952755200,6.07,0.021,0.9,0.1,0.35,0.65,0.35,0.65
Qwen/Qwen2.5-7B-Instruct,NVIDIA GeForce RTX 5060 Ti,42,MultiFieldQA-en,3,16,235,multi-hop,0.0,0.0,72.0017,0.0,1,1,0,1,125,381,381,381,58268786688,58268786688,58268786688,6.07,0.021,0.9,0.1,0.35,0.65,0.35,0.65
Qwen/Qwen2.5-7B-Instruct,NVIDIA GeForce RTX 5060 Ti,42,MultiFieldQA-en,3,16,236,multi-hop,56.9315,0.0,49.9937,49.1659,0,1,0,0,136,392,392,253,61681958912,61681958912,25693724672,6.07,0.021,0.9,0.1,0.35,0.65,0.35,0.65
Qwen/Qwen2.5-7B-Instruct,NVIDIA GeForce RTX 5060 Ti,42,MultiFieldQA-en,3,16,237,structural,51.4473,54.4659,0.0,0.0,0,0,1,1,88,312,278,322,39074660352,31022415872,41619587072,6.07,0.021,0.9,0.1,0.35,0.65,0.35,0.65
Qwen/Qwen2.5-7B-Instruct,NVIDIA GeForce RTX 5060 Ti,42,MultiFieldQA-en,3,16,238,multi-hop,48.368,50.3576,49.7911,0.0,0,0,0,1,43,209,244,264,17533902848,23898226688,27976531968,6.07,0.021,0.9,0.1,0.35,0.65,0.35,0.65
Qwen/Qwen2.5-7B-Instruct,NVIDIA GeForce RTX 5060 Ti,42,MultiFieldQA-en,3,16,239,structural,68.1932,70.0415,70.4156,69.3483,0,0,0,0,20,272,276,276,29697769472,30577655808,30577655808,6.07,0.021,0.9,0.1,0.35,0.65,0.35,0.65
Qwen/Qwen2.5-7B-Instruct,NVIDIA GeForce RTX 5060 Ti,42,MultiFieldQA-en,3,16,240,multi-hop,49.7587,0.0,0.0,52.2309,0,1,1,0,111,307,367,346,37832302592,54065242112,48054960128,6.07,0.021,0.9,0.1,0.35,0.65,0.35,0.65
Qwen/Qwen2.5-7B-Instruct,NVIDIA GeForce RTX 5060 Ti,42,MultiFieldQA-en,3,16,241,multi-hop,50.0941,0.0,0.0,0.0,0,1,1,1,122,378,378,378,57354780672,57354780672,57354780672,6.07,0.021,0.9,0.1,0.35,0.65,0.35,0.65
Qwen/Qwen2.5-7B-Instruct,NVIDIA GeForce RTX 5060 Ti,42,MultiFieldQA-en,3,16,242,multi-hop,50.3246,55.8144,51.3361,0.0,0,0,0,1,86,306,329,342,37586239488,43448803328,46950285312,6.07,0.021,0.9,0.1,0.35,0.65,0.35,0.65
Qwen/Qwen2.5-7B-Instruct,NVIDIA GeForce RTX 5060 Ti,42,MultiFieldQA-en,3,16,243,multi-hop,0.0,71.4599,70.0039,71.3134,1,0,0,0,23,279,279,279,31246000128,31246000128,31246000128,6.07,0.021,0.9,0.1,0.35,0.65,0.35,0.65
Qwen/Qwen2.5-7B-Instruct,NVIDIA GeForce RTX 5060 Ti,42,MultiFieldQA-en,3,16,244,semantic,90.4777,0.0,0.0,97.6083,0,1,1,0,289,545,545,545,119228211200,119228211200,119228211200,6.07,0.021,0.9,0.1,0.35,0.65,0.35,0.65
Qwen/Qwen2.5-7B-Instruct,NVIDIA GeForce RTX 5060 Ti,42,MultiFieldQA-en,3,16,245,multi-hop,68.4887,71.6719,69.5581,71.3468,0,0,0,0,83,311,339,318,38824583168,46130208768,40591982592,6.07,0.021,0.9,0.1,0.35,0.65,0.35,0.65
Qwen/Qwen2.5-7B-Instruct,NVIDIA GeForce RTX 5060 Ti,42,MultiFieldQA-en,3,16,246,structural,53.3104,61.2961,0.0,0.0,0,0,1,1,100,352,317,356,49736056832,40337088512,50872844288,6.07,0.021,0.9,0.1,0.35,0.65,0.35,0.65
Qwen/Qwen2.5-7B-Instruct,NVIDIA GeForce RTX 5060 Ti,42,MultiFieldQA-en,3,16,247,structural,51.9488,53.8789,0.0,0.0,0,0,1,1,37,293,293,293,34460475392,34460475392,34460475392,6.07,0.021,0.9,0.1,0.35,0.65,0.35,0.65
Qwen/Qwen2.5-7B-Instruct,NVIDIA GeForce RTX 5060 Ti,42,MultiFieldQA-en,3,16,248,semantic,52.5081,0.0,53.4408,52.1722,0,1,0,0,127,383,313,313,58882138112,39325540352,39325540352,6.07,0.021,0.9,0.1,0.35,0.65,0.35,0.65
Qwen/Qwen2.5-7B-Instruct,NVIDIA GeForce RTX 5060 Ti,42,MultiFieldQA-en,3,16,249,multi-hop,50.0886,0.0,52.6701,53.7841,0,1,0,0,33,289,289,289,33525997568,33525997568,33525997568,6.07,0.021,0.9,0.1,0.35,0.65,0.35,0.65
Qwen/Qwen2.5-7B-Instruct,NVIDIA GeForce RTX 5060 Ti,42,MultiFieldQA-en,3,16,250,semantic,72.1676,0.0,0.0,0.0,0,1,1,1,149,405,405,405,65840947200,65840947200,65840947200,6.07,0.021,0.9,0.1,0.35,0.65,0.35,0.65
Qwen/Qwen2.5-7B-Instruct,NVIDIA GeForce RTX 5060 Ti,42,MultiFieldQA-en,3,16,251,multi-hop,52.2696,53.4709,54.2523,54.4268,0,0,0,0,87,343,343,343,47225249792,47225249792,47225249792,6.07,0.021,0.9,0.1,0.35,0.65,0.35,0.65
Qwen/Qwen2.5-7B-Instruct,NVIDIA GeForce RTX 5060 Ti,42,MultiFieldQA-en,3,16,252,multi-hop,52.9653,0.0,0.0,0.0,0,1,1,1,86,342,342,342,46950285312,46950285312,46950285312,6.07,0.021,0.9,0.1,0.35,0.65,0.35,0.65
Qwen/Qwen2.5-7B-Instruct,NVIDIA GeForce RTX 5060 Ti,42,MultiFieldQA-en,3,16,253,multi-hop,58.7808,0.0,0.0,0.0,0,1,1,1,119,375,375,375,56448000000,56448000000,56448000000,6.07,0.021,0.9,0.1,0.35,0.65,0.35,0.65
Qwen/Qwen2.5-7B-Instruct,NVIDIA GeForce RTX 5060 Ti,42,MultiFieldQA-en,3,16,254,multi-hop,52.0677,50.5448,47.5328,49.7531,0,0,0,0,79,335,322,263,45048012800,41619587072,27764989952,6.07,0.021,0.9,0.1,0.35,0.65,0.35,0.65
Qwen/Qwen2.5-7B-Instruct,NVIDIA GeForce RTX 5060 Ti,42,MultiFieldQA-en,3,16,255,multi-hop,49.9558,50.7168,48.3401,50.5792,0,0,0,0,48,267,278,304,28615974912,31022415872,37096521728,6.07,0.021,0.9,0.1,0.35,0.65,0.35,0.65
Qwen/Qwen2.5-7B-Instruct,NVIDIA GeForce RTX 5060 Ti,42,MultiFieldQA-en,3,16,256,multi-hop,48.8213,49.612,49.3096,0.0,0,0,0,1,106,357,340,340,51159048192,46402764800,46402764800,6.07,0.021,0.9,0.1,0.35,0.65,0.35,0.65
Qwen/Qwen2.5-7B-Instruct,NVIDIA GeForce RTX 5060 Ti,42,MultiFieldQA-en,3,16,257,semantic,48.299,0.0,48.517,0.0,0,1,0,1,109,365,365,365,53477580800,53477580800,53477580800,6.07,0.021,0.9,0.1,0.35,0.65,0.35,0.65
Qwen/Qwen2.5-7B-Instruct,NVIDIA GeForce RTX 5060 Ti,42,MultiFieldQA-en,3,16,258,multi-hop,65.7185,0.0,66.648,66.6405,0,1,0,0,48,304,304,304,37096521728,37096521728,37096521728,6.07,0.021,0.9,0.1,0.35,0.65,0.35,0.65
Qwen/Qwen2.5-7B-Instruct,NVIDIA GeForce RTX 5060 Ti,42,MultiFieldQA-en,3,16,259,multi-hop,41.1189,0.0,44.0661,44.3429,0,1,0,0,118,262,374,368,27554250752,56147345408,54360276992,6.07,0.021,0.9,0.1,0.35,0.65,0.35,0.65
Qwen/Qwen2.5-7B-Instruct,NVIDIA GeForce RTX 5060 Ti,42,MultiFieldQA-en,3,16,260,structural,43.6151,43.2586,49.2452,43.9448,0,0,0,0,110,366,335,355,53771010048,45048012800,50587443200,6.07,0.021,0.9,0.1,0.35,0.65,0.35,0.65
Qwen/Qwen2.5-7B-Instruct,NVIDIA GeForce RTX 5060 Ti,42,MultiFieldQA-en,3,16,261,semantic,47.0739,0.0,0.0,0.0,0,1,1,1,101,357,314,314,51159048192,39577223168,39577223168,6.07,0.021,0.9,0.1,0.35,0.65,0.35,0.65
Qwen/Qwen2.5-7B-Instruct,NVIDIA GeForce RTX 5060 Ti,42,MultiFieldQA-en,3,16,262,multi-hop,49.9604,48.6575,51.2223,48.0317,0,0,0,0,6,54,217,226,1170505728,18901901312,20502315008,6.07,0.021,0.9,0.1,0.35,0.65,0.35,0.65
Qwen/Qwen2.5-7B-Instruct,NVIDIA GeForce RTX 5060 Ti,42,MultiFieldQA-en,3,16,263,semantic,64.1217,0.0,72.3723,67.4784,0,1,0,0,37,293,293,293,34460475392,34460475392,34460475392,6.07,0.021,0.9,0.1,0.35,0.65,0.35,0.65
Qwen/Qwen2.5-7B-Instruct,NVIDIA GeForce RTX 5060 Ti,42,MultiFieldQA-en,3,16,264,semantic,38.7689,0.0,37.533,37.2905,0,1,0,0,1,6,6,6,14450688,14450688,14450688,6.07,0.021,0.9,0.1,0.35,0.65,0.35,0.65
Qwen/Qwen2.5-7B-Instruct,NVIDIA GeForce RTX 5060 Ti,42,MultiFieldQA-en,3,16,265,semantic,48.5014,0.0,49.5915,47.9844,0,1,0,0,125,381,381,381,58268786688,58268786688,58268786688,6.07,0.021,0.9,0.1,0.35,0.65,0.35,0.65
Qwen/Qwen2.5-7B-Instruct,NVIDIA GeForce RTX 5060 Ti,42,MultiFieldQA-en,3,16,266,semantic,48.0227,0.0,48.1649,49.1932,0,1,0,0,69,302,283,283,36610015232,32148365312,32148365312,6.07,0.021,0.9,0.1,0.35,0.65,0.35,0.65
Qwen/Qwen2.5-7B-Instruct,NVIDIA GeForce RTX 5060 Ti,42,MultiFieldQA-en,3,16,267,structural,47.9013,49.135,48.0006,0.0,0,0,0,1,107,363,356,363,52893130752,50872844288,52893130752,6.07,0.021,0.9,0.1,0.35,0.65,0.35,0.65
Qwen/Qwen2.5-7B-Instruct,NVIDIA GeForce RTX 5060 Ti,42,MultiFieldQA-en,3,16,268,structural,48.9067,49.5311,48.2658,0.0,0,0,0,1,93,349,349,349,48891895808,48891895808,48891895808,6.07,0.021,0.9,0.1,0.35,0.65,0.35,0.65
Qwen/Qwen2.5-7B-Instruct,NVIDIA GeForce RTX 5060 Ti,42,MultiFieldQA-en,3,16,269,semantic,42.9749,0.0,42.3825,42.1047,0,1,0,0,3,216,259,259,18728091648,26926850048,26926850048,6.07,0.021,0.9,0.1,0.35,0.65,0.35,0.65
Qwen/Qwen2.5-7B-Instruct,NVIDIA GeForce RTX 5060 Ti,42,MultiFieldQA-en,3,16,270,multi-hop,48.6982,0.0,54.3526,48.5068,0,1,0,0,142,398,398,398,63584632832,63584632832,63584632832,6.07,0.021,0.9,0.1,0.35,0.65,0.35,0.65
Qwen/Qwen2.5-7B-Instruct,NVIDIA GeForce RTX 5060 Ti,42,MultiFieldQA-en,3,16,271,multi-hop,47.7482,0.0,49.9701,48.5411,0,1,0,0,110,366,366,366,53771010048,53771010048,53771010048,6.07,0.021,0.9,0.1,0.35,0.65,0.35,0.65
Qwen/Qwen2.5-7B-Instruct,NVIDIA GeForce RTX 5060 Ti,42,MultiFieldQA-en,3,16,272,semantic,48.5966,0.0,49.8351,49.9741,0,1,0,0,110,366,335,366,53771010048,45048012800,53771010048,6.07,0.021,0.9,0.1,0.35,0.65,0.35,0.65
Qwen/Qwen2.5-7B-Instruct,NVIDIA GeForce RTX 5060 Ti,42,MultiFieldQA-en,3,16,273,multi-hop,48.7554,50.2437,48.5851,53.3471,0,0,0,0,93,349,349,349,48891895808,48891895808,48891895808,6.07,0.021,0.9,0.1,0.35,0.65,0.35,0.65
Qwen/Qwen2.5-7B-Instruct,NVIDIA GeForce RTX 5060 Ti,42,MultiFieldQA-en,3,16,274,multi-hop,48.1908,50.3337,0.0,0.0,0,0,1,1,114,370,370,370,54952755200,54952755200,54952755200,6.07,0.021,0.9,0.1,0.35,0.65,0.35,0.65
Qwen/Qwen2.5-7B-Instruct,NVIDIA GeForce RTX 5060 Ti,42,MultiFieldQA-en,3,16,275,multi-hop,48.209,0.0,49.6275,49.2005,0,1,0,0,20,272,276,276,29697769472,30577655808,30577655808,6.07,0.021,0.9,0.1,0.35,0.65,0.35,0.65
Qwen/Qwen2.5-7B-Instruct,NVIDIA GeForce RTX 5060 Ti,42,MultiFieldQA-en,3,16,276,multi-hop,47.7074,0.0,0.0,47.5434,0,1,1,0,79,335,322,263,45048012800,41619587072,27764989952,6.07,0.021,0.9,0.1,0.35,0.65,0.35,0.65
Qwen/Qwen2.5-7B-Instruct,NVIDIA GeForce RTX 5060 Ti,42,MultiFieldQA-en,3,16,277,structural,68.9244,72.1167,73.3633,72.3473,0,0,0,0,141,397,397,397,63265513472,63265513472,63265513472,6.07,0.021,0.9,0.1,0.35,0.65,0.35,0.65
Qwen/Qwen2.5-7B-Instruct,NVIDIA GeForce RTX 5060 Ti,42,MultiFieldQA-en,3,16,278,multi-hop,69.2767,72.4684,71.1326,70.978,0,0,0,0,27,283,283,283,32148365312,32148365312,32148365312,6.07,0.021,0.9,0.1,0.35,0.65,0.35,0.65
Qwen/Qwen2.5-7B-Instruct,NVIDIA GeForce RTX 5060 Ti,42,MultiFieldQA-en,3,16,279,structural,51.1407,55.3401,53.6397,52.5642,0,0,0,0,120,376,376,376,56749457408,56749457408,56749457408,6.07,0.021,0.9,0.1,0.35,0.65,0.35,0.65
Qwen/Qwen2.5-7B-Instruct,NVIDIA GeForce RTX 5060 Ti,42,MultiFieldQA-en,3,16,280,multi-hop,51.4485,50.9674,49.8735,54.9016,0,0,0,0,106,306,217,293,37586239488,18901901312,34460475392,6.07,0.021,0.9,0.1,0.35,0.65,0.35,0.65
Qwen/Qwen2.5-7B-Instruct,NVIDIA GeForce RTX 5060 Ti,42,MultiFieldQA-en,3,16,281,semantic,43.7826,0.0,44.1057,0.0,0,1,0,1,135,357,391,357,51159048192,61367656448,51159048192,6.07,0.021,0.9,0.1,0.35,0.65,0.35,0.65
Qwen/Qwen2.5-7B-Instruct,NVIDIA GeForce RTX 5060 Ti,42,MultiFieldQA-en,3,16,282,semantic,50.7334,0.0,51.7994,55.8143,0,1,0,0,67,323,323,323,41878495232,41878495232,41878495232,6.07,0.021,0.9,0.1,0.35,0.65,0.35,0.65
Qwen/Qwen2.5-7B-Instruct,NVIDIA GeForce RTX 5060 Ti,42,MultiFieldQA-en,3,16,283,structural,43.6257,45.0194,44.1828,45.8374,0,0,0,0,119,375,375,375,56448000000,56448000000,56448000000,6.07,0.021,0.9,0.1,0.35,0.65,0.35,0.65
Qwen/Qwen2.5-7B-Instruct,NVIDIA GeForce RTX 5060 Ti,42,MultiFieldQA-en,3,16,284,multi-hop,67.6744,66.786,66.6262,66.8562,0,0,0,0,1,6,6,154,14450688,14450688,9519792128,6.07,0.021,0.9,0.1,0.35,0.65,0.35,0.65
Qwen/Qwen2.5-7B-Instruct,NVIDIA GeForce RTX 5060 Ti,42,MultiFieldQA-en,3,16,285,structural,43.7367,44.3124,0.0,0.0,0,0,1,1,34,290,290,290,33758412800,33758412800,33758412800,6.07,0.021,0.9,0.1,0.35,0.65,0.35,0.65
Qwen/Qwen2.5-7B-Instruct,NVIDIA GeForce RTX 5060 Ti,42,MultiFieldQA-en,3,16,286,multi-hop,44.2828,0.0,0.0,0.0,0,1,1,1,101,258,339,339,26719322112,46130208768,46130208768,6.07,0.021,0.9,0.1,0.35,0.65,0.35,0.65
Qwen/Qwen2.5-7B-Instruct,NVIDIA GeForce RTX 5060 Ti,42,MultiFieldQA-en,3,16,287,structural,44.742,45.3455,45.554,44.9496,0,0,0,0,108,364,364,364,53184954368,53184954368,53184954368,6.07,0.021,0.9,0.1,0.35,0.65,0.35,0.65
Qwen/Qwen2.5-7B-Instruct,NVIDIA GeForce RTX 5060 Ti,42,MultiFieldQA-en,3,16,288,multi-hop,44.73,0.0,45.1285,45.2016,0,1,0,0,84,289,340,340,33525997568,46402764800,46402764800,6.07,0.021,0.9,0.1,0.35,0.65,0.35,0.65
Qwen/Qwen2.5-7B-Instruct,NVIDIA GeForce RTX 5060 Ti,42,MultiFieldQA-en,3,16,289,multi-hop,49.2286,0.0,54.5952,49.5529,0,1,0,0,23,225,232,263,20321280000,21605384192,27764989952,6.07,0.021,0.9,0.1,0.35,0.65,0.35,0.65
Qwen/Qwen2.5-7B-Instruct,NVIDIA GeForce RTX 5060 Ti,42,MultiFieldQA-en,3,16,290,semantic,68.0572,0.0,0.0,0.0,0,1,1,1,124,380,380,380,57963315200,57963315200,57963315200,6.07,0.021,0.9,0.1,0.35,0.65,0.35,0.65
Qwen/Qwen2.5-7B-Instruct,NVIDIA GeForce RTX 5060 Ti,42,MultiFieldQA-en,3,16,291,multi-hop,50.5618,53.1623,51.8317,50.4105,0,0,0,0,67,303,323,284,36852867072,41878495232,32375963648,6.07,0.021,0.9,0.1,0.35,0.65,0.35,0.65
Qwen/Qwen2.5-7B-Instruct,NVIDIA GeForce RTX 5060 Ti,42,MultiFieldQA-en,3,16,292,multi-hop,49.214,0.0,0.0,52.752,0,1,1,0,110,366,335,355,53771010048,45048012800,50587443200,6.07,0.021,0.9,0.1,0.35,0.65,0.35,0.65
Qwen/Qwen2.5-7B-Instruct,NVIDIA GeForce RTX 5060 Ti,42,MultiFieldQA-en,3,16,293,multi-hop,70.126,68.1678,67.4361,67.9723,0,0,0,0,5,41,41,158,674766848,674766848,10020749312,6.07,0.021,0.9,0.1,0.35,0.65,0.35,0.65
Qwen/Qwen2.5-7B-Instruct,NVIDIA GeForce RTX 5060 Ti,42,MultiFieldQA-en,3,16,294,multi-hop,50.2104,52.6322,0.0,0.0,0,0,1,1,104,360,344,299,52022476800,47501017088,35886276608,6.07,0.021,0.9,0.1,0.35,0.65,0.35,0.65
Qwen/Qwen2.5-7B-Instruct,NVIDIA GeForce RTX 5060 Ti,42,MultiFieldQA-en,3,16,295,semantic,45.4096,0.0,45.4131,45.3464,0,1,0,0,86,306,329,342,37586239488,43448803328,46950285312,6.07,0.021,0.9,0.1,0.35,0.65,0.35,0.65
Qwen/Qwen2.5-7B-Instruct,NVIDIA GeForce RTX 5060 Ti,42,MultiFieldQA-en,3,16,296,multi-hop,52.9741,53.3822,54.1722,0.0,0,0,0,1,21,217,277,277,18901901312,30799634432,30799634432,6.07,0.021,0.9,0.1,0.35,0.65,0.35,0.65
Qwen/Qwen2.5-7B-Instruct,NVIDIA GeForce RTX 5060 Ti,42,MultiFieldQA-en,3,16,297,multi-hop,47.2868,46.4446,47.2582,47.8268,0,0,0,0,289,545,545,545,119228211200,119228211200,119228211200,6.07,0.021,0.9,0.1,0.35,0.65,0.35,0.65
Qwen/Qwen2.5-7B-Instruct,NVIDIA GeForce RTX 5060 Ti,42,MultiFieldQA-en,3,16,298,structural,52.9356,56.321,54.4244,55.0066,0,0,0,0,103,359,359,359,51733864448,51733864448,51733864448,6.07,0.021,0.9,0.1,0.35,0.65,0.35,0.65
Qwen/Qwen2.5-7B-Instruct,NVIDIA GeForce RTX 5060 Ti,42,MultiFieldQA-en,3,16,299,semantic,42.043,0.0,44.7904,44.4332,0,1,0,0,16,197,272,272,15578243072,29697769472,29697769472,6.07,0.021,0.9,0.1,0.35,0.65,0.35,0.65
Qwen/Qwen2.5-7B-Instruct,NVIDIA GeForce RTX 5060 Ti,42,MultiFieldQA-en,3,16,300,multi-hop,45.8828,0.0,46.5945,45.5929,0,1,0,0,71,254,317,265,25897238528,40337088512,28188876800,6.07,0.021,0.9,0.1,0.35,0.65,0.35,0.65
Qwen/Qwen2.5-7B-Instruct,NVIDIA GeForce RTX 5060 Ti,42,MultiFieldQA-en,3,16,301,multi-hop,52.3796,54.1344,0.0,0.0,0,0,1,1,81,337,337,337,45587505152,45587505152,45587505152,6.07,0.021,0.9,0.1,0.35,0.65,0.35,0.65
Qwen/Qwen2.5-7B-Instruct,NVIDIA GeForce RTX 5060 Ti,42,MultiFieldQA-en,3,16,302,structural,55.3748,53.1102,0.0,0.0,0,0,1,1,102,358,249,339,51446054912,24887697408,46130208768,6.07,0.021,0.9,0.1,0.35,0.65,0.35,0.65
Qwen/Qwen2.5-7B-Instruct,NVIDIA GeForce RTX 5060 Ti,42,MultiFieldQA-en,3,16,303,semantic,0.0,0.0,0.0,0.0,1,1,1,1,21,228,223,223,20866793472,19961618432,19961618432,6.07,0.021,0.9,0.1,0.35,0.65,0.35,0.65
Qwen/Qwen2.5-7B-Instruct,NVIDIA GeForce RTX 5060 Ti,42,MultiFieldQA-en,3,16,304,multi-hop,51.7982,53.1743,51.188,52.8658,0,0,0,0,86,309,330,330,38326837248,43713331200,43713331200,6.07,0.021,0.9,0.1,0.35,0.65,0.35,0.65
Qwen/Qwen2.5-7B-Instruct,NVIDIA GeForce RTX 5060 Ti,42,MultiFieldQA-en,3,16,305,multi-hop,52.7706,0.0,53.6692,53.6363,0,1,0,0,106,357,340,340,51159048192,46402764800,46402764800,6.07,0.021,0.9,0.1,0.35,0.65,0.35,0.65
Qwen/Qwen2.5-7B-Instruct,NVIDIA GeForce RTX 5060 Ti,42,MultiFieldQA-en,3,16,306,semantic,39.0766,0.0,0.0,0.0,0,1,1,1,6,54,217,29,1170505728,18901901312,337584128,6.07,0.021,0.9,0.1,0.35,0.65,0.35,0.65
Qwen/Qwen2.5-7B-Instruct,NVIDIA GeForce RTX 5060 Ti,42,MultiFieldQA-en,3,16,307,semantic,46.2431,0.0,0.0,0.0,0,1,1,1,92,265,348,348,28188876800,48612114432,48612114432,6.07,0.021,0.9,0.1,0.35,0.65,0.35,0.65
Qwen/Qwen2.5-7B-Instruct,NVIDIA GeForce RTX 5060 Ti,42,MultiFieldQA-en,3,16,308,multi-hop,43.6754,42.5464,43.9314,44.2719,0,0,0,0,144,400,379,400,64225280000,57658646528,64225280000,6.07,0.021,0.9,0.1,0.35,0.65,0.35,0.65
Qwen/Qwen2.5-7B-Instruct,NVIDIA GeForce RTX 5060 Ti,42,MultiFieldQA-en,3,16,309,multi-hop,46.749,0.0,49.0863,47.1623,0,1,0,0,13,269,269,269,29046284288,29046284288,29046284288,6.07,0.021,0.9,0.1,0.35,0.65,0.35,0.65
Qwen/Qwen2.5-7B-Instruct,NVIDIA GeForce RTX 5060 Ti,42,MultiFieldQA-en,3,16,310,structural,37.4479,37.7712,38.7234,37.9274,0,0,0,0,20,272,276,276,29697769472,30577655808,30577655808,6.07,0.021,0.9,0.1,0.35,0.65,0.35,0.65
Qwen/Qwen2.5-7B-Instruct,NVIDIA GeForce RTX 5060 Ti,42,MultiFieldQA-en,3,16,311,multi-hop,52.5741,49.0683,47.6988,48.0549,0,0,0,0,88,312,278,322,39074660352,31022415872,41619587072,6.07,0.021,0.9,0.1,0.35,0.65,0.35,0.65
Qwen/Qwen2.5-7B-Instruct,NVIDIA GeForce RTX 5060 Ti,42,MultiFieldQA-en,3,16,312,multi-hop,48.6451,49.0385,54.2997,49.3927,0,0,0,0,85,268,341,341,28830728192,46676123648,46676123648,6.07,0.021,0.9,0.1,0.35,0.65,0.35,0.65
Qwen/Qwen2.5-7B-Instruct,NVIDIA GeForce RTX 5060 Ti,42,MultiFieldQA-en,3,16,313,structural,42.7404,43.5553,42.34,41.9536,0,0,0,0,95,319,324,306,40847679488,42138206208,37586239488,6.07,0.021,0.9,0.1,0.35,0.65,0.35,0.65
Qwen/Qwen2.5-7B-Instruct,NVIDIA GeForce RTX 5060 Ti,42,MultiFieldQA-en,3,16,314,structural,48.1517,49.8367,50.0048,49.2751,0,0,0,0,77,328,254,298,43185078272,25897238528,35646636032,6.07,0.021,0.9,0.1,0.35,0.65,0.35,0.65
Qwen/Qwen2.5-7B-Instruct,NVIDIA GeForce RTX 5060 Ti,42,MultiFieldQA-en,3,16,315,multi-hop,63.4946,66.126,65.4421,65.9977,0,0,0,0,83,311,339,318,38824583168,46130208768,40591982592,6.07,0.021,0.9,0.1,0.35,0.65,0.35,0.65
Qwen/Qwen2.5-7B-Instruct,NVIDIA GeForce RTX 5060 Ti,42,MultiFieldQA-en,3,16,316,semantic,64.9657,0.0,66.3419,65.6584,0,1,0,0,135,391,371,391,61367656448,55250198528,61367656448,6.07,0.021,0.9,0.1,0.35,0.65,0.35,0.65
Qwen/Qwen2.5-7B-Instruct,NVIDIA GeForce RTX 5060 Ti,42,MultiFieldQA-en,3,16,317,multi-hop,48.6186,0.0,48.6013,48.5811,0,1,0,0,106,357,340,340,51159048192,46402764800,46402764800,6.07,0.021,0.9,0.1,0.35,0.65,0.35,0.65
Qwen/Qwen2.5-7B-Instruct,NVIDIA GeForce RTX 5060 Ti,42,MultiFieldQA-en,3,16,318,multi-hop,48.9415,51.2976,0.0,0.0,0,0,1,1,137,393,393,393,61997064192,61997064192,61997064192,6.07,0.021,0.9,0.1,0.35,0.65,0.35,0.65
Qwen/Qwen2.5-7B-Instruct,NVIDIA GeForce RTX 5060 Ti,42,MultiFieldQA-en,3,16,319,semantic,48.6392,0.0,0.0,0.0,0,1,1,1,73,282,295,294,31921569792,34932531200,34696101888,6.07,0.021,0.9,0.1,0.35,0.65,0.35,0.65
Qwen/Qwen2.5-7B-Instruct,NVIDIA GeForce RTX 5060 Ti,42,MultiFieldQA-en,3,16,320,multi-hop,65.7465,0.0,0.0,0.0,0,1,1,1,177,433,433,433,75259584512,75259584512,75259584512,6.07,0.021,0.9,0.1,0.35,0.65,0.35,0.65
Qwen/Qwen2.5-7B-Instruct,NVIDIA GeForce RTX 5060 Ti,42,MultiFieldQA-en,3,16,321,multi-hop,47.9275,50.9535,0.0,0.0,0,0,1,1,119,375,375,375,56448000000,56448000000,56448000000,6.07,0.021,0.9,0.1,0.35,0.65,0.35,0.65
Qwen/Qwen2.5-7B-Instruct,NVIDIA GeForce RTX 5060 Ti,42,MultiFieldQA-en,3,16,322,multi-hop,46.7412,53.796,47.5543,49.2579,0,0,0,0,88,312,278,322,39074660352,31022415872,41619587072,6.07,0.021,0.9,0.1,0.35,0.65,0.35,0.65
Qwen/Qwen2.5-7B-Instruct,NVIDIA GeForce RTX 5060 Ti,42,MultiFieldQA-en,3,16,323,structural,0.0,51.6895,0.0,0.0,1,0,1,1,141,362,397,397,52602109952,63265513472,63265513472,6.07,0.021,0.9,0.1,0.35,0.65,0.35,0.65
Qwen/Qwen2.5-7B-Instruct,NVIDIA GeForce RTX 5060 Ti,42,MultiFieldQA-en,3,16,324,semantic,47.384,0.0,0.0,0.0,0,1,1,1,10,266,266,266,28402024448,28402024448,28402024448,6.07,0.021,0.9,0.1,0.35,0.65,0.35,0.65
Qwen/Qwen2.5-7B-Instruct,NVIDIA GeForce RTX 5060 Ti,42,MultiFieldQA-en,3,16,325,semantic,49.3563,0.0,48.6926,50.3086,0,1,0,0,127,383,313,313,58882138112,39325540352,39325540352,6.07,0.021,0.9,0.1,0.35,0.65,0.35,0.65
Qwen/Qwen2.5-7B-Instruct,NVIDIA GeForce RTX 5060 Ti,42,MultiFieldQA-en,3,16,326,multi-hop,42.919,43.4858,43.1666,0.0,0,0,0,1,116,372,372,372,55548444672,55548444672,55548444672,6.07,0.021,0.9,0.1,0.35,0.65,0.35,0.65
Qwen/Qwen2.5-7B-Instruct,NVIDIA GeForce RTX 5060 Ti,42,MultiFieldQA-en,3,16,327,structural,49.8681,0.0,0.0,49.6499,0,1,1,0,151,407,407,407,66492833792,66492833792,66492833792,6.07,0.021,0.9,0.1,0.35,0.65,0.35,0.65
Qwen/Qwen2.5-7B-Instruct,NVIDIA GeForce RTX 5060 Ti,42,MultiFieldQA-en,3,16,328,multi-hop,48.1266,0.0,54.0343,52.1439,0,1,0,0,26,261,274,282,27344314368,30136107008,31921569792,6.07,0.021,0.9,0.1,0.35,0.65,0.35,0.65
Qwen/Qwen2.5-7B-Instruct,NVIDIA GeForce RTX 5060 Ti,42,MultiFieldQA-en,3,16,329,multi-hop,51.0731,54.4891,53.8183,52.7001,0,0,0,0,104,360,360,360,52022476800,52022476800,52022476800,6.07,0.021,0.9,0.1,0.35,0.65,0.35,0.65
Qwen/Qwen2.5-7B-Instruct,NVIDIA GeForce RTX 5060 Ti,42,MultiFieldQA-en,3,16,330,structural,51.6316,54.0278,53.4696,53.5039,0,0,0,0,181,437,396,314,76656484352,62947196928,39577223168,6.07,0.021,0.9,0.1,0.35,0.65,0.35,0.65
Qwen/Qwen2.5-7B-Instruct,NVIDIA GeForce RTX 5060 Ti,42,MultiFieldQA-en,3,16,331,multi-hop,51.477,0.0,52.3291,52.5989,0,1,0,0,23,279,245,279,31246000128,24094515200,31246000128,6.07,0.021,0.9,0.1,0.35,0.65,0.35,0.65
Qwen/Qwen2.5-7B-Instruct,NVIDIA GeForce RTX 5060 Ti,42,MultiFieldQA-en,3,16,332,multi-hop,53.8403,0.0,0.0,0.0,0,1,1,1,107,363,363,363,52893130752,52893130752,52893130752,6.07,0.021,0.9,0.1,0.35,0.65,0.35,0.65
Qwen/Qwen2.5-7B-Instruct,NVIDIA GeForce RTX 5060 Ti,42,MultiFieldQA-en,3,16,333,semantic,0.0,0.0,67.8666,68.0348,1,1,0,0,117,373,373,373,55847493632,55847493632,55847493632,6.07,0.021,0.9,0.1,0.35,0.65,0.35,0.65
Qwen/Qwen2.5-7B-Instruct,NVIDIA GeForce RTX 5060 Ti,42,MultiFieldQA-en,3,16,334,semantic,43.5074,0.0,44.5284,43.0918,0,1,0,0,21,217,277,277,18901901312,30799634432,30799634432,6.07,0.021,0.9,0.1,0.35,0.65,0.35,0.65
Qwen/Qwen2.5-7B-Instruct,NVIDIA GeForce RTX 5060 Ti,42,MultiFieldQA-en,3,16,335,multi-hop,66.3136,67.1188,66.8266,67.4409,0,0,0,0,135,391,391,391,61367656448,61367656448,61367656448,6.07,0.021,0.9,0.1,0.35,0.65,0.35,0.65
Qwen/Qwen2.5-7B-Instruct,NVIDIA GeForce RTX 5060 Ti,42,MultiFieldQA-en,3,16,336,multi-hop,50.6886,0.0,49.7736,49.8409,0,1,0,0,96,352,324,324,49736056832,42138206208,42138206208,6.07,0.021,0.9,0.1,0.35,0.65,0.35,0.65
Qwen/Qwen2.5-7B-Instruct,NVIDIA GeForce RTX 5060 Ti,42,MultiFieldQA-en,3,16,337,structural,49.4751,51.867,52.3498,0.0,0,0,0,1,100,356,356,356,50872844288,50872844288,50872844288,6.07,0.021,0.9,0.1,0.35,0.65,0.35,0.65
Qwen/Qwen2.5-7B-Instruct,NVIDIA GeForce RTX 5060 Ti,42,MultiFieldQA-en,3,16,338,multi-hop,0.0,0.0,68.5255,68.7756,1,1,0,0,114,370,370,370,54952755200,54952755200,54952755200,6.07,0.021,0.9,0.1,0.35,0.65,0.35,0.65
Qwen/Qwen2.5-7B-Instruct,NVIDIA GeForce RTX 5060 Ti,42,MultiFieldQA-en,3,16,339,multi-hop,51.2171,0.0,51.2167,56.1715,0,1,0,0,72,328,328,328,43185078272,43185078272,43185078272,6.07,0.021,0.9,0.1,0.35,0.65,0.35,0.65
Qwen/Qwen2.5-7B-Instruct,NVIDIA GeForce RTX 5060 Ti,42,MultiFieldQA-en,3,16,340,semantic,47.9252,0.0,0.0,0.0,0,1,1,1,108,364,363,363,53184954368,52893130752,52893130752,6.07,0.021,0.9,0.1,0.35,0.65,0.35,0.65
Qwen/Qwen2.5-7B-Instruct,NVIDIA GeForce RTX 5060 Ti,42,MultiFieldQA-en,3,16,341,semantic,50.9576,0.0,53.4305,0.0,0,1,0,1,89,345,345,345,47777587200,47777587200,47777587200,6.07,0.021,0.9,0.1,0.35,0.65,0.35,0.65
Qwen/Qwen2.5-7B-Instruct,NVIDIA GeForce RTX 5060 Ti,42,MultiFieldQA-en,3,16,342,multi-hop,75.6312,0.0,0.0,72.0195,0,1,1,0,100,356,356,356,50872844288,50872844288,50872844288,6.07,0.021,0.9,0.1,0.35,0.65,0.35,0.65
Qwen/Qwen2.5-7B-Instruct,NVIDIA GeForce RTX 5060 Ti,42,MultiFieldQA-en,3,16,343,structural,51.0186,53.3392,53.402,52.1359,0,0,0,0,95,319,324,306,40847679488,42138206208,37586239488,6.07,0.021,0.9,0.1,0.35,0.65,0.35,0.65
Qwen/Qwen2.5-7B-Instruct,NVIDIA GeForce RTX 5060 Ti,42,MultiFieldQA-en,3,16,344,multi-hop,72.0731,73.1545,71.6582,69.077,0,0,0,0,201,457,417,457,83833659392,69800435712,83833659392,6.07,0.021,0.9,0.1,0.35,0.65,0.35,0.65
Qwen/Qwen2.5-7B-Instruct,NVIDIA GeForce RTX 5060 Ti,42,MultiFieldQA-en,3,16,345,semantic,65.7297,0.0,0.0,0.0,0,1,1,1,53,309,309,309,38326837248,38326837248,38326837248,6.07,0.021,0.9,0.1,0.35,0.65,0.35,0.65
Qwen/Qwen2.5-7B-Instruct,NVIDIA GeForce RTX 5060 Ti,42,MultiFieldQA-en,3,16,346,semantic,49.9455,0.0,49.9119,0.0,0,1,0,1,99,355,355,311,50587443200,50587443200,38824583168,6.07,0.021,0.9,0.1,0.35,0.65,0.35,0.65
Qwen/Qwen2.5-7B-Instruct,NVIDIA GeForce RTX 5060 Ti,42,MultiFieldQA-en,3,16,347,structural,66.2952,68.8714,0.0,0.0,0,0,1,1,96,352,352,352,49736056832,49736056832,49736056832,6.07,0.021,0.9,0.1,0.35,0.65,0.35,0.65
Qwen/Qwen2.5-7B-Instruct,NVIDIA GeForce RTX 5060 Ti,42,MultiFieldQA-en,3,16,348,structural,68.0062,69.228,68.7233,0.0,0,0,0,1,128,361,384,384,52311891968,59190018048,59190018048,6.07,0.021,0.9,0.1,0.35,0.65,0.35,0.65
Qwen/Qwen2.5-7B-Instruct,NVIDIA GeForce RTX 5060 Ti,42,MultiFieldQA-en,3,16,349,semantic,0.0,0.0,0.0,0.0,1,1,1,1,99,355,355,311,50587443200,50587443200,38824583168,6.07,0.021,0.9,0.1,0.35,0.65,0.35,0.65
Qwen/Qwen2.5-7B-Instruct,NVIDIA GeForce RTX 5060 Ti,42,MultiFieldQA-en,3,16,350,semantic,50.045,0.0,0.0,0.0,0,1,1,1,116,372,372,372,55548444672,55548444672,55548444672,6.07,0.021,0.9,0.1,0.35,0.65,0.35,0.65
Qwen/Qwen2.5-7B-Instruct,NVIDIA GeForce RTX 5060 Ti,42,MultiFieldQA-en,3,16,351,multi-hop,41.9904,43.0085,43.2236,0.0,0,0,0,1,104,360,360,328,52022476800,52022476800,43185078272,6.07,0.021,0.9,0.1,0.35,0.65,0.35,0.65
Qwen/Qwen2.5-7B-Instruct,NVIDIA GeForce RTX 5060 Ti,42,MultiFieldQA-en,3,16,352,structural,49.9625,56.1347,51.7222,0.0,0,0,0,1,100,345,356,356,47777587200,50872844288,50872844288,6.07,0.021,0.9,0.1,0.35,0.65,0.35,0.65
Qwen/Qwen2.5-7B-Instruct,NVIDIA GeForce RTX 5060 Ti,42,MultiFieldQA-en,3,16,353,semantic,48.2193,0.0,48.786,49.0211,0,1,0,0,110,366,366,366,53771010048,53771010048,53771010048,6.07,0.021,0.9,0.1,0.35,0.65,0.35,0.65
Qwen/Qwen2.5-7B-Instruct,NVIDIA GeForce RTX 5060 Ti,42,MultiFieldQA-en,3,16,354,semantic,68.6801,0.0,0.0,0.0,0,1,1,1,149,405,405,405,65840947200,65840947200,65840947200,6.07,0.021,0.9,0.1,0.35,0.65,0.35,0.65
Qwen/Qwen2.5-7B-Instruct,NVIDIA GeForce RTX 5060 Ti,42,MultiFieldQA-en,3,16,355,semantic,0.0,0.0,0.0,0.0,1,1,1,1,149,405,405,405,65840947200,65840947200,65840947200,6.07,0.021,0.9,0.1,0.35,0.65,0.35,0.65
Qwen/Qwen2.5-7B-Instruct,NVIDIA GeForce RTX 5060 Ti,42,MultiFieldQA-en,3,16,356,multi-hop,45.8002,48.0698,47.7336,0.0,0,0,0,1,71,327,327,304,42922156032,42922156032,37096521728,6.07,0.021,0.9,0.1,0.35,0.65,0.35,0.65
Qwen/Qwen2.5-7B-Instruct,NVIDIA GeForce RTX 5060 Ti,42,MultiFieldQA-en,3,16,357,structural,52.8046,54.8637,52.355,0.0,0,0,0,1,78,299,334,334,35886276608,44779470848,44779470848,6.07,0.021,0.9,0.1,0.35,0.65,0.35,0.65
Qwen/Qwen2.5-7B-Instruct,NVIDIA GeForce RTX 5060 Ti,42,MultiFieldQA-en,3,16,358,multi-hop,53.4332,50.3297,48.8158,0.0,0,0,0,1,72,328,328,328,43185078272,43185078272,43185078272,6.07,0.021,0.9,0.1,0.35,0.65,0.35,0.65
Qwen/Qwen2.5-7B-Instruct,NVIDIA GeForce RTX 5060 Ti,42,MultiFieldQA-en,3,16,359,structural,47.1131,48.0615,48.8719,48.3217,0,0,0,0,95,319,324,306,40847679488,42138206208,37586239488,6.07,0.021,0.9,0.1,0.35,0.65,0.35,0.65
Qwen/Qwen2.5-7B-Instruct,NVIDIA GeForce RTX 5060 Ti,42,MultiFieldQA-en,3,16,360,structural,48.2157,49.9778,0.0,0.0,0,0,1,1,125,381,381,381,58268786688,58268786688,58268786688,6.07,0.021,0.9,0.1,0.35,0.65,0.35,0.65
Qwen/Qwen2.5-7B-Instruct,NVIDIA GeForce RTX 5060 Ti,42,MultiFieldQA-en,3,16,361,semantic,42.0016,0.0,43.2481,0.0,0,1,0,1,43,226,299,285,20502315008,35886276608,32604364800,6.07,0.021,0.9,0.1,0.35,0.65,0.35,0.65
Qwen/Qwen2.5-7B-Instruct,NVIDIA GeForce RTX 5060 Ti,42,MultiFieldQA-en,3,16,362,multi-hop,48.0292,52.8797,49.1805,48.2436,0,0,0,0,101,328,236,334,43185078272,22356819968,44779470848,6.07,0.021,0.9,0.1,0.35,0.65,0.35,0.65
Qwen/Qwen2.5-7B-Instruct,NVIDIA GeForce RTX 5060 Ti,42,MultiFieldQA-en,3,16,363,structural,65.6557,66.5862,66.7854,67.9441,0,0,0,0,136,392,392,392,61681958912,61681958912,61681958912,6.07,0.021,0.9,0.1,0.35,0.65,0.35,0.65
Qwen/Qwen2.5-7B-Instruct,NVIDIA GeForce RTX 5060 Ti,42,MultiFieldQA-en,3,16,364,semantic,52.2275,0.0,0.0,0.0,0,1,1,1,55,311,278,258,38824583168,31022415872,26719322112,6.07,0.021,0.9,0.1,0.35,0.65,0.35,0.65
Qwen/Qwen2.5-7B-Instruct,NVIDIA GeForce RTX 5060 Ti,42,MultiFieldQA-en,3,16,365,semantic,49.5703,0.0,49.8578,50.4091,0,1,0,0,95,351,351,351,49453867008,49453867008,49453867008,6.07,0.021,0.9,0.1,0.35,0.65,0.35,0.65
Qwen/Qwen2.5-7B-Instruct,NVIDIA GeForce RTX 5060 Ti,42,MultiFieldQA-en,3,16,366,multi-hop,47.9152,49.7139,49.9626,54.2081,0,0,0,0,33,289,289,289,33525997568,33525997568,33525997568,6.07,0.021,0.9,0.1,0.35,0.65,0.35,0.65
Qwen/Qwen2.5-7B-Instruct,NVIDIA GeForce RTX 5060 Ti,42,MultiFieldQA-en,3,16,367,semantic,52.0354,0.0,58.8932,52.1231,0,1,0,0,86,309,330,330,38326837248,43713331200,43713331200,6.07,0.021,0.9,0.1,0.35,0.65,0.35,0.65
Qwen/Qwen2.5-7B-Instruct,NVIDIA GeForce RTX 5060 Ti,42,MultiFieldQA-en,3,16,368,semantic,46.0966,0.0,0.0,0.0,0,1,1,1,121,377,377,377,57051717632,57051717632,57051717632,6.07,0.021,0.9,0.1,0.35,0.65,0.35,0.65
Qwen/Qwen2.5-7B-Instruct,NVIDIA GeForce RTX 5060 Ti,42,MultiFieldQA-en,3,16,369,semantic,51.2971,0.0,53.6941,52.0709,0,1,0,0,86,294,294,308,34696101888,34696101888,38079168512,6.07,0.021,0.9,0.1,0.35,0.65,0.35,0.65
Qwen/Qwen2.5-7B-Instruct,NVIDIA GeForce RTX 5060 Ti,42,MultiFieldQA-en,3,16,370,multi-hop,42.2972,0.0,0.0,42.3354,0,1,1,0,10,29,29,187,337584128,337584128,14036836352,6.07,0.021,0.9,0.1,0.35,0.65,0.35,0.65
Qwen/Qwen2.5-7B-Instruct,NVIDIA GeForce RTX 5060 Ti,42,MultiFieldQA-en,3,16,371,semantic,46.6543,0.0,0.0,0.0,0,1,1,1,48,267,278,239,28615974912,31022415872,22928826368,6.07,0.021,0.9,0.1,0.35,0.65,0.35,0.65
Qwen/Qwen2.5-7B-Instruct,NVIDIA GeForce RTX 5060 Ti,42,MultiFieldQA-en,3,16,372,multi-hop,48.7373,0.0,50.4448,50.1625,0,1,0,0,106,361,362,362,52311891968,52602109952,52602109952,6.07,0.021,0.9,0.1,0.35,0.65,0.35,0.65
Qwen/Qwen2.5-7B-Instruct,NVIDIA GeForce RTX 5060 Ti,42,MultiFieldQA-en,3,16,373,multi-hop,52.1874,0.0,49.6832,50.2543,0,1,0,0,100,356,356,356,50872844288,50872844288,50872844288,6.07,0.021,0.9,0.1,0.35,0.65,0.35,0.65
Qwen/Qwen2.5-7B-Instruct,NVIDIA GeForce RTX 5060 Ti,42,MultiFieldQA-en,3,16,374,structural,49.2918,50.3605,49.6952,0.0,0,0,0,1,150,406,406,406,66166489088,66166489088,66166489088,6.07,0.021,0.9,0.1,0.35,0.65,0.35,0.65
Qwen/Qwen2.5-7B-Instruct,NVIDIA GeForce RTX 5060 Ti,42,MultiFieldQA-en,3,16,375,structural,41.6237,44.476,42.8656,44.0736,0,0,0,0,92,348,348,328,48612114432,48612114432,43185078272,6.07,0.021,0.9,0.1,0.35,0.65,0.35,0.65
Qwen/Qwen2.5-7B-Instruct,NVIDIA GeForce RTX 5060 Ti,42,MultiFieldQA-en,3,16,376,multi-hop,49.599,51.5156,0.0,0.0,0,0,1,1,95,351,351,351,49453867008,49453867008,49453867008,6.07,0.021,0.9,0.1,0.35,0.65,0.35,0.65
Qwen/Qwen2.5-7B-Instruct,NVIDIA GeForce RTX 5060 Ti,42,MultiFieldQA-en,3,16,377,structural,41.196,43.7811,42.2337,43.4123,0,0,0,0,86,306,329,342,37586239488,43448803328,46950285312,6.07,0.021,0.9,0.1,0.35,0.65,0.35,0.65
Qwen/Qwen2.5-7B-Instruct,NVIDIA GeForce RTX 5060 Ti,42,MultiFieldQA-en,3,16,378,multi-hop,40.3026,41.4462,41.3478,41.4474,0,0,0,0,143,399,399,399,63904555008,63904555008,63904555008,6.07,0.021,0.9,0.1,0.35,0.65,0.35,0.65
Qwen/Qwen2.5-7B-Instruct,NVIDIA GeForce RTX 5060 Ti,42,MultiFieldQA-en,3,16,379,structural,48.9167,50.2983,0.0,0.0,0,0,1,1,92,265,348,348,28188876800,48612114432,48612114432,6.07,0.021,0.9,0.1,0.35,0.65,0.35,0.65
Qwen/Qwen2.5-7B-Instruct,NVIDIA GeForce RTX 5060 Ti,42,MultiFieldQA-en,3,16,380,semantic,73.5061,0.0,75.2698,0.0,0,1,0,1,150,406,406,406,66166489088,66166489088,66166489088,6.07,0.021,0.9,0.1,0.35,0.65,0.35,0.65
Qwen/Qwen2.5-7B-Instruct,NVIDIA GeForce RTX 5060 Ti,42,MultiFieldQA-en,3,16,381,structural,52.4554,54.502,51.9186,0.0,0,0,0,1,111,351,367,367,49453867008,54065242112,54065242112,6.07,0.021,0.9,0.1,0.35,0.65,0.35,0.65
Qwen/Qwen2.5-7B-Instruct,NVIDIA GeForce RTX 5060 Ti,42,MultiFieldQA-en,3,16,382,semantic,41.9382,0.0,0.0,0.0,0,1,1,1,1,6,6,6,14450688,14450688,14450688,6.07,0.021,0.9,0.1,0.35,0.65,0.35,0.65
Qwen/Qwen2.5-7B-Instruct,NVIDIA GeForce RTX 5060 Ti,42,MultiFieldQA-en,3,16,383,multi-hop,88.4205,0.0,0.0,91.838,0,1,1,0,19,275,275,262,30356480000,30356480000,27554250752,6.07,0.021,0.9,0.1,0.35,0.65,0.35,0.65
Qwen/Qwen2.5-7B-Instruct,NVIDIA GeForce RTX 5060 Ti,42,MultiFieldQA-en,3,16,384,structural,45.8309,47.4491,47.5181,42.9211,0,0,0,0,116,372,372,372,55548444672,55548444672,55548444672,6.07,0.021,0.9,0.1,0.35,0.65,0.35,0.65
Qwen/Qwen2.5-7B-Instruct,NVIDIA GeForce RTX 5060 Ti,42,MultiFieldQA-en,3,16,385,multi-hop,67.1851,69.6634,68.8041,68.8283,0,0,0,0,184,440,440,440,77712588800,77712588800,77712588800,6.07,0.021,0.9,0.1,0.35,0.65,0.35,0.65
Qwen/Qwen2.5-7B-Instruct,NVIDIA GeForce RTX 5060 Ti,42,MultiFieldQA-en,3,16,386,semantic,53.8376,0.0,50.1729,51.3514,0,1,0,0,85,338,341,341,45858455552,46676123648,46676123648,6.07,0.021,0.9,0.1,0.35,0.65,0.35,0.65
Qwen/Qwen2.5-7B-Instruct,NVIDIA GeForce RTX 5060 Ti,42,MultiFieldQA-en,3,16,387,semantic,50.5244,0.0,51.4242,52.7287,0,1,0,0,70,319,326,326,40847679488,42660036608,42660036608,6.07,0.021,0.9,0.1,0.35,0.65,0.35,0.65
Qwen/Qwen2.5-7B-Instruct,NVIDIA GeForce RTX 5060 Ti,42,MultiFieldQA-en,3,16,388,multi-hop,49.8923,0.0,0.0,49.6911,0,1,1,0,99,355,304,312,50587443200,37096521728,39074660352,6.07,0.021,0.9,0.1,0.35,0.65,0.35,0.65
Qwen/Qwen2.5-7B-Instruct,NVIDIA GeForce RTX 5060 Ti,42,MultiFieldQA-en,3,16,389,semantic,52.8576,0.0,51.2729,50.8131,0,1,0,0,81,337,337,337,45587505152,45587505152,45587505152,6.07,0.021,0.9,0.1,0.35,0.65,0.35,0.65
Qwen/Qwen2.5-7B-Instruct,NVIDIA GeForce RTX 5060 Ti,42,MultiFieldQA-en,3,16,390,multi-hop,42.9579,0.0,44.8531,44.3724,0,1,0,0,67,323,323,323,41878495232,41878495232,41878495232,6.07,0.021,0.9,0.1,0.35,0.65,0.35,0.65
Qwen/Qwen2.5-7B-Instruct,NVIDIA GeForce RTX 5060 Ti,42,MultiFieldQA-en,3,16,391,multi-hop,51.8055,0.0,52.0443,52.3025,0,1,0,0,96,352,352,327,49736056832,49736056832,42922156032,6.07,0.021,0.9,0.1,0.35,0.65,0.35,0.65
Qwen/Qwen2.5-7B-Instruct,NVIDIA GeForce RTX 5060 Ti,42,MultiFieldQA-en,3,16,392,multi-hop,51.6627,0.0,55.7971,55.4335,0,1,0,0,53,309,309,309,38326837248,38326837248,38326837248,6.07,0.021,0.9,0.1,0.35,0.65,0.35,0.65
Qwen/Qwen2.5-7B-Instruct,NVIDIA GeForce RTX 5060 Ti,42,MultiFieldQA-en,3,16,393,semantic,53.0741,0.0,54.2149,0.0,0,1,0,1,107,363,363,363,52893130752,52893130752,52893130752,6.07,0.021,0.9,0.1,0.35,0.65,0.35,0.65
Qwen/Qwen2.5-7B-Instruct,NVIDIA GeForce RTX 5060 Ti,42,MultiFieldQA-en,3,16,394,multi-hop,45.7153,49.1621,0.0,0.0,0,0,1,1,108,364,330,364,53184954368,43713331200,53184954368,6.07,0.021,0.9,0.1,0.35,0.65,0.35,0.65
Qwen/Qwen2.5-7B-Instruct,NVIDIA GeForce RTX 5060 Ti,42,MultiFieldQA-en,3,16,395,multi-hop,55.2673,57.0059,0.0,0.0,0,0,1,1,137,393,393,393,61997064192,61997064192,61997064192,6.07,0.021,0.9,0.1,0.35,0.65,0.35,0.65
Qwen/Qwen2.5-7B-Instruct,NVIDIA GeForce RTX 5060 Ti,42,MultiFieldQA-en,3,16,396,multi-hop,54.6642,55.4046,0.0,0.0,0,0,1,1,58,314,314,314,39577223168,39577223168,39577223168,6.07,0.021,0.9,0.1,0.35,0.65,0.35,0.65
Qwen/Qwen2.5-7B-Instruct,NVIDIA GeForce RTX 5060 Ti,42,MultiFieldQA-en,3,16,397,structural,53.321,0.0,52.3625,52.518,0,1,0,0,106,361,362,362,52311891968,52602109952,52602109952,6.07,0.021,0.9,0.1,0.35,0.65,0.35,0.65
Qwen/Qwen2.5-7B-Instruct,NVIDIA GeForce RTX 5060 Ti,42,MultiFieldQA-en,3,16,398,multi-hop,51.9426,50.6603,50.2117,0.0,0,0,0,1,10,29,29,187,337584128,337584128,14036836352,6.07,0.021,0.9,0.1,0.35,0.65,0.35,0.65
Qwen/Qwen2.5-7B-Instruct,NVIDIA GeForce RTX 5060 Ti,42,MultiFieldQA-en,3,16,399,multi-hop,52.045,0.0,55.3911,53.6362,0,1,0,0,60,316,316,316,40082997248,40082997248,40082997248,6.07,0.021,0.9,0.1,0.35,0.65,0.35,0.65
Qwen/Qwen2.5-7B-Instruct,NVIDIA GeForce RTX 5060 Ti,42,MultiFieldQA-en,3,16,400,multi-hop,50.705,0.0,51.6739,50.5901,0,1,0,0,23,225,232,263,20321280000,21605384192,27764989952,6.07,0.021,0.9,0.1,0.35,0.65,0.35,0.65
Qwen/Qwen2.5-7B-Instruct,NVIDIA GeForce RTX 5060 Ti,42,MultiFieldQA-en,3,16,401,structural,68.6839,67.2774,67.5982,67.7651,0,0,0,0,1,6,6,6,14450688,14450688,14450688,6.07,0.021,0.9,0.1,0.35,0.65,0.35,0.65
Qwen/Qwen2.5-7B-Instruct,NVIDIA GeForce RTX 5060 Ti,42,MultiFieldQA-en,3,16,402,semantic,50.3072,0.0,0.0,0.0,0,1,1,1,128,361,384,384,52311891968,59190018048,59190018048,6.07,0.021,0.9,0.1,0.35,0.65,0.35,0.65
Qwen/Qwen2.5-7B-Instruct,NVIDIA GeForce RTX 5060 Ti,42,MultiFieldQA-en,3,16,403,multi-hop,92.0277,92.8424,92.3495,106.009,0,0,0,0,194,367,450,414,54065242112,81285120000,68799725568,6.07,0.021,0.9,0.1,0.35,0.65,0.35,0.65
Qwen/Qwen2.5-7B-Instruct,NVIDIA GeForce RTX 5060 Ti,42,MultiFieldQA-en,3,16,404,semantic,55.2057,0.0,51.2548,0.0,0,1,0,1,73,317,294,287,40337088512,34696101888,33063575552,6.07,0.021,0.9,0.1,0.35,0.65,0.35,0.65
Qwen/Qwen2.5-7B-Instruct,NVIDIA GeForce RTX 5060 Ti,42,MultiFieldQA-en,3,16,405,structural,50.6596,53.0279,0.0,0.0,0,0,1,1,53,309,289,306,38326837248,33525997568,37586239488,6.07,0.021,0.9,0.1,0.35,0.65,0.35,0.65
Qwen/Qwen2.5-7B-Instruct,NVIDIA GeForce RTX 5060 Ti,42,MultiFieldQA-en,3,16,406,semantic,69.4072,0.0,0.0,0.0,0,1,1,1,115,371,371,371,55250198528,55250198528,55250198528,6.07,0.021,0.9,0.1,0.35,0.65,0.35,0.65
Qwen/Qwen2.5-7B-Instruct,NVIDIA GeForce RTX 5060 Ti,42,MultiFieldQA-en,3,16,407,multi-hop,44.489,45.7719,56.0504,48.4305,0,0,0,0,43,226,299,293,20502315008,35886276608,34460475392,6.07,0.021,0.9,0.1,0.35,0.65,0.35,0.65
Qwen/Qwen2.5-7B-Instruct,NVIDIA GeForce RTX 5060 Ti,42,MultiFieldQA-en,3,16,408,multi-hop,48.5955,0.0,48.0488,53.4509,0,1,0,0,43,226,299,293,20502315008,35886276608,34460475392,6.07,0.021,0.9,0.1,0.35,0.65,0.35,0.65
Qwen/Qwen2.5-7B-Instruct,NVIDIA GeForce RTX 5060 Ti,42,MultiFieldQA-en,3,16,409,semantic,51.7983,0.0,54.1876,0.0,0,1,0,1,109,365,365,365,53477580800,53477580800,53477580800,6.07,0.021,0.9,0.1,0.35,0.65,0.35,0.65
Qwen/Qwen2.5-7B-Instruct,NVIDIA GeForce RTX 5060 Ti,42,MultiFieldQA-en,3,16,410,multi-hop,0.0,0.0,50.8095,51.5518,1,1,0,0,137,393,393,393,61997064192,61997064192,61997064192,6.07,0.021,0.9,0.1,0.35,0.65,0.35,0.65
Qwen/Qwen2.5-7B-Instruct,NVIDIA GeForce RTX 5060 Ti,42,MultiFieldQA-en,3,16,411,structural,50.9748,50.187,51.8291,49.9714,0,0,0,0,1,6,6,6,14450688,14450688,14450688,6.07,0.021,0.9,0.1,0.35,0.65,0.35,0.65
Qwen/Qwen2.5-7B-Instruct,NVIDIA GeForce RTX 5060 Ti,42,MultiFieldQA-en,3,16,412,multi-hop,51.5361,0.0,51.9127,51.6722,0,1,0,0,159,415,398,415,69132492800,63584632832,69132492800,6.07,0.021,0.9,0.1,0.35,0.65,0.35,0.65
Qwen/Qwen2.5-7B-Instruct,NVIDIA GeForce RTX 5060 Ti,42,MultiFieldQA-en,3,16,413,multi-hop,50.2245,50.2766,50.7119,50.7071,0,0,0,0,1,6,6,6,14450688,14450688,14450688,6.07,0.021,0.9,0.1,0.35,0.65,0.35,0.65
Qwen/Qwen2.5-7B-Instruct,NVIDIA GeForce RTX 5060 Ti,42,MultiFieldQA-en,3,16,414,multi-hop,50.5971,0.0,52.0957,51.0261,0,1,0,0,85,341,341,306,46676123648,46676123648,37586239488,6.07,0.021,0.9,0.1,0.35,0.65,0.35,0.65
Qwen/Qwen2.5-7B-Instruct,NVIDIA GeForce RTX 5060 Ti,42,MultiFieldQA-en,3,16,415,semantic,44.6993,0.0,45.7806,0.0,0,1,0,1,111,351,367,351,49453867008,54065242112,49453867008,6.07,0.021,0.9,0.1,0.35,0.65,0.35,0.65
Qwen/Qwen2.5-7B-Instruct,NVIDIA GeForce RTX 5060 Ti,42,MultiFieldQA-en,3,16,416,semantic,48.4837,0.0,51.2263,0.0,0,1,0,1,78,334,334,334,44779470848,44779470848,44779470848,6.07,0.021,0.9,0.1,0.35,0.65,0.35,0.65
Qwen/Qwen2.5-7B-Instruct,NVIDIA GeForce RTX 5060 Ti,42,MultiFieldQA-en,3,16,417,semantic,43.2861,0.0,0.0,0.0,0,1,1,1,23,115,85,115,5308620800,2900172800,5308620800,6.07,0.021,0.9,0.1,0.35,0.65,0.35,0.65
Qwen/Qwen2.5-7B-Instruct,NVIDIA GeForce RTX 5060 Ti,42,MultiFieldQA-en,3,16,418,multi-hop,50.3734,51.3961,49.0886,52.4084,0,0,0,0,101,328,236,334,43185078272,22356819968,44779470848,6.07,0.021,0.9,0.1,0.35,0.65,0.35,0.65
Qwen/Qwen2.5-7B-Instruct,NVIDIA GeForce RTX 5060 Ti,42,MultiFieldQA-en,3,16,419,multi-hop,51.1952,52.4822,52.0095,54.1579,0,0,0,0,103,359,359,359,51733864448,51733864448,51733864448,6.07,0.021,0.9,0.1,0.35,0.65,0.35,0.65
Qwen/Qwen2.5-7B-Instruct,NVIDIA GeForce RTX 5060 Ti,42,MultiFieldQA-en,3,16,420,structural,52.5655,54.4865,53.7153,0.0,0,0,0,1,46,270,270,302,29262643200,29262643200,36610015232,6.07,0.021,0.9,0.1,0.35,0.65,0.35,0.65
Qwen/Qwen2.5-7B-Instruct,NVIDIA GeForce RTX 5060 Ti,42,MultiFieldQA-en,3,16,421,multi-hop,49.7837,48.0777,48.0998,46.3642,0,0,0,0,120,376,376,376,56749457408,56749457408,56749457408,6.07,0.021,0.9,0.1,0.35,0.65,0.35,0.65
Qwen/Qwen2.5-7B-Instruct,NVIDIA GeForce RTX 5060 Ti,42,MultiFieldQA-en,3,16,422,multi-hop,53.1793,0.0,0.0,55.2821,0,1,1,0,59,315,315,282,39829708800,39829708800,31921569792,6.07,0.021,0.9,0.1,0.35,0.65,0.35,0.65
Qwen/Qwen2.5-7B-Instruct,NVIDIA GeForce RTX 5060 Ti,42,MultiFieldQA-en,3,16,423,semantic,42.2795,0.0,0.0,0.0,0,1,1,1,8,29,29,29,337584128,337584128,337584128,6.07,0.021,0.9,0.1,0.35,0.65,0.35,0.65
Qwen/Qwen2.5-7B-Instruct,NVIDIA GeForce RTX 5060 Ti,42,MultiFieldQA-en,3,16,424,structural,65.5761,67.2019,0.0,67.2408,0,0,1,0,155,411,411,411,67806240768,67806240768,67806240768,6.07,0.021,0.9,0.1,0.35,0.65,0.35,0.65
Qwen/Qwen2.5-7B-Instruct,NVIDIA GeForce RTX 5060 Ti,42,MultiFieldQA-en,3,16,425,semantic,47.1681,0.0,0.0,0.0,0,1,1,1,79,335,322,322,45048012800,41619587072,41619587072,6.07,0.021,0.9,0.1,0.35,0.65,0.35,0.65
Qwen/Qwen2.5-7B-Instruct,NVIDIA GeForce RTX 5060 Ti,42,MultiFieldQA-en,3,16,426,multi-hop,43.0584,48.1984,43.1336,0.0,0,0,0,1,158,414,414,414,68799725568,68799725568,68799725568,6.07,0.021,0.9,0.1,0.35,0.65,0.35,0.65
Qwen/Qwen2.5-7B-Instruct,NVIDIA GeForce RTX 5060 Ti,42,MultiFieldQA-en,3,16,427,semantic,47.691,0.0,54.4991,48.0146,0,1,0,0,33,289,289,289,33525997568,33525997568,33525997568,6.07,0.021,0.9,0.1,0.35,0.65,0.35,0.65
Qwen/Qwen2.5-7B-Instruct,NVIDIA GeForce RTX 5060 Ti,42,MultiFieldQA-en,3,16,428,semantic,46.101,0.0,42.4589,42.0498,0,1,0,0,94,273,236,236,29916536832,22356819968,22356819968,6.07,0.021,0.9,0.1,0.35,0.65,0.35,0.65
Qwen/Qwen2.5-7B-Instruct,NVIDIA GeForce RTX 5060 Ti,42,MultiFieldQA-en,3,16,429,multi-hop,48.9588,50.6477,0.0,0.0,0,0,1,1,129,385,385,385,59498700800,59498700800,59498700800,6.07,0.021,0.9,0.1,0.35,0.65,0.35,0.65
Qwen/Qwen2.5-7B-Instruct,NVIDIA GeForce RTX 5060 Ti,42,MultiFieldQA-en,3,16,430,semantic,48.6396,0.0,49.413,48.5505,0,1,0,0,93,349,309,314,48891895808,38326837248,39577223168,6.07,0.021,0.9,0.1,0.35,0.65,0.35,0.65
Qwen/Qwen2.5-7B-Instruct,NVIDIA GeForce RTX 5060 Ti,42,MultiFieldQA-en,3,16,431,multi-hop,47.9792,49.0341,53.5023,49.292,0,0,0,0,15,258,259,271,26719322112,26926850048,29479804928,6.07,0.021,0.9,0.1,0.35,0.65,0.35,0.65
Qwen/Qwen2.5-7B-Instruct,NVIDIA GeForce RTX 5060 Ti,42,MultiFieldQA-en,3,16,432,structural,48.1381,49.964,50.4973,50.2925,0,0,0,0,66,319,322,322,40847679488,41619587072,41619587072,6.07,0.021,0.9,0.1,0.35,0.65,0.35,0.65
Qwen/Qwen2.5-7B-Instruct,NVIDIA GeForce RTX 5060 Ti,42,MultiFieldQA-en,3,16,433,structural,45.3503,47.9735,47.7933,0.0,0,0,0,1,41,297,297,297,35407798272,35407798272,35407798272,6.07,0.021,0.9,0.1,0.35,0.65,0.35,0.65
Qwen/Qwen2.5-7B-Instruct,NVIDIA GeForce RTX 5060 Ti,42,MultiFieldQA-en,3,16,434,multi-hop,44.9131,47.1104,47.4271,0.0,0,0,0,1,111,307,367,346,37832302592,54065242112,48054960128,6.07,0.021,0.9,0.1,0.35,0.65,0.35,0.65
Qwen/Qwen2.5-7B-Instruct,NVIDIA GeForce RTX 5060 Ti,42,MultiFieldQA-en,3,16,435,structural,52.6033,54.4759,0.0,0.0,0,0,1,1,105,361,360,361,52311891968,52022476800,52311891968,6.07,0.021,0.9,0.1,0.35,0.65,0.35,0.65
Qwen/Qwen2.5-7B-Instruct,NVIDIA GeForce RTX 5060 Ti,42,MultiFieldQA-en,3,16,436,multi-hop,50.7656,0.0,53.2052,48.189,0,1,0,0,17,273,273,273,29916536832,29916536832,29916536832,6.07,0.021,0.9,0.1,0.35,0.65,0.35,0.65
Qwen/Qwen2.5-7B-Instruct,NVIDIA GeForce RTX 5060 Ti,42,MultiFieldQA-en,3,16,437,multi-hop,43.2086,0.0,42.564,43.8055,0,1,0,0,134,390,390,390,61054156800,61054156800,61054156800,6.07,0.021,0.9,0.1,0.35,0.65,0.35,0.65
Qwen/Qwen2.5-7B-Instruct,NVIDIA GeForce RTX 5060 Ti,42,MultiFieldQA-en,3,16,438,multi-hop,39.7952,39.8326,41.2123,0.0,0,0,0,1,45,156,301,295,9768665088,36367966208,34932531200,6.07,0.021,0.9,0.1,0.35,0.65,0.35,0.65
Qwen/Qwen2.5-7B-Instruct,NVIDIA GeForce RTX 5060 Ti,42,MultiFieldQA-en,3,16,439,semantic,47.4452,0.0,48.4427,47.1245,0,1,0,0,21,111,277,36,4945747968,30799634432,520224768,6.07,0.021,0.9,0.1,0.35,0.65,0.35,0.65
Qwen/Qwen2.5-7B-Instruct,NVIDIA GeForce RTX 5060 Ti,42,MultiFieldQA-en,3,16,440,multi-hop,45.883,0.0,0.0,48.741,0,1,1,0,63,305,293,319,37340979200,34460475392,40847679488,6.07,0.021,0.9,0.1,0.35,0.65,0.35,0.65
Qwen/Qwen2.5-7B-Instruct,NVIDIA GeForce RTX 5060 Ti,42,MultiFieldQA-en,3,16,441,multi-hop,65.6553,0.0,0.0,64.7244,0,1,1,0,111,367,367,284,54065242112,54065242112,32375963648,6.07,0.021,0.9,0.1,0.35,0.65,0.35,0.65
Qwen/Qwen2.5-7B-Instruct,NVIDIA GeForce RTX 5060 Ti,42,MultiFieldQA-en,3,16,442,semantic,48.6898,0.0,49.8176,50.3895,0,1,0,0,156,412,412,412,68136599552,68136599552,68136599552,6.07,0.021,0.9,0.1,0.35,0.65,0.35,0.65
Qwen/Qwen2.5-7B-Instruct,NVIDIA GeForce RTX 5060 Ti,42,MultiFieldQA-en,3,16,443,structural,63.6832,71.8291,65.3703,66.7116,0,0,0,0,11,267,267,267,28615974912,28615974912,28615974912,6.07,0.021,0.9,0.1,0.35,0.65,0.35,0.65
Qwen/Qwen2.5-7B-Instruct,NVIDIA GeForce RTX 5060 Ti,42,MultiFieldQA-en,3,16,444,multi-hop,65.8315,0.0,74.0261,73.8056,0,1,0,0,150,406,406,406,66166489088,66166489088,66166489088,6.07,0.021,0.9,0.1,0.35,0.65,0.35,0.65
Qwen/Qwen2.5-7B-Instruct,NVIDIA GeForce RTX 5060 Ti,42,MultiFieldQA-en,3,16,445,structural,46.6708,44.9263,46.3036,46.6342,0,0,0,0,1,6,6,6,14450688,14450688,14450688,6.07,0.021,0.9,0.1,0.35,0.65,0.35,0.65
Qwen/Qwen2.5-7B-Instruct,NVIDIA GeForce RTX 5060 Ti,42,MultiFieldQA-en,3,16,446,structural,51.0812,54.2842,52.3893,0.0,0,0,0,1,106,361,362,362,52311891968,52602109952,52602109952,6.07,0.021,0.9,0.1,0.35,0.65,0.35,0.65
Qwen/Qwen2.5-7B-Instruct,NVIDIA GeForce RTX 5060 Ti,42,MultiFieldQA-en,3,16,447,multi-hop,51.0515,54.037,0.0,0.0,0,0,1,1,103,359,318,318,51733864448,40591982592,40591982592,6.07,0.021,0.9,0.1,0.35,0.65,0.35,0.65
Qwen/Qwen2.5-7B-Instruct,NVIDIA GeForce RTX 5060 Ti,42,MultiFieldQA-en,3,16,448,multi-hop,52.2409,57.4489,0.0,0.0,0,0,1,1,81,273,283,263,29916536832,32148365312,27764989952,6.07,0.021,0.9,0.1,0.35,0.65,0.35,0.65
Qwen/Qwen2.5-7B-Instruct,NVIDIA GeForce RTX 5060 Ti,42,MultiFieldQA-en,3,16,449,semantic,53.7043,0.0,0.0,0.0,0,1,1,1,83,339,339,339,46130208768,46130208768,46130208768,6.07,0.021,0.9,0.1,0.35,0.65,0.35,0.65
Qwen/Qwen2.5-7B-Instruct,NVIDIA GeForce RTX 5060 Ti,42,MultiFieldQA-en,3,16,450,structural,52.2926,49.9886,49.541,48.1173,0,0,0,0,76,332,332,332,44244795392,44244795392,44244795392,6.07,0.021,0.9,0.1,0.35,0.65,0.35,0.65
Qwen/Qwen2.5-7B-Instruct,NVIDIA GeForce RTX 5060 Ti,42,MultiFieldQA-en,3,16,451,semantic,49.3528,0.0,0.0,0.0,0,1,1,1,97,353,353,353,50019049472,50019049472,50019049472,6.07,0.021,0.9,0.1,0.35,0.65,0.35,0.65
Qwen/Qwen2.5-7B-Instruct,NVIDIA GeForce RTX 5060 Ti,42,MultiFieldQA-en,3,16,452,structural,52.2571,49.9654,47.999,49.5303,0,0,0,0,110,366,335,355,53771010048,45048012800,50587443200,6.07,0.021,0.9,0.1,0.35,0.65,0.35,0.65
Qwen/Qwen2.5-7B-Instruct,NVIDIA GeForce RTX 5060 Ti,42,MultiFieldQA-en,3,16,453,multi-hop,49.3232,0.0,55.0876,48.9721,0,1,0,0,96,352,352,352,49736056832,49736056832,49736056832,6.07,0.021,0.9,0.1,0.35,0.65,0.35,0.65
Qwen/Qwen2.5-7B-Instruct,NVIDIA GeForce RTX 5060 Ti,42,MultiFieldQA-en,3,16,454,multi-hop,50.0403,52.0467,50.4727,0.0,0,0,0,1,96,352,352,352,49736056832,49736056832,49736056832,6.07,0.021,0.9,0.1,0.35,0.65,0.35,0.65
Qwen/Qwen2.5-7B-Instruct,NVIDIA GeForce RTX 5060 Ti,42,MultiFieldQA-en,3,16,455,semantic,65.4732,0.0,69.6643,0.0,0,1,0,1,163,419,419,419,70471589888,70471589888,70471589888,6.07,0.021,0.9,0.1,0.35,0.65,0.35,0.65
Qwen/Qwen2.5-7B-Instruct,NVIDIA GeForce RTX 5060 Ti,42,MultiFieldQA-en,3,16,456,semantic,49.1715,0.0,49.6735,49.1266,0,1,0,0,20,272,276,276,29697769472,30577655808,30577655808,6.07,0.021,0.9,0.1,0.35,0.65,0.35,0.65
Qwen/Qwen2.5-7B-Instruct,NVIDIA GeForce RTX 5060 Ti,42,MultiFieldQA-en,3,16,457,multi-hop,44.8928,0.0,0.0,48.769,0,1,1,0,137,393,393,393,61997064192,61997064192,61997064192,6.07,0.021,0.9,0.1,0.35,0.65,0.35,0.65
Qwen/Qwen2.5-7B-Instruct,NVIDIA GeForce RTX 5060 Ti,42,MultiFieldQA-en,3,16,458,multi-hop,72.2505,0.0,77.9689,74.395,0,1,0,0,150,406,406,406,66166489088,66166489088,66166489088,6.07,0.021,0.9,0.1,0.35,0.65,0.35,0.65
Qwen/Qwen2.5-7B-Instruct,NVIDIA GeForce RTX 5060 Ti,42,MultiFieldQA-en,3,16,459,multi-hop,48.4557,0.0,46.3033,46.7936,0,1,0,0,26,282,282,282,31921569792,31921569792,31921569792,6.07,0.021,0.9,0.1,0.35,0.65,0.35,0.65
Qwen/Qwen2.5-7B-Instruct,NVIDIA GeForce RTX 5060 Ti,42,MultiFieldQA-en,3,16,460,structural,53.9146,56.6956,0.0,0.0,0,0,1,1,111,367,365,365,54065242112,53477580800,53477580800,6.07,0.021,0.9,0.1,0.35,0.65,0.35,0.65
Qwen/Qwen2.5-7B-Instruct,NVIDIA GeForce RTX 5060 Ti,42,MultiFieldQA-en,3,16,461,semantic,78.4687,0.0,76.0349,74.2049,0,1,0,0,158,414,414,414,68799725568,68799725568,68799725568,6.07,0.021,0.9,0.1,0.35,0.65,0.35,0.65
Qwen/Qwen2.5-7B-Instruct,NVIDIA GeForce RTX 5060 Ti,42,MultiFieldQA-en,3,16,462,structural,56.8902,51.7111,50.1369,0.0,0,0,0,1,107,363,363,363,52893130752,52893130752,52893130752,6.07,0.021,0.9,0.1,0.35,0.65,0.35,0.65
Qwen/Qwen2.5-7B-Instruct,NVIDIA GeForce RTX 5060 Ti,42,MultiFieldQA-en,3,16,463,semantic,42.5566,0.0,0.0,0.0,0,1,1,1,73,317,308,311,40337088512,38079168512,38824583168,6.07,0.021,0.9,0.1,0.35,0.65,0.35,0.65
Qwen/Qwen2.5-7B-Instruct,NVIDIA GeForce RTX 5060 Ti,42,MultiFieldQA-en,3,16,464,multi-hop,46.0389,45.4699,42.1957,0.0,0,0,0,1,47,217,270,196,18901901312,29262643200,15420489728,6.07,0.021,0.9,0.1,0.35,0.65,0.35,0.65
Qwen/Qwen2.5-7B-Instruct,NVIDIA GeForce RTX 5060 Ti,42,MultiFieldQA-en,3,16,465,semantic,0.0,0.0,67.5606,68.2187,1,1,0,0,102,358,358,358,51446054912,51446054912,51446054912,6.07,0.021,0.9,0.1,0.35,0.65,0.35,0.65
Qwen/Qwen2.5-7B-Instruct,NVIDIA GeForce RTX 5060 Ti,42,MultiFieldQA-en,3,16,466,semantic,0.0,52.568,52.0015,50.2714,1,0,0,0,99,355,355,355,50587443200,50587443200,50587443200,6.07,0.021,0.9,0.1,0.35,0.65,0.35,0.65
Qwen/Qwen2.5-7B-Instruct,NVIDIA GeForce RTX 5060 Ti,42,MultiFieldQA-en,3,16,467,structural,0.0,0.0,0.0,0.0,1,1,1,1,116,372,372,372,55548444672,55548444672,55548444672,6.07,0.021,0.9,0.1,0.35,0.65,0.35,0.65
Qwen/Qwen2.5-7B-Instruct,NVIDIA GeForce RTX 5060 Ti,42,MultiFieldQA-en,3,16,468,structural,52.3457,54.6983,48.8776,49.083,0,0,0,0,37,245,281,293,24094515200,31695577088,34460475392,6.07,0.021,0.9,0.1,0.35,0.65,0.35,0.65
Qwen/Qwen2.5-7B-Instruct,NVIDIA GeForce RTX 5060 Ti,42,MultiFieldQA-en,3,16,469,multi-hop,39.8533,43.1297,40.8126,40.9481,0,0,0,0,91,347,347,347,48333135872,48333135872,48333135872,6.07,0.021,0.9,0.1,0.35,0.65,0.35,0.65
Qwen/Qwen2.5-7B-Instruct,NVIDIA GeForce RTX 5060 Ti,42,MultiFieldQA-en,3,16,470,multi-hop,53.9733,0.0,55.5122,56.095,0,1,0,0,135,391,391,391,61367656448,61367656448,61367656448,6.07,0.021,0.9,0.1,0.35,0.65,0.35,0.65
Qwen/Qwen2.5-7B-Instruct,NVIDIA GeForce RTX 5060 Ti,42,MultiFieldQA-en,3,16,471,structural,51.6587,77.6725,54.5113,0.0,0,0,0,1,63,235,285,301,22167756800,32604364800,36367966208,6.07,0.021,0.9,0.1,0.35,0.65,0.35,0.65
Qwen/Qwen2.5-7B-Instruct,NVIDIA GeForce RTX 5060 Ti,42,MultiFieldQA-en,3,16,472,multi-hop,52.7866,55.969,0.0,0.0,0,0,1,1,116,335,369,372,45048012800,54656114688,55548444672,6.07,0.021,0.9,0.1,0.35,0.65,0.35,0.65
Qwen/Qwen2.5-7B-Instruct,NVIDIA GeForce RTX 5060 Ti,42,MultiFieldQA-en,3,16,473,semantic,76.2405,0.0,72.1583,73.7365,0,1,0,0,114,370,370,370,54952755200,54952755200,54952755200,6.07,0.021,0.9,0.1,0.35,0.65,0.35,0.65
Qwen/Qwen2.5-7B-Instruct,NVIDIA GeForce RTX 5060 Ti,42,MultiFieldQA-en,3,16,474,multi-hop,53.4833,0.0,54.3057,52.4578,0,1,0,0,86,309,330,330,38326837248,43713331200,43713331200,6.07,0.021,0.9,0.1,0.35,0.65,0.35,0.65
Qwen/Qwen2.5-7B-Instruct,NVIDIA GeForce RTX 5060 Ti,42,MultiFieldQA-en,3,16,475,multi-hop,53.0507,0.0,0.0,52.0129,0,1,1,0,137,393,393,393,61997064192,61997064192,61997064192,6.07,0.021,0.9,0.1,0.35,0.65,0.35,0.65
Qwen/Qwen2.5-7B-Instruct,NVIDIA GeForce RTX 5060 Ti,42,MultiFieldQA-en,3,16,476,multi-hop,49.594,49.0419,49.7242,0.0,0,0,0,1,61,317,296,268,40337088512,35169763328,28830728192,6.07,0.021,0.9,0.1,0.35,0.65,0.35,0.65
Qwen/Qwen2.5-7B-Instruct,NVIDIA GeForce RTX 5060 Ti,42,MultiFieldQA-en,3,16,477,multi-hop,68.7354,67.7511,0.0,0.0,0,0,1,1,47,303,303,303,36852867072,36852867072,36852867072,6.07,0.021,0.9,0.1,0.35,0.65,0.35,0.65
Qwen/Qwen2.5-7B-Instruct,NVIDIA GeForce RTX 5060 Ti,42,MultiFieldQA-en,3,16,478,structural,50.4194,48.8233,49.4799,50.8976,0,0,0,0,5,41,41,158,674766848,674766848,10020749312,6.07,0.021,0.9,0.1,0.35,0.65,0.35,0.65
Qwen/Qwen2.5-7B-Instruct,NVIDIA GeForce RTX 5060 Ti,42,MultiFieldQA-en,3,16,479,structural,51.9764,57.2882,50.7399,0.0,0,0,0,1,96,317,322,352,40337088512,41619587072,49736056832,6.07,0.021,0.9,0.1,0.35,0.65,0.35,0.65
Qwen/Qwen2.5-7B-Instruct,NVIDIA GeForce RTX 5060 Ti,42,MultiFieldQA-en,3,16,480,semantic,54.8965,0.0,49.0752,0.0,0,1,0,1,78,334,334,334,44779470848,44779470848,44779470848,6.07,0.021,0.9,0.1,0.35,0.65,0.35,0.65
Qwen/Qwen2.5-7B-Instruct,NVIDIA GeForce RTX 5060 Ti,42,MultiFieldQA-en,3,16,481,multi-hop,67.6481,70.3247,67.6049,69.6299,0,0,0,0,150,406,406,406,66166489088,66166489088,66166489088,6.07,0.021,0.9,0.1,0.35,0.65,0.35,0.65
Qwen/Qwen2.5-7B-Instruct,NVIDIA GeForce RTX 5060 Ti,42,MultiFieldQA-en,3,16,482,structural,66.3709,66.9482,0.0,67.5136,0,0,1,0,114,370,370,370,54952755200,54952755200,54952755200,6.07,0.021,0.9,0.1,0.35,0.65,0.35,0.65
Qwen/Qwen2.5-7B-Instruct,NVIDIA GeForce RTX 5060 Ti,42,MultiFieldQA-en,3,16,483,structural,37.7914,38.5177,43.0058,38.0088,0,0,0,0,5,41,41,192,674766848,674766848,14797504512,6.07,0.021,0.9,0.1,0.35,0.65,0.35,0.65
Qwen/Qwen2.5-7B-Instruct,NVIDIA GeForce RTX 5060 Ti,42,MultiFieldQA-en,3,16,484,multi-hop,46.5431,49.3383,47.7659,0.0,0,0,0,1,111,367,367,284,54065242112,54065242112,32375963648,6.07,0.021,0.9,0.1,0.35,0.65,0.35,0.65
Qwen/Qwen2.5-7B-Instruct,NVIDIA GeForce RTX 5060 Ti,42,MultiFieldQA-en,3,16,485,multi-hop,52.0134,56.2617,0.0,0.0,0,0,1,1,110,366,337,337,53771010048,45587505152,45587505152,6.07,0.021,0.9,0.1,0.35,0.65,0.35,0.65
Qwen/Qwen2.5-7B-Instruct,NVIDIA GeForce RTX 5060 Ti,42,MultiFieldQA-en,3,16,486,multi-hop,53.4524,0.0,57.1686,55.3626,0,1,0,0,110,366,366,366,53771010048,53771010048,53771010048,6.07,0.021,0.9,0.1,0.35,0.65,0.35,0.65
Qwen/Qwen2.5-7B-Instruct,NVIDIA GeForce RTX 5060 Ti,42,MultiFieldQA-en,3,16,487,semantic,52.8632,0.0,54.3394,50.2215,0,1,0,0,122,378,378,378,57354780672,57354780672,57354780672,6.07,0.021,0.9,0.1,0.35,0.65,0.35,0.65
Qwen/Qwen2.5-7B-Instruct,NVIDIA GeForce RTX 5060 Ti,42,MultiFieldQA-en,3,16,488,multi-hop,49.0319,0.0,51.7839,48.4253,0,1,0,0,45,301,301,301,36367966208,36367966208,36367966208,6.07,0.021,0.9,0.1,0.35,0.65,0.35,0.65
Qwen/Qwen2.5-7B-Instruct,NVIDIA GeForce RTX 5060 Ti,42,MultiFieldQA-en,3,16,489,multi-hop,48.5787,0.0,49.3675,50.4476,0,1,0,0,142,398,398,398,63584632832,63584632832,63584632832,6.07,0.021,0.9,0.1,0.35,0.65,0.35,0.65
Qwen/Qwen2.5-7B-Instruct,NVIDIA GeForce RTX 5060 Ti,42,MultiFieldQA-en,3,16,490,structural,40.1841,41.0615,40.8089,41.4473,0,0,0,0,32,231,288,288,21419532288,33294385152,33294385152,6.07,0.021,0.9,0.1,0.35,0.65,0.35,0.65
Qwen/Qwen2.5-7B-Instruct,NVIDIA GeForce RTX 5060 Ti,42,MultiFieldQA-en,3,16,491,structural,51.3065,49.2301,48.3039,51.2922,0,0,0,0,5,29,38,261,337584128,579633152,27344314368,6.07,0.021,0.9,0.1,0.35,0.65,0.35,0.65
Qwen/Qwen2.5-7B-Instruct,NVIDIA GeForce RTX 5060 Ti,42,MultiFieldQA-en,3,16,492,structural,46.9754,43.5804,42.2878,42.0819,0,0,0,0,86,306,329,342,37586239488,43448803328,46950285312,6.07,0.021,0.9,0.1,0.35,0.65,0.35,0.65
Qwen/Qwen2.5-7B-Instruct,NVIDIA GeForce RTX 5060 Ti,42,MultiFieldQA-en,3,16,493,multi-hop,47.8149,0.0,0.0,53.9482,0,1,1,0,85,268,341,341,28830728192,46676123648,46676123648,6.07,0.021,0.9,0.1,0.35,0.65,0.35,0.65
Qwen/Qwen2.5-7B-Instruct,NVIDIA GeForce RTX 5060 Ti,42,MultiFieldQA-en,3,16,494,multi-hop,37.5188,37.7882,37.8841,39.0286,0,0,0,0,100,356,356,356,50872844288,50872844288,50872844288,6.07,0.021,0.9,0.1,0.35,0.65,0.35,0.65
Qwen/Qwen2.5-7B-Instruct,NVIDIA GeForce RTX 5060 Ti,42,MultiFieldQA-en,3,16,495,structural,0.0,49.8172,49.5208,0.0,1,0,0,1,121,377,377,377,57051717632,57051717632,57051717632,6.07,0.021,0.9,0.1,0.35,0.65,0.35,0.65
Qwen/Qwen2.5-7B-Instruct,NVIDIA GeForce RTX 5060 Ti,42,MultiFieldQA-en,3,16,496,structural,52.3929,53.3485,53.5661,52.4515,0,0,0,0,34,290,283,290,33758412800,32148365312,33758412800,6.07,0.021,0.9,0.1,0.35,0.65,0.35,0.65
Qwen/Qwen2.5-7B-Instruct,NVIDIA GeForce RTX 5060 Ti,42,MultiFieldQA-en,3,16,497,semantic,72.1254,0.0,71.6113,0.0,0,1,0,1,150,406,406,406,66166489088,66166489088,66166489088,6.07,0.021,0.9,0.1,0.35,0.65,0.35,0.65
Qwen/Qwen2.5-7B-Instruct,NVIDIA GeForce RTX 5060 Ti,42,MultiFieldQA-en,3,16,498,multi-hop,54.3908,0.0,55.6025,53.4847,0,1,0,0,53,309,309,309,38326837248,38326837248,38326837248,6.07,0.021,0.9,0.1,0.35,0.65,0.35,0.65
Qwen/Qwen2.5-7B-Instruct,NVIDIA GeForce RTX 5060 Ti,42,MultiFieldQA-en,3,16,499,semantic,0.0,0.0,47.5693,47.3555,1,1,0,0,86,306,329,342,37586239488,43448803328,46950285312,6.07,0.021,0.9,0.1,0.35,0.65,0.35,0.65
Qwen/Qwen2.5-7B-Instruct,NVIDIA GeForce RTX 5060 Ti,42,MultiFieldQA-en,3,16,500,structural,50.0645,53.146,52.5098,51.5354,0,0,0,0,58,314,314,314,39577223168,39577223168,39577223168,6.07,0.021,0.9,0.1,0.35,0.65,0.35,0.65
Qwen/Qwen2.5-7B-Instruct,NVIDIA GeForce RTX 5060 Ti,42,MultiFieldQA-en,3,16,501,multi-hop,0.0,66.9545,66.0368,67.9036,1,0,0,0,94,350,350,350,49172480000,49172480000,49172480000,6.07,0.021,0.9,0.1,0.35,0.65,0.35,0.65
Qwen/Qwen2.5-7B-Instruct,NVIDIA GeForce RTX 5060 Ti,42,MultiFieldQA-en,3,16,502,multi-hop,41.0666,40.687,41.7565,41.5638,0,0,0,0,32,231,288,288,21419532288,33294385152,33294385152,6.07,0.021,0.9,0.1,0.35,0.65,0.35,0.65
Qwen/Qwen2.5-7B-Instruct,NVIDIA GeForce RTX 5060 Ti,42,MultiFieldQA-en,3,16,503,structural,48.4065,50.8136,50.3998,54.4387,0,0,0,0,96,352,352,352,49736056832,49736056832,49736056832,6.07,0.021,0.9,0.1,0.35,0.65,0.35,0.65
Qwen/Qwen2.5-7B-Instruct,NVIDIA GeForce RTX 5060 Ti,42,MultiFieldQA-en,3,16,504,structural,49.8225,0.0,0.0,0.0,0,1,1,1,201,457,417,457,83833659392,69800435712,83833659392,6.07,0.021,0.9,0.1,0.35,0.65,0.35,0.65
Qwen/Qwen2.5-7B-Instruct,NVIDIA GeForce RTX 5060 Ti,42,MultiFieldQA-en,3,16,505,multi-hop,47.3987,52.3698,48.3006,48.1765,0,0,0,0,106,357,340,340,51159048192,46402764800,46402764800,6.07,0.021,0.9,0.1,0.35,0.65,0.35,0.65
Qwen/Qwen2.5-7B-Instruct,NVIDIA GeForce RTX 5060 Ti,42,MultiFieldQA-en,3,16,506,multi-hop,48.4834,0.0,0.0,50.7496,0,1,1,0,111,307,367,346,37832302592,54065242112,48054960128,6.07,0.021,0.9,0.1,0.35,0.65,0.35,0.65
Qwen/Qwen2.5-7B-Instruct,NVIDIA GeForce RTX 5060 Ti,42,MultiFieldQA-en,3,16,507,multi-hop,75.9679,72.0098,65.2427,65.917,0,0,0,0,11,267,267,267,28615974912,28615974912,28615974912,6.07,0.021,0.9,0.1,0.35,0.65,0.35,0.65
Qwen/Qwen2.5-7B-Instruct,NVIDIA GeForce RTX 5060 Ti,42,MultiFieldQA-en,3,16,508,structural,66.8117,72.9592,0.0,0.0,0,0,1,1,34,290,290,290,33758412800,33758412800,33758412800,6.07,0.021,0.9,0.1,0.35,0.65,0.35,0.65
Qwen/Qwen2.5-7B-Instruct,NVIDIA GeForce RTX 5060 Ti,42,MultiFieldQA-en,3,16,509,structural,50.9893,52.7879,51.7786,0.0,0,0,0,1,46,270,270,302,29262643200,29262643200,36610015232,6.07,0.021,0.9,0.1,0.35,0.65,0.35,0.65
Qwen/Qwen2.5-7B-Instruct,NVIDIA GeForce RTX 5060 Ti,42,MultiFieldQA-en,3,16,510,semantic,53.2888,0.0,0.0,0.0,0,1,1,1,110,366,366,366,53771010048,53771010048,53771010048,6.07,0.021,0.9,0.1,0.35,0.65,0.35,0.65
Qwen/Qwen2.5-7B-Instruct,NVIDIA GeForce RTX 5060 Ti,42,MultiFieldQA-en,3,16,511,structural,54.673,0.0,56.7191,54.1362,0,1,0,0,90,279,346,268,31246000128,48054960128,28830728192,6.07,0.021,0.9,0.1,0.35,0.65,0.35,0.65
Qwen/Qwen2.5-7B-Instruct,NVIDIA GeForce RTX 5060 Ti,42,MultiFieldQA-en,3,16,512,multi-hop,52.1237,54.4129,55.5279,0.0,0,0,0,1,17,230,273,273,21234483200,29916536832,29916536832,6.07,0.021,0.9,0.1,0.35,0.65,0.35,0.65
Qwen/Qwen2.5-7B-Instruct,NVIDIA GeForce RTX 5060 Ti,42,MultiFieldQA-en,3,16,513,multi-hop,57.4863,0.0,51.0251,51.3857,0,1,0,0,122,378,378,378,57354780672,57354780672,57354780672,6.07,0.021,0.9,0.1,0.35,0.65,0.35,0.65
Qwen/Qwen2.5-7B-Instruct,NVIDIA GeForce RTX 5060 Ti,42,MultiFieldQA-en,3,16,514,multi-hop,43.8364,45.6189,0.0,0.0,0,0,1,1,91,347,325,334,48333135872,42398720000,44779470848,6.07,0.021,0.9,0.1,0.35,0.65,0.35,0.65
Qwen/Qwen2.5-7B-Instruct,NVIDIA GeForce RTX 5060 Ti,42,MultiFieldQA-en,3,16,515,structural,67.2299,67.0023,68.4326,67.9607,0,0,0,0,121,377,377,377,57051717632,57051717632,57051717632,6.07,0.021,0.9,0.1,0.35,0.65,0.35,0.65
Qwen/Qwen2.5-7B-Instruct,NVIDIA GeForce RTX 5060 Ti,42,MultiFieldQA-en,3,16,516,multi-hop,48.18,0.0,49.6198,50.1655,0,1,0,0,55,311,303,272,38824583168,36852867072,29697769472,6.07,0.021,0.9,0.1,0.35,0.65,0.35,0.65
Qwen/Qwen2.5-7B-Instruct,NVIDIA GeForce RTX 5060 Ti,42,MultiFieldQA-en,3,16,517,multi-hop,47.9828,0.0,48.5082,50.8868,0,1,0,0,125,381,381,381,58268786688,58268786688,58268786688,6.07,0.021,0.9,0.1,0.35,0.65,0.35,0.65
Qwen/Qwen2.5-7B-Instruct,NVIDIA GeForce RTX 5060 Ti,42,MultiFieldQA-en,3,16,518,multi-hop,88.3412,0.0,88.1383,88.6502,0,1,0,0,58,314,314,314,39577223168,39577223168,39577223168,6.07,0.021,0.9,0.1,0.35,0.65,0.35,0.65
Qwen/Qwen2.5-7B-Instruct,NVIDIA GeForce RTX 5060 Ti,42,MultiFieldQA-en,3,16,519,structural,49.5083,51.1893,49.9544,50.0872,0,0,0,0,101,328,236,334,43185078272,22356819968,44779470848,6.07,0.021,0.9,0.1,0.35,0.65,0.35,0.65
Qwen/Qwen2.5-7B-Instruct,NVIDIA GeForce RTX 5060 Ti,42,MultiFieldQA-en,3,16,520,semantic,50.8631,0.0,51.1282,49.5603,0,1,0,0,100,356,356,356,50872844288,50872844288,50872844288,6.07,0.021,0.9,0.1,0.35,0.65,0.35,0.65
Qwen/Qwen2.5-7B-Instruct,NVIDIA GeForce RTX 5060 Ti,42,MultiFieldQA-en,3,16,521,structural,46.906,48.3566,47.0047,0.0,0,0,0,1,119,375,375,375,56448000000,56448000000,56448000000,6.07,0.021,0.9,0.1,0.35,0.65,0.35,0.65
Qwen/Qwen2.5-7B-Instruct,NVIDIA GeForce RTX 5060 Ti,42,MultiFieldQA-en,3,16,522,multi-hop,73.6772,73.5606,0.0,0.0,0,0,1,1,34,290,290,290,33758412800,33758412800,33758412800,6.07,0.021,0.9,0.1,0.35,0.65,0.35,0.65
Qwen/Qwen2.5-7B-Instruct,NVIDIA GeForce RTX 5060 Ti,42,MultiFieldQA-en,3,16,523,semantic,75.0,0.0,80.3629,0.0,0,1,0,1,150,406,406,406,66166489088,66166489088,66166489088,6.07,0.021,0.9,0.1,0.35,0.65,0.35,0.65
Qwen/Qwen2.5-7B-Instruct,NVIDIA GeForce RTX 5060 Ti,42,MultiFieldQA-en,3,16,524,multi-hop,46.4622,47.6547,0.0,0.0,0,0,1,1,60,316,316,316,40082997248,40082997248,40082997248,6.07,0.021,0.9,0.1,0.35,0.65,0.35,0.65
Qwen/Qwen2.5-7B-Instruct,NVIDIA GeForce RTX 5060 Ti,42,MultiFieldQA-en,3,16,525,semantic,52.382,0.0,0.0,0.0,0,1,1,1,108,364,363,363,53184954368,52893130752,52893130752,6.07,0.021,0.9,0.1,0.35,0.65,0.35,0.65
Qwen/Qwen2.5-7B-Instruct,NVIDIA GeForce RTX 5060 Ti,42,MultiFieldQA-en,3,16,526,multi-hop,0.0,42.946,45.4762,42.938,1,0,0,0,247,503,503,503,101559836672,101559836672,101559836672,6.07,0.021,0.9,0.1,0.35,0.65,0.35,0.65
Qwen/Qwen2.5-7B-Instruct,NVIDIA GeForce RTX 5060 Ti,42,MultiFieldQA-en,3,16,527,semantic,69.6115,0.0,0.0,0.0,0,1,1,1,155,411,411,411,67806240768,67806240768,67806240768,6.07,0.021,0.9,0.1,0.35,0.65,0.35,0.65
Qwen/Qwen2.5-7B-Instruct,NVIDIA GeForce RTX 5060 Ti,42,MultiFieldQA-en,3,16,528,semantic,47.7694,0.0,49.477,48.4523,0,1,0,0,88,312,278,315,39074660352,31022415872,39829708800,6.07,0.021,0.9,0.1,0.35,0.65,0.35,0.65
Qwen/Qwen2.5-7B-Instruct,NVIDIA GeForce RTX 5060 Ti,42,MultiFieldQA-en,3,16,529,structural,49.2136,53.8814,48.1729,0.0,0,0,0,1,73,282,295,258,31921569792,34932531200,26719322112,6.07,0.021,0.9,0.1,0.35,0.65,0.35,0.65
Qwen/Qwen2.5-7B-Instruct,NVIDIA GeForce RTX 5060 Ti,42,MultiFieldQA-en,3,16,530,semantic,48.2354,0.0,49.761,0.0,0,1,0,1,80,336,336,336,45317357568,45317357568,45317357568,6.07,0.021,0.9,0.1,0.35,0.65,0.35,0.65
Qwen/Qwen2.5-7B-Instruct,NVIDIA GeForce RTX 5060 Ti,42,MultiFieldQA-en,3,16,531,structural,49.9278,52.477,49.4931,0.0,0,0,0,1,68,287,324,292,33063575552,42138206208,34225651712,6.07,0.021,0.9,0.1,0.35,0.65,0.35,0.65
Qwen/Qwen2.5-7B-Instruct,NVIDIA GeForce RTX 5060 Ti,42,MultiFieldQA-en,3,16,532,multi-hop,50.6439,0.0,51.752,48.7531,0,1,0,0,135,391,391,391,61367656448,61367656448,61367656448,6.07,0.021,0.9,0.1,0.35,0.65,0.35,0.65
Qwen/Qwen2.5-7B-Instruct,NVIDIA GeForce RTX 5060 Ti,42,MultiFieldQA-en,3,16,533,semantic,45.5202,0.0,0.0,0.0,0,1,1,1,10,29,29,29,337584128,337584128,337584128,6.07,0.021,0.9,0.1,0.35,0.65,0.35,0.65
Qwen/Qwen2.5-7B-Instruct,NVIDIA GeForce RTX 5060 Ti,42,MultiFieldQA-en,3,16,534,multi-hop,49.1116,50.409,48.0442,53.803,0,0,0,0,100,356,329,322,50872844288,43448803328,41619587072,6.07,0.021,0.9,0.1,0.35,0.65,0.35,0.65
Qwen/Qwen2.5-7B-Instruct,NVIDIA GeForce RTX 5060 Ti,42,MultiFieldQA-en,3,16,535,multi-hop,56.4054,0.0,56.8101,56.6205,0,1,0,0,201,457,417,457,83833659392,69800435712,83833659392,6.07,0.021,0.9,0.1,0.35,0.65,0.35,0.65
Qwen/Qwen2.5-7B-Instruct,NVIDIA GeForce RTX 5060 Ti,42,MultiFieldQA-en,3,16,536,multi-hop,53.0379,57.8944,57.644,0.0,0,0,0,1,144,400,400,400,64225280000,64225280000,64225280000,6.07,0.021,0.9,0.1,0.35,0.65,0.35,0.65
Qwen/Qwen2.5-7B-Instruct,NVIDIA GeForce RTX 5060 Ti,42,MultiFieldQA-en,3,16,537,structural,63.0466,54.4438,0.0,0.0,0,0,1,1,103,359,318,318,51733864448,40591982592,40591982592,6.07,0.021,0.9,0.1,0.35,0.65,0.35,0.65
Qwen/Qwen2.5-7B-Instruct,NVIDIA GeForce RTX 5060 Ti,42,MultiFieldQA-en,3,16,538,multi-hop,44.9551,0.0,0.0,0.0,0,1,1,1,5,41,41,158,674766848,674766848,10020749312,6.07,0.021,0.9,0.1,0.35,0.65,0.35,0.65
Qwen/Qwen2.5-7B-Instruct,NVIDIA GeForce RTX 5060 Ti,42,MultiFieldQA-en,3,16,539,multi-hop,49.1656,0.0,50.8868,49.4863,0,1,0,0,78,334,334,334,44779470848,44779470848,44779470848,6.07,0.021,0.9,0.1,0.35,0.65,0.35,0.65
Qwen/Qwen2.5-7B-Instruct,NVIDIA GeForce RTX 5060 Ti,42,MultiFieldQA-en,3,16,540,multi-hop,44.9218,46.1732,44.4498,44.8133,0,0,0,0,51,307,307,307,37832302592,37832302592,37832302592,6.07,0.021,0.9,0.1,0.35,0.65,0.35,0.65
Qwen/Qwen2.5-7B-Instruct,NVIDIA GeForce RTX 5060 Ti,42,MultiFieldQA-en,3,16,541,multi-hop,44.1255,42.7434,44.2281,43.0877,0,0,0,0,43,226,299,293,20502315008,35886276608,34460475392,6.07,0.021,0.9,0.1,0.35,0.65,0.35,0.65
Qwen/Qwen2.5-7B-Instruct,NVIDIA GeForce RTX 5060 Ti,42,MultiFieldQA-en,3,16,542,structural,56.3546,51.7775,49.2448,51.0517,0,0,0,0,99,355,355,355,50587443200,50587443200,50587443200,6.07,0.021,0.9,0.1,0.35,0.65,0.35,0.65
Qwen/Qwen2.5-7B-Instruct,NVIDIA GeForce RTX 5060 Ti,42,MultiFieldQA-en,3,16,543,semantic,49.4813,0.0,50.7148,52.3908,0,1,0,0,128,384,384,384,59190018048,59190018048,59190018048,6.07,0.021,0.9,0.1,0.35,0.65,0.35,0.65
Qwen/Qwen2.5-7B-Instruct,NVIDIA GeForce RTX 5060 Ti,42,MultiFieldQA-en,3,16,544,structural,39.7002,40.7579,44.597,39.894,0,0,0,0,114,370,370,370,54952755200,54952755200,54952755200,6.07,0.021,0.9,0.1,0.35,0.65,0.35,0.65
Qwen/Qwen2.5-7B-Instruct,NVIDIA GeForce RTX 5060 Ti,42,MultiFieldQA-en,3,16,545,multi-hop,42.3934,0.0,43.627,49.4932,0,1,0,0,103,359,359,359,51733864448,51733864448,51733864448,6.07,0.021,0.9,0.1,0.35,0.65,0.35,0.65
Qwen/Qwen2.5-7B-Instruct,NVIDIA GeForce RTX 5060 Ti,42,MultiFieldQA-en,3,16,546,structural,47.9044,48.9512,52.699,0.0,0,0,0,1,43,209,244,264,17533902848,23898226688,27976531968,6.07,0.021,0.9,0.1,0.35,0.65,0.35,0.65
Qwen/Qwen2.5-7B-Instruct,NVIDIA GeForce RTX 5060 Ti,42,MultiFieldQA-en,3,16,547,multi-hop,70.9943,0.0,0.0,0.0,0,1,1,1,135,391,391,391,61367656448,61367656448,61367656448,6.07,0.021,0.9,0.1,0.35,0.65,0.35,0.65
Qwen/Qwen2.5-7B-Instruct,NVIDIA GeForce RTX 5060 Ti,42,MultiFieldQA-en,3,16,548,multi-hop,52.705,0.0,0.0,0.0,0,1,1,1,115,371,371,371,55250198528,55250198528,55250198528,6.07,0.021,0.9,0.1,0.35,0.65,0.35,0.65
Qwen/Qwen2.5-7B-Instruct,NVIDIA GeForce RTX 5060 Ti,42,MultiFieldQA-en,3,16,549,multi-hop,53.9016,56.8787,55.2419,0.0,0,0,0,1,102,358,358,358,51446054912,51446054912,51446054912,6.07,0.021,0.9,0.1,0.35,0.65,0.35,0.65
Qwen/Qwen2.5-7B-Instruct,NVIDIA GeForce RTX 5060 Ti,42,MultiFieldQA-en,3,16,550,multi-hop,56.0349,0.0,0.0,0.0,0,1,1,1,130,386,386,386,59808186368,59808186368,59808186368,6.07,0.021,0.9,0.1,0.35,0.65,0.35,0.65
Qwen/Qwen2.5-7B-Instruct,NVIDIA GeForce RTX 5060 Ti,42,MultiFieldQA-en,3,16,551,semantic,0.0,0.0,0.0,0.0,1,1,1,1,114,370,370,370,54952755200,54952755200,54952755200,6.07,0.021,0.9,0.1,0.35,0.65,0.35,0.65
Qwen/Qwen2.5-7B-Instruct,NVIDIA GeForce RTX 5060 Ti,42,MultiFieldQA-en,3,16,552,structural,49.9977,0.0,0.0,0.0,0,1,1,1,108,364,364,364,53184954368,53184954368,53184954368,6.07,0.021,0.9,0.1,0.35,0.65,0.35,0.65
Qwen/Qwen2.5-7B-Instruct,NVIDIA GeForce RTX 5060 Ti,42,MultiFieldQA-en,3,16,553,semantic,43.2462,0.0,44.0359,44.9534,0,1,0,0,15,138,239,238,7644413952,22928826368,22737354752,6.07,0.021,0.9,0.1,0.35,0.65,0.35,0.65
Qwen/Qwen2.5-7B-Instruct,NVIDIA GeForce RTX 5060 Ti,42,MultiFieldQA-en,3,16,554,multi-hop,50.4452,0.0,0.0,48.827,0,1,1,0,73,282,295,258,31921569792,34932531200,26719322112,6.07,0.021,0.9,0.1,0.35,0.65,0.35,0.65
Qwen/Qwen2.5-7B-Instruct,NVIDIA GeForce RTX 5060 Ti,42,MultiFieldQA-en,3,16,555,semantic,50.5223,0.0,50.6425,0.0,0,1,0,1,137,393,393,393,61997064192,61997064192,61997064192,6.07,0.021,0.9,0.1,0.35,0.65,0.35,0.65
Qwen/Qwen2.5-7B-Instruct,NVIDIA GeForce RTX 5060 Ti,42,MultiFieldQA-en,3,16,556,multi-hop,52.6813,0.0,0.0,48.727,0,1,1,0,105,361,361,361,52311891968,52311891968,52311891968,6.07,0.021,0.9,0.1,0.35,0.65,0.35,0.65
Qwen/Qwen2.5-7B-Instruct,NVIDIA GeForce RTX 5060 Ti,42,MultiFieldQA-en,3,16,557,multi-hop,67.1118,64.5912,65.4017,64.3708,0,0,0,0,5,41,41,158,674766848,674766848,10020749312,6.07,0.021,0.9,0.1,0.35,0.65,0.35,0.65
Qwen/Qwen2.5-7B-Instruct,NVIDIA GeForce RTX 5060 Ti,42,MultiFieldQA-en,3,16,558,structural,40.2593,41.6306,41.8991,0.0,0,0,0,1,111,367,367,367,54065242112,54065242112,54065242112,6.07,0.021,0.9,0.1,0.35,0.65,0.35,0.65
Qwen/Qwen2.5-7B-Instruct,NVIDIA GeForce RTX 5060 Ti,42,MultiFieldQA-en,3,16,559,structural,55.7455,50.3521,49.0227,0.0,0,0,0,1,68,316,281,290,40082997248,31695577088,33758412800,6.07,0.021,0.9,0.1,0.35,0.65,0.35,0.65
Qwen/Qwen2.5-7B-Instruct,NVIDIA GeForce RTX 5060 Ti,42,MultiFieldQA-en,3,16,560,multi-hop,48.4622,0.0,53.8603,51.9128,0,1,0,0,32,231,288,288,21419532288,33294385152,33294385152,6.07,0.021,0.9,0.1,0.35,0.65,0.35,0.65
Qwen/Qwen2.5-7B-Instruct,NVIDIA GeForce RTX 5060 Ti,42,MultiFieldQA-en,3,16,561,structural,46.9424,47.9767,47.3124,52.6754,0,0,0,0,95,302,339,328,36610015232,46130208768,43185078272,6.07,0.021,0.9,0.1,0.35,0.65,0.35,0.65
Qwen/Qwen2.5-7B-Instruct,NVIDIA GeForce RTX 5060 Ti,42,MultiFieldQA-en,3,16,562,semantic,55.4708,0.0,55.6061,56.2573,0,1,0,0,94,350,350,350,49172480000,49172480000,49172480000,6.07,0.021,0.9,0.1,0.35,0.65,0.35,0.65
Qwen/Qwen2.5-7B-Instruct,NVIDIA GeForce RTX 5060 Ti,42,MultiFieldQA-en,3,16,563,multi-hop,53.3841,61.9439,54.6646,55.0963,0,0,0,0,127,383,383,383,58882138112,58882138112,58882138112,6.07,0.021,0.9,0.1,0.35,0.65,0.35,0.65
Qwen/Qwen2.5-7B-Instruct,NVIDIA GeForce RTX 5060 Ti,42,MultiFieldQA-en,3,16,564,semantic,48.0616,0.0,44.0204,43.5201,0,1,0,0,81,273,283,337,29916536832,32148365312,45587505152,6.07,0.021,0.9,0.1,0.35,0.65,0.35,0.65
Qwen/Qwen2.5-7B-Instruct,NVIDIA GeForce RTX 5060 Ti,42,MultiFieldQA-en,3,16,565,semantic,49.1353,0.0,49.8281,0.0,0,1,0,1,142,398,398,352,63584632832,63584632832,49736056832,6.07,0.021,0.9,0.1,0.35,0.65,0.35,0.65
Qwen/Qwen2.5-7B-Instruct,NVIDIA GeForce RTX 5060 Ti,42,MultiFieldQA-en,3,16,566,structural,0.0,0.0,0.0,0.0,1,1,1,1,41,297,297,297,35407798272,35407798272,35407798272,6.07,0.021,0.9,0.1,0.35,0.65,0.35,0.65
Qwen/Qwen2.5-7B-Instruct,NVIDIA GeForce RTX 5060 Ti,42,MultiFieldQA-en,3,16,567,semantic,48.6043,0.0,50.435,48.8226,0,1,0,0,78,334,289,334,44779470848,33525997568,44779470848,6.07,0.021,0.9,0.1,0.35,0.65,0.35,0.65
Qwen/Qwen2.5-7B-Instruct,NVIDIA GeForce RTX 5060 Ti,42,MultiFieldQA-en,3,16,568,multi-hop,49.0056,51.0469,0.0,0.0,0,0,1,1,83,339,339,339,46130208768,46130208768,46130208768,6.07,0.021,0.9,0.1,0.35,0.65,0.35,0.65
Qwen/Qwen2.5-7B-Instruct,NVIDIA GeForce RTX 5060 Ti,42,MultiFieldQA-en,3,16,569,multi-hop,42.6407,0.0,0.0,45.8626,0,1,1,0,106,306,217,293,37586239488,18901901312,34460475392,6.07,0.021,0.9,0.1,0.35,0.65,0.35,0.65
Qwen/Qwen2.5-7B-Instruct,NVIDIA GeForce RTX 5060 Ti,42,MultiFieldQA-en,3,16,570,multi-hop,51.3587,49.8206,51.2125,48.8588,0,0,0,0,6,54,217,226,1170505728,18901901312,20502315008,6.07,0.021,0.9,0.1,0.35,0.65,0.35,0.65
Qwen/Qwen2.5-7B-Instruct,NVIDIA GeForce RTX 5060 Ti,42,MultiFieldQA-en,3,16,571,multi-hop,40.6819,42.8408,42.883,0.0,0,0,0,1,102,358,358,221,51446054912,51446054912,19605168128,6.07,0.021,0.9,0.1,0.35,0.65,0.35,0.65
Qwen/Qwen2.5-7B-Instruct,NVIDIA GeForce RTX 5060 Ti,42,MultiFieldQA-en,3,16,572,multi-hop,49.7957,0.0,52.3348,71.1578,0,1,0,0,127,383,383,383,58882138112,58882138112,58882138112,6.07,0.021,0.9,0.1,0.35,0.65,0.35,0.65
Qwen/Qwen2.5-7B-Instruct,NVIDIA GeForce RTX 5060 Ti,42,MultiFieldQA-en,3,16,573,multi-hop,65.2156,0.0,0.0,54.2865,0,1,1,0,96,270,270,265,29262643200,29262643200,28188876800,6.07,0.021,0.9,0.1,0.35,0.65,0.35,0.65
Qwen/Qwen2.5-7B-Instruct,NVIDIA GeForce RTX 5060 Ti,42,MultiFieldQA-en,3,16,574,semantic,59.6195,0.0,0.0,0.0,0,1,1,1,72,328,328,328,43185078272,43185078272,43185078272,6.07,0.021,0.9,0.1,0.35,0.65,0.35,0.65
Qwen/Qwen2.5-7B-Instruct,NVIDIA GeForce RTX 5060 Ti,42,MultiFieldQA-en,3,16,575,multi-hop,74.8477,75.1314,75.0709,74.9007,0,0,0,0,20,272,276,276,29697769472,30577655808,30577655808,6.07,0.021,0.9,0.1,0.35,0.65,0.35,0.65
Qwen/Qwen2.5-7B-Instruct,NVIDIA GeForce RTX 5060 Ti,42,MultiFieldQA-en,3,16,576,structural,52.455,74.2189,54.0261,55.0353,0,0,0,0,21,228,223,261,20866793472,19961618432,27344314368,6.07,0.021,0.9,0.1,0.35,0.65,0.35,0.65
Qwen/Qwen2.5-7B-Instruct,NVIDIA GeForce RTX 5060 Ti,42,MultiFieldQA-en,3,16,577,multi-hop,73.1717,0.0,66.7349,65.442,0,1,0,0,48,304,304,304,37096521728,37096521728,37096521728,6.07,0.021,0.9,0.1,0.35,0.65,0.35,0.65
Qwen/Qwen2.5-7B-Instruct,NVIDIA GeForce RTX 5060 Ti,42,MultiFieldQA-en,3,16,578,structural,41.1601,0.0,0.0,0.0,0,1,1,1,124,197,317,317,15578243072,40337088512,40337088512,6.07,0.021,0.9,0.1,0.35,0.65,0.35,0.65
Qwen/Qwen2.5-7B-Instruct,NVIDIA GeForce RTX 5060 Ti,42,MultiFieldQA-en,3,16,579,multi-hop,48.7564,1040.2239,54.2997,0.0,0,0,0,1,93,349,309,294,48891895808,38326837248,34696101888,6.07,0.021,0.9,0.1,0.35,0.65,0.35,0.65
Qwen/Qwen2.5-7B-Instruct,NVIDIA GeForce RTX 5060 Ti,42,MultiFieldQA-en,3,16,580,multi-hop,42.9368,0.0,44.7921,43.8938,0,1,0,0,99,349,355,355,48891895808,50587443200,50587443200,6.07,0.021,0.9,0.1,0.35,0.65,0.35,0.65
Qwen/Qwen2.5-7B-Instruct,NVIDIA GeForce RTX 5060 Ti,42,MultiFieldQA-en,3,16,581,semantic,49.6326,0.0,0.0,0.0,0,1,1,1,101,357,314,314,51159048192,39577223168,39577223168,6.07,0.021,0.9,0.1,0.35,0.65,0.35,0.65
Qwen/Qwen2.5-7B-Instruct,NVIDIA GeForce RTX 5060 Ti,42,MultiFieldQA-en,3,16,582,semantic,48.8653,0.0,48.9585,0.0,0,1,0,1,92,348,348,348,48612114432,48612114432,48612114432,6.07,0.021,0.9,0.1,0.35,0.65,0.35,0.65
Qwen/Qwen2.5-7B-Instruct,NVIDIA GeForce RTX 5060 Ti,42,MultiFieldQA-en,3,16,583,multi-hop,48.932,50.6851,49.4332,0.0,0,0,0,1,86,342,342,342,46950285312,46950285312,46950285312,6.07,0.021,0.9,0.1,0.35,0.65,0.35,0.65
Qwen/Qwen2.5-7B-Instruct,NVIDIA GeForce RTX 5060 Ti,42,MultiFieldQA-en,3,16,584,multi-hop,52.5186,55.0671,55.3347,55.676,0,0,0,0,85,268,341,341,28830728192,46676123648,46676123648,6.07,0.021,0.9,0.1,0.35,0.65,0.35,0.65
Qwen/Qwen2.5-7B-Instruct,NVIDIA GeForce RTX 5060 Ti,42,MultiFieldQA-en,3,16,585,multi-hop,54.0648,55.6441,56.0912,56.5419,0,0,0,0,101,339,308,308,46130208768,38079168512,38079168512,6.07,0.021,0.9,0.1,0.35,0.65,0.35,0.65
Qwen/Qwen2.5-7B-Instruct,NVIDIA GeForce RTX 5060 Ti,42,MultiFieldQA-en,3,16,586,semantic,72.6828,0.0,74.1531,72.3291,0,1,0,0,114,370,370,370,54952755200,54952755200,54952755200,6.07,0.021,0.9,0.1,0.35,0.65,0.35,0.65
Qwen/Qwen2.5-7B-Instruct,NVIDIA GeForce RTX 5060 Ti,42,MultiFieldQA-en,3,16,587,semantic,73.6181,0.0,69.159,0.0,0,1,0,1,125,381,381,381,58268786688,58268786688,58268786688,6.07,0.021,0.9,0.1,0.35,0.65,0.35,0.65
Qwen/Qwen2.5-7B-Instruct,NVIDIA GeForce RTX 5060 Ti,42,MultiFieldQA-en,3,16,588,multi-hop,50.8226,50.9929,49.845,51.1527,0,0,0,0,1,6,6,6,14450688,14450688,14450688,6.07,0.021,0.9,0.1,0.35,0.65,0.35,0.65
Qwen/Qwen2.5-7B-Instruct,NVIDIA GeForce RTX 5060 Ti,42,MultiFieldQA-en,3,16,589,semantic,51.5837,0.0,0.0,0.0,0,1,1,1,73,329,321,291,43448803328,41361481728,33991630848,6.07,0.021,0.9,0.1,0.35,0.65,0.35,0.65
Qwen/Qwen2.5-7B-Instruct,NVIDIA GeForce RTX 5060 Ti,42,MultiFieldQA-en,3,16,590,structural,65.6746,69.2537,67.527,0.0,0,0,0,1,42,262,298,298,27554250752,35646636032,35646636032,6.07,0.021,0.9,0.1,0.35,0.65,0.35,0.65
Qwen/Qwen2.5-7B-Instruct,NVIDIA GeForce RTX 5060 Ti,42,MultiFieldQA-en,3,16,591,semantic,48.1834,0.0,49.4126,48.1991,0,1,0,0,122,378,378,378,57354780672,57354780672,57354780672,6.07,0.021,0.9,0.1,0.35,0.65,0.35,0.65
Qwen/Qwen2.5-7B-Instruct,NVIDIA GeForce RTX 5060 Ti,42,MultiFieldQA-en,3,16,592,structural,50.5101,51.0471,0.0,0.0,0,0,1,1,51,307,307,307,37832302592,37832302592,37832302592,6.07,0.021,0.9,0.1,0.35,0.65,0.35,0.65
Qwen/Qwen2.5-7B-Instruct,NVIDIA GeForce RTX 5060 Ti,42,MultiFieldQA-en,3,16,593,semantic,52.8245,0.0,52.116,0.0,0,1,0,1,141,362,397,319,52602109952,63265513472,40847679488,6.07,0.021,0.9,0.1,0.35,0.65,0.35,0.65
Qwen/Qwen2.5-7B-Instruct,NVIDIA GeForce RTX 5060 Ti,42,MultiFieldQA-en,3,16,594,structural,59.3682,49.0873,48.0153,0.0,0,0,0,1,5,29,38,261,337584128,579633152,27344314368,6.07,0.021,0.9,0.1,0.35,0.65,0.35,0.65
Qwen/Qwen2.5-7B-Instruct,NVIDIA GeForce RTX 5060 Ti,42,MultiFieldQA-en,3,16,595,multi-hop,49.6911,50.6275,0.0,0.0,0,0,1,1,81,337,337,337,45587505152,45587505152,45587505152,6.07,0.021,0.9,0.1,0.35,0.65,0.35,0.65
Qwen/Qwen2.5-7B-Instruct,NVIDIA GeForce RTX 5060 Ti,42,MultiFieldQA-en,3,16,596,multi-hop,49.1744,50.3464,0.0,0.0,0,0,1,1,92,265,348,348,28188876800,48612114432,48612114432,6.07,0.021,0.9,0.1,0.35,0.65,0.35,0.65
Qwen/Qwen2.5-7B-Instruct,NVIDIA GeForce RTX 5060 Ti,42,MultiFieldQA-en,3,16,597,semantic,51.6909,0.0,52.8755,53.7918,0,1,0,0,85,338,341,341,45858455552,46676123648,46676123648,6.07,0.021,0.9,0.1,0.35,0.65,0.35,0.65
Qwen/Qwen2.5-7B-Instruct,NVIDIA GeForce RTX 5060 Ti,42,MultiFieldQA-en,3,16,598,multi-hop,98.5985,54.9461,52.828,0.0,0,0,0,1,21,228,223,261,20866793472,19961618432,27344314368,6.07,0.021,0.9,0.1,0.35,0.65,0.35,0.65
Qwen/Qwen2.5-7B-Instruct,NVIDIA GeForce RTX 5060 Ti,42,MultiFieldQA-en,3,16,599,multi-hop,52.0711,0.0,43.1754,42.4614,0,1,0,0,83,311,339,318,38824583168,46130208768,40591982592,6.07,0.021,0.9,0.1,0.35,0.65,0.35,0.65
Qwen/Qwen2.5-7B-Instruct,NVIDIA GeForce RTX 5060 Ti,42,MultiFieldQA-en,4,16,0,structural,43.7276,44.4881,44.4542,43.48,0,0,0,0,107,363,363,363,52893130752,52893130752,52893130752,6.07,0.021,0.9,0.1,0.35,0.65,0.35,0.65
Qwen/Qwen2.5-7B-Instruct,NVIDIA GeForce RTX 5060 Ti,42,MultiFieldQA-en,4,16,1,multi-hop,43.4914,44.302,43.0276,43.0714,0,0,0,0,114,370,370,370,54952755200,54952755200,54952755200,6.07,0.021,0.9,0.1,0.35,0.65,0.35,0.65
Qwen/Qwen2.5-7B-Instruct,NVIDIA GeForce RTX 5060 Ti,42,MultiFieldQA-en,4,16,2,multi-hop,49.3733,0.0,50.6289,49.7024,0,1,0,0,91,347,347,347,48333135872,48333135872,48333135872,6.07,0.021,0.9,0.1,0.35,0.65,0.35,0.65
Qwen/Qwen2.5-7B-Instruct,NVIDIA GeForce RTX 5060 Ti,42,MultiFieldQA-en,4,16,3,semantic,40.0657,0.0,41.4389,0.0,0,1,0,1,85,341,341,336,46676123648,46676123648,45317357568,6.07,0.021,0.9,0.1,0.35,0.65,0.35,0.65
Qwen/Qwen2.5-7B-Instruct,NVIDIA GeForce RTX 5060 Ti,42,MultiFieldQA-en,4,16,4,structural,47.9364,50.5197,47.9441,0.0,0,0,0,1,65,321,321,321,41361481728,41361481728,41361481728,6.07,0.021,0.9,0.1,0.35,0.65,0.35,0.65
Qwen/Qwen2.5-7B-Instruct,NVIDIA GeForce RTX 5060 Ti,42,MultiFieldQA-en,4,16,5,multi-hop,48.6997,0.0,50.1045,48.7828,0,1,0,0,119,375,375,375,56448000000,56448000000,56448000000,6.07,0.021,0.9,0.1,0.35,0.65,0.35,0.65
Qwen/Qwen2.5-7B-Instruct,NVIDIA GeForce RTX 5060 Ti,42,MultiFieldQA-en,4,16,6,structural,49.7169,51.1367,50.1651,0.0,0,0,0,1,156,412,412,412,68136599552,68136599552,68136599552,6.07,0.021,0.9,0.1,0.35,0.65,0.35,0.65
Qwen/Qwen2.5-7B-Instruct,NVIDIA GeForce RTX 5060 Ti,42,MultiFieldQA-en,4,16,7,multi-hop,49.3208,51.2028,50.2414,0.0,0,0,0,1,144,400,400,400,64225280000,64225280000,64225280000,6.07,0.021,0.9,0.1,0.35,0.65,0.35,0.65
Qwen/Qwen2.5-7B-Instruct,NVIDIA GeForce RTX 5060 Ti,42,MultiFieldQA-en,4,16,8,multi-hop,48.581,0.0,51.6974,53.4634,0,1,0,0,108,364,364,364,53184954368,53184954368,53184954368,6.07,0.021,0.9,0.1,0.35,0.65,0.35,0.65
Qwen/Qwen2.5-7B-Instruct,NVIDIA GeForce RTX 5060 Ti,42,MultiFieldQA-en,4,16,9,structural,53.1508,59.7338,53.771,52.385,0,0,0,0,102,358,358,358,51446054912,51446054912,51446054912,6.07,0.021,0.9,0.1,0.35,0.65,0.35,0.65
Qwen/Qwen2.5-7B-Instruct,NVIDIA GeForce RTX 5060 Ti,42,MultiFieldQA-en,4,16,10,multi-hop,54.2945,0.0,54.5317,53.3621,0,1,0,0,127,383,383,383,58882138112,58882138112,58882138112,6.07,0.021,0.9,0.1,0.35,0.65,0.35,0.65
Qwen/Qwen2.5-7B-Instruct,NVIDIA GeForce RTX 5060 Ti,42,MultiFieldQA-en,4,16,11,semantic,53.6098,0.0,0.0,0.0,0,1,1,1,91,347,347,347,48333135872,48333135872,48333135872,6.07,0.021,0.9,0.1,0.35,0.65,0.35,0.65
Qwen/Qwen2.5-7B-Instruct,NVIDIA GeForce RTX 5060 Ti,42,MultiFieldQA-en,4,16,12,semantic,48.4318,0.0,49.6639,49.8505,0,1,0,0,119,375,375,375,56448000000,56448000000,56448000000,6.07,0.021,0.9,0.1,0.35,0.65,0.35,0.65
Qwen/Qwen2.5-7B-Instruct,NVIDIA GeForce RTX 5060 Ti,42,MultiFieldQA-en,4,16,13,semantic,57.3707,0.0,50.1665,49.232,0,1,0,0,27,283,283,283,32148365312,32148365312,32148365312,6.07,0.021,0.9,0.1,0.35,0.65,0.35,0.65
Qwen/Qwen2.5-7B-Instruct,NVIDIA GeForce RTX 5060 Ti,42,MultiFieldQA-en,4,16,14,multi-hop,49.9244,0.0,50.4797,50.917,0,1,0,0,101,343,329,357,47225249792,43448803328,51159048192,6.07,0.021,0.9,0.1,0.35,0.65,0.35,0.65
Qwen/Qwen2.5-7B-Instruct,NVIDIA GeForce RTX 5060 Ti,42,MultiFieldQA-en,4,16,15,structural,49.4723,50.4992,0.0,0.0,0,0,1,1,43,299,299,299,35886276608,35886276608,35886276608,6.07,0.021,0.9,0.1,0.35,0.65,0.35,0.65
Qwen/Qwen2.5-7B-Instruct,NVIDIA GeForce RTX 5060 Ti,42,MultiFieldQA-en,4,16,16,structural,50.2501,52.2482,0.0,53.8924,0,0,1,0,119,375,375,375,56448000000,56448000000,56448000000,6.07,0.021,0.9,0.1,0.35,0.65,0.35,0.65
Qwen/Qwen2.5-7B-Instruct,NVIDIA GeForce RTX 5060 Ti,42,MultiFieldQA-en,4,16,17,semantic,41.4981,0.0,0.0,0.0,0,1,1,1,121,377,377,377,57051717632,57051717632,57051717632,6.07,0.021,0.9,0.1,0.35,0.65,0.35,0.65
Qwen/Qwen2.5-7B-Instruct,NVIDIA GeForce RTX 5060 Ti,42,MultiFieldQA-en,4,16,18,semantic,41.5893,0.0,42.9628,0.0,0,1,0,1,90,346,346,346,48054960128,48054960128,48054960128,6.07,0.021,0.9,0.1,0.35,0.65,0.35,0.65
Qwen/Qwen2.5-7B-Instruct,NVIDIA GeForce RTX 5060 Ti,42,MultiFieldQA-en,4,16,19,multi-hop,47.5823,44.3736,0.0,0.0,0,0,1,1,125,381,381,381,58268786688,58268786688,58268786688,6.07,0.021,0.9,0.1,0.35,0.65,0.35,0.65
Qwen/Qwen2.5-7B-Instruct,NVIDIA GeForce RTX 5060 Ti,42,MultiFieldQA-en,4,16,20,multi-hop,50.4915,52.9897,51.5613,50.779,0,0,0,0,150,406,406,406,66166489088,66166489088,66166489088,6.07,0.021,0.9,0.1,0.35,0.65,0.35,0.65
Qwen/Qwen2.5-7B-Instruct,NVIDIA GeForce RTX 5060 Ti,42,MultiFieldQA-en,4,16,21,multi-hop,44.4203,0.0,0.0,47.6137,0,1,1,0,73,329,329,329,43448803328,43448803328,43448803328,6.07,0.021,0.9,0.1,0.35,0.65,0.35,0.65
Qwen/Qwen2.5-7B-Instruct,NVIDIA GeForce RTX 5060 Ti,42,MultiFieldQA-en,4,16,22,structural,51.4701,54.2371,54.5491,0.0,0,0,0,1,83,339,339,339,46130208768,46130208768,46130208768,6.07,0.021,0.9,0.1,0.35,0.65,0.35,0.65
Qwen/Qwen2.5-7B-Instruct,NVIDIA GeForce RTX 5060 Ti,42,MultiFieldQA-en,4,16,23,semantic,52.5661,0.0,0.0,0.0,0,1,1,1,65,321,321,321,41361481728,41361481728,41361481728,6.07,0.021,0.9,0.1,0.35,0.65,0.35,0.65
Qwen/Qwen2.5-7B-Instruct,NVIDIA GeForce RTX 5060 Ti,42,MultiFieldQA-en,4,16,24,semantic,42.8331,0.0,43.405,0.0,0,1,0,1,43,299,299,299,35886276608,35886276608,35886276608,6.07,0.021,0.9,0.1,0.35,0.65,0.35,0.65
Qwen/Qwen2.5-7B-Instruct,NVIDIA GeForce RTX 5060 Ti,42,MultiFieldQA-en,4,16,25,multi-hop,48.9182,0.0,50.5979,50.9118,0,1,0,0,103,359,359,359,51733864448,51733864448,51733864448,6.07,0.021,0.9,0.1,0.35,0.65,0.35,0.65
Qwen/Qwen2.5-7B-Instruct,NVIDIA GeForce RTX 5060 Ti,42,MultiFieldQA-en,4,16,26,multi-hop,84.5562,0.0,86.0665,86.9887,0,1,0,0,4,260,260,260,27135180800,27135180800,27135180800,6.07,0.021,0.9,0.1,0.35,0.65,0.35,0.65
Qwen/Qwen2.5-7B-Instruct,NVIDIA GeForce RTX 5060 Ti,42,MultiFieldQA-en,4,16,27,multi-hop,48.525,50.1555,49.173,48.8731,0,0,0,0,110,366,366,366,53771010048,53771010048,53771010048,6.07,0.021,0.9,0.1,0.35,0.65,0.35,0.65
Qwen/Qwen2.5-7B-Instruct,NVIDIA GeForce RTX 5060 Ti,42,MultiFieldQA-en,4,16,28,semantic,38.2067,0.0,37.5893,37.5789,0,1,0,0,1,8,8,8,25690112,25690112,25690112,6.07,0.021,0.9,0.1,0.35,0.65,0.35,0.65
Qwen/Qwen2.5-7B-Instruct,NVIDIA GeForce RTX 5060 Ti,42,MultiFieldQA-en,4,16,29,structural,40.6785,0.0,39.2922,41.2436,0,1,0,0,26,90,90,173,3251404800,3251404800,12013740032,6.07,0.021,0.9,0.1,0.35,0.65,0.35,0.65
Qwen/Qwen2.5-7B-Instruct,NVIDIA GeForce RTX 5060 Ti,42,MultiFieldQA-en,4,16,30,multi-hop,0.0,0.0,48.4479,49.6667,1,1,0,0,119,375,375,375,56448000000,56448000000,56448000000,6.07,0.021,0.9,0.1,0.35,0.65,0.35,0.65
Qwen/Qwen2.5-7B-Instruct,NVIDIA GeForce RTX 5060 Ti,42,MultiFieldQA-en,4,16,31,multi-hop,0.0,0.0,37.9287,38.8592,1,1,0,0,1,8,8,8,25690112,25690112,25690112,6.07,0.021,0.9,0.1,0.35,0.65,0.35,0.65
Qwen/Qwen2.5-7B-Instruct,NVIDIA GeForce RTX 5060 Ti,42,MultiFieldQA-en,4,16,32,semantic,48.1565,0.0,0.0,0.0,0,1,1,1,73,329,329,329,43448803328,43448803328,43448803328,6.07,0.021,0.9,0.1,0.35,0.65,0.35,0.65
Qwen/Qwen2.5-7B-Instruct,NVIDIA GeForce RTX 5060 Ti,42,MultiFieldQA-en,4,16,33,structural,65.4301,0.0,0.0,69.8681,0,1,1,0,111,367,367,367,54065242112,54065242112,54065242112,6.07,0.021,0.9,0.1,0.35,0.65,0.35,0.65
Qwen/Qwen2.5-7B-Instruct,NVIDIA GeForce RTX 5060 Ti,42,MultiFieldQA-en,4,16,34,structural,42.8175,48.9074,47.3851,46.0373,0,0,0,0,107,363,363,363,52893130752,52893130752,52893130752,6.07,0.021,0.9,0.1,0.35,0.65,0.35,0.65
Qwen/Qwen2.5-7B-Instruct,NVIDIA GeForce RTX 5060 Ti,42,MultiFieldQA-en,4,16,35,semantic,52.9847,62.3016,0.0,0.0,0,0,1,1,88,344,344,344,47501017088,47501017088,47501017088,6.07,0.021,0.9,0.1,0.35,0.65,0.35,0.65
Qwen/Qwen2.5-7B-Instruct,NVIDIA GeForce RTX 5060 Ti,42,MultiFieldQA-en,4,16,36,structural,47.2586,0.0,0.0,0.0,0,1,1,1,104,360,360,360,52022476800,52022476800,52022476800,6.07,0.021,0.9,0.1,0.35,0.65,0.35,0.65
Qwen/Qwen2.5-7B-Instruct,NVIDIA GeForce RTX 5060 Ti,42,MultiFieldQA-en,4,16,37,multi-hop,45.4987,0.0,42.8821,43.3231,0,1,0,0,106,362,274,341,52602109952,30136107008,46676123648,6.07,0.021,0.9,0.1,0.35,0.65,0.35,0.65
Qwen/Qwen2.5-7B-Instruct,NVIDIA GeForce RTX 5060 Ti,42,MultiFieldQA-en,4,16,38,multi-hop,42.0918,0.0,0.0,43.2877,0,1,1,0,134,390,390,390,61054156800,61054156800,61054156800,6.07,0.021,0.9,0.1,0.35,0.65,0.35,0.65
Qwen/Qwen2.5-7B-Instruct,NVIDIA GeForce RTX 5060 Ti,42,MultiFieldQA-en,4,16,39,multi-hop,41.9376,42.6962,40.8914,41.841,0,0,0,0,177,433,433,433,75259584512,75259584512,75259584512,6.07,0.021,0.9,0.1,0.35,0.65,0.35,0.65
Qwen/Qwen2.5-7B-Instruct,NVIDIA GeForce RTX 5060 Ti,42,MultiFieldQA-en,4,16,40,semantic,42.4308,0.0,0.0,0.0,0,1,1,1,35,121,120,120,5877014528,5780275200,5780275200,6.07,0.021,0.9,0.1,0.35,0.65,0.35,0.65
Qwen/Qwen2.5-7B-Instruct,NVIDIA GeForce RTX 5060 Ti,42,MultiFieldQA-en,4,16,41,multi-hop,48.0706,51.3314,49.6642,50.6475,0,0,0,0,110,366,366,366,53771010048,53771010048,53771010048,6.07,0.021,0.9,0.1,0.35,0.65,0.35,0.65
Qwen/Qwen2.5-7B-Instruct,NVIDIA GeForce RTX 5060 Ti,42,MultiFieldQA-en,4,16,42,semantic,42.0938,0.0,44.529,42.8826,0,1,0,0,107,363,363,363,52893130752,52893130752,52893130752,6.07,0.021,0.9,0.1,0.35,0.65,0.35,0.65
Qwen/Qwen2.5-7B-Instruct,NVIDIA GeForce RTX 5060 Ti,42,MultiFieldQA-en,4,16,43,semantic,50.239,0.0,51.4671,50.8695,0,1,0,0,93,349,349,349,48891895808,48891895808,48891895808,6.07,0.021,0.9,0.1,0.35,0.65,0.35,0.65
Qwen/Qwen2.5-7B-Instruct,NVIDIA GeForce RTX 5060 Ti,42,MultiFieldQA-en,4,16,44,multi-hop,39.5408,38.486,39.2412,39.7452,0,0,0,0,120,376,376,376,56749457408,56749457408,56749457408,6.07,0.021,0.9,0.1,0.35,0.65,0.35,0.65
Qwen/Qwen2.5-7B-Instruct,NVIDIA GeForce RTX 5060 Ti,42,MultiFieldQA-en,4,16,45,structural,47.8278,0.0,0.0,0.0,0,1,1,1,115,371,371,371,55250198528,55250198528,55250198528,6.07,0.021,0.9,0.1,0.35,0.65,0.35,0.65
Qwen/Qwen2.5-7B-Instruct,NVIDIA GeForce RTX 5060 Ti,42,MultiFieldQA-en,4,16,46,structural,55.8362,47.8614,47.5247,46.5976,0,0,0,0,43,299,299,299,35886276608,35886276608,35886276608,6.07,0.021,0.9,0.1,0.35,0.65,0.35,0.65
Qwen/Qwen2.5-7B-Instruct,NVIDIA GeForce RTX 5060 Ti,42,MultiFieldQA-en,4,16,47,semantic,52.0522,0.0,0.0,0.0,0,1,1,1,111,367,367,367,54065242112,54065242112,54065242112,6.07,0.021,0.9,0.1,0.35,0.65,0.35,0.65
Qwen/Qwen2.5-7B-Instruct,NVIDIA GeForce RTX 5060 Ti,42,MultiFieldQA-en,4,16,48,multi-hop,53.242,0.0,54.1211,53.0107,0,1,0,0,110,366,366,366,53771010048,53771010048,53771010048,6.07,0.021,0.9,0.1,0.35,0.65,0.35,0.65
Qwen/Qwen2.5-7B-Instruct,NVIDIA GeForce RTX 5060 Ti,42,MultiFieldQA-en,4,16,49,structural,51.5905,49.4981,50.1239,50.1941,0,0,0,0,113,369,369,369,54656114688,54656114688,54656114688,6.07,0.021,0.9,0.1,0.35,0.65,0.35,0.65
Qwen/Qwen2.5-7B-Instruct,NVIDIA GeForce RTX 5060 Ti,42,MultiFieldQA-en,4,16,50,multi-hop,44.0387,0.0,0.0,0.0,0,1,1,1,80,322,322,295,41619587072,41619587072,34932531200,6.07,0.021,0.9,0.1,0.35,0.65,0.35,0.65
Qwen/Qwen2.5-7B-Instruct,NVIDIA GeForce RTX 5060 Ti,42,MultiFieldQA-en,4,16,51,structural,41.9191,41.4757,41.2175,46.8536,0,0,0,0,112,368,368,368,54360276992,54360276992,54360276992,6.07,0.021,0.9,0.1,0.35,0.65,0.35,0.65
Qwen/Qwen2.5-7B-Instruct,NVIDIA GeForce RTX 5060 Ti,42,MultiFieldQA-en,4,16,52,semantic,42.4648,0.0,43.2388,0.0,0,1,0,1,99,355,355,355,50587443200,50587443200,50587443200,6.07,0.021,0.9,0.1,0.35,0.65,0.35,0.65
Qwen/Qwen2.5-7B-Instruct,NVIDIA GeForce RTX 5060 Ti,42,MultiFieldQA-en,4,16,53,structural,65.6938,64.7944,66.0028,65.9024,0,0,0,0,5,64,64,182,1644167168,1644167168,13296238592,6.07,0.021,0.9,0.1,0.35,0.65,0.35,0.65
Qwen/Qwen2.5-7B-Instruct,NVIDIA GeForce RTX 5060 Ti,42,MultiFieldQA-en,4,16,54,structural,48.0287,51.2144,48.7722,49.1426,0,0,0,0,101,353,357,357,50019049472,51159048192,51159048192,6.07,0.021,0.9,0.1,0.35,0.65,0.35,0.65
Qwen/Qwen2.5-7B-Instruct,NVIDIA GeForce RTX 5060 Ti,42,MultiFieldQA-en,4,16,55,semantic,49.8807,0.0,51.6563,0.0,0,1,0,1,55,311,311,311,38824583168,38824583168,38824583168,6.07,0.021,0.9,0.1,0.35,0.65,0.35,0.65
Qwen/Qwen2.5-7B-Instruct,NVIDIA GeForce RTX 5060 Ti,42,MultiFieldQA-en,4,16,56,multi-hop,66.0161,0.0,67.7705,67.7857,0,1,0,0,121,377,377,377,57051717632,57051717632,57051717632,6.07,0.021,0.9,0.1,0.35,0.65,0.35,0.65
Qwen/Qwen2.5-7B-Instruct,NVIDIA GeForce RTX 5060 Ti,42,MultiFieldQA-en,4,16,57,structural,50.3519,52.0523,51.7755,50.2371,0,0,0,0,102,358,358,358,51446054912,51446054912,51446054912,6.07,0.021,0.9,0.1,0.35,0.65,0.35,0.65
Qwen/Qwen2.5-7B-Instruct,NVIDIA GeForce RTX 5060 Ti,42,MultiFieldQA-en,4,16,58,multi-hop,43.1221,0.0,44.2342,44.8685,0,1,0,0,23,279,279,279,31246000128,31246000128,31246000128,6.07,0.021,0.9,0.1,0.35,0.65,0.35,0.65
Qwen/Qwen2.5-7B-Instruct,NVIDIA GeForce RTX 5060 Ti,42,MultiFieldQA-en,4,16,59,semantic,53.4044,0.0,53.628,0.0,0,1,0,1,102,358,358,358,51446054912,51446054912,51446054912,6.07,0.021,0.9,0.1,0.35,0.65,0.35,0.65
Qwen/Qwen2.5-7B-Instruct,NVIDIA GeForce RTX 5060 Ti,42,MultiFieldQA-en,4,16,60,semantic,45.7286,0.0,48.9104,47.8388,0,1,0,0,10,266,266,266,28402024448,28402024448,28402024448,6.07,0.021,0.9,0.1,0.35,0.65,0.35,0.65
Qwen/Qwen2.5-7B-Instruct,NVIDIA GeForce RTX 5060 Ti,42,MultiFieldQA-en,4,16,61,structural,46.565,46.6583,46.3748,0.0,0,0,0,1,149,405,405,405,65840947200,65840947200,65840947200,6.07,0.021,0.9,0.1,0.35,0.65,0.35,0.65
Qwen/Qwen2.5-7B-Instruct,NVIDIA GeForce RTX 5060 Ti,42,MultiFieldQA-en,4,16,62,semantic,66.3534,0.0,68.1928,0.0,0,1,0,1,136,392,392,392,61681958912,61681958912,61681958912,6.07,0.021,0.9,0.1,0.35,0.65,0.35,0.65
Qwen/Qwen2.5-7B-Instruct,NVIDIA GeForce RTX 5060 Ti,42,MultiFieldQA-en,4,16,63,multi-hop,43.637,45.3266,43.5041,0.0,0,0,0,1,68,324,324,324,42138206208,42138206208,42138206208,6.07,0.021,0.9,0.1,0.35,0.65,0.35,0.65
Qwen/Qwen2.5-7B-Instruct,NVIDIA GeForce RTX 5060 Ti,42,MultiFieldQA-en,4,16,64,multi-hop,49.4092,0.0,0.0,49.7766,0,1,1,0,144,400,400,400,64225280000,64225280000,64225280000,6.07,0.021,0.9,0.1,0.35,0.65,0.35,0.65
Qwen/Qwen2.5-7B-Instruct,NVIDIA GeForce RTX 5060 Ti,42,MultiFieldQA-en,4,16,65,multi-hop,66.7115,65.8109,67.5916,0.0,0,0,0,1,5,64,64,182,1644167168,1644167168,13296238592,6.07,0.021,0.9,0.1,0.35,0.65,0.35,0.65
Qwen/Qwen2.5-7B-Instruct,NVIDIA GeForce RTX 5060 Ti,42,MultiFieldQA-en,4,16,66,multi-hop,0.0,0.0,0.0,0.0,1,1,1,1,124,338,380,380,45858455552,57963315200,57963315200,6.07,0.021,0.9,0.1,0.35,0.65,0.35,0.65
Qwen/Qwen2.5-7B-Instruct,NVIDIA GeForce RTX 5060 Ti,42,MultiFieldQA-en,4,16,67,semantic,49.473,0.0,49.9346,49.44,0,1,0,0,27,283,283,283,32148365312,32148365312,32148365312,6.07,0.021,0.9,0.1,0.35,0.65,0.35,0.65
Qwen/Qwen2.5-7B-Instruct,NVIDIA GeForce RTX 5060 Ti,42,MultiFieldQA-en,4,16,68,structural,47.5183,51.1775,48.4973,48.7768,0,0,0,0,85,341,341,341,46676123648,46676123648,46676123648,6.07,0.021,0.9,0.1,0.35,0.65,0.35,0.65
Qwen/Qwen2.5-7B-Instruct,NVIDIA GeForce RTX 5060 Ti,42,MultiFieldQA-en,4,16,69,multi-hop,50.6031,0.0,52.0389,56.1557,0,1,0,0,111,367,367,367,54065242112,54065242112,54065242112,6.07,0.021,0.9,0.1,0.35,0.65,0.35,0.65
Qwen/Qwen2.5-7B-Instruct,NVIDIA GeForce RTX 5060 Ti,42,MultiFieldQA-en,4,16,70,structural,65.7362,68.2448,68.2778,66.4543,0,0,0,0,11,267,267,267,28615974912,28615974912,28615974912,6.07,0.021,0.9,0.1,0.35,0.65,0.35,0.65
Qwen/Qwen2.5-7B-Instruct,NVIDIA GeForce RTX 5060 Ti,42,MultiFieldQA-en,4,16,71,multi-hop,43.6813,48.2284,42.7083,0.0,0,0,0,1,47,303,303,265,36852867072,36852867072,28188876800,6.07,0.021,0.9,0.1,0.35,0.65,0.35,0.65
Qwen/Qwen2.5-7B-Instruct,NVIDIA GeForce RTX 5060 Ti,42,MultiFieldQA-en,4,16,72,semantic,70.0269,0.0,72.8751,0.0,0,1,0,1,127,383,383,383,58882138112,58882138112,58882138112,6.07,0.021,0.9,0.1,0.35,0.65,0.35,0.65
Qwen/Qwen2.5-7B-Instruct,NVIDIA GeForce RTX 5060 Ti,42,MultiFieldQA-en,4,16,73,multi-hop,54.2735,0.0,53.6245,0.0,0,1,0,1,143,399,399,399,63904555008,63904555008,63904555008,6.07,0.021,0.9,0.1,0.35,0.65,0.35,0.65
Qwen/Qwen2.5-7B-Instruct,NVIDIA GeForce RTX 5060 Ti,42,MultiFieldQA-en,4,16,74,multi-hop,52.9676,0.0,0.0,0.0,0,1,1,1,73,329,329,329,43448803328,43448803328,43448803328,6.07,0.021,0.9,0.1,0.35,0.65,0.35,0.65
Qwen/Qwen2.5-7B-Instruct,NVIDIA GeForce RTX 5060 Ti,42,MultiFieldQA-en,4,16,75,structural,43.0574,44.3356,44.238,44.297,0,0,0,0,109,365,365,365,53477580800,53477580800,53477580800,6.07,0.021,0.9,0.1,0.35,0.65,0.35,0.65
Qwen/Qwen2.5-7B-Instruct,NVIDIA GeForce RTX 5060 Ti,42,MultiFieldQA-en,4,16,76,multi-hop,46.8878,0.0,48.7285,52.1038,0,1,0,0,125,381,381,381,58268786688,58268786688,58268786688,6.07,0.021,0.9,0.1,0.35,0.65,0.35,0.65
Qwen/Qwen2.5-7B-Instruct,NVIDIA GeForce RTX 5060 Ti,42,MultiFieldQA-en,4,16,77,semantic,49.6042,0.0,49.4777,49.4893,0,1,0,0,110,366,366,366,53771010048,53771010048,53771010048,6.07,0.021,0.9,0.1,0.35,0.65,0.35,0.65
Qwen/Qwen2.5-7B-Instruct,NVIDIA GeForce RTX 5060 Ti,42,MultiFieldQA-en,4,16,78,semantic,41.3505,0.0,43.2505,42.1503,0,1,0,0,45,270,301,301,29262643200,36367966208,36367966208,6.07,0.021,0.9,0.1,0.35,0.65,0.35,0.65
Qwen/Qwen2.5-7B-Instruct,NVIDIA GeForce RTX 5060 Ti,42,MultiFieldQA-en,4,16,79,semantic,43.277,0.0,0.0,0.0,0,1,1,1,37,293,293,293,34460475392,34460475392,34460475392,6.07,0.021,0.9,0.1,0.35,0.65,0.35,0.65
Qwen/Qwen2.5-7B-Instruct,NVIDIA GeForce RTX 5060 Ti,42,MultiFieldQA-en,4,16,80,structural,64.6265,67.4187,65.6739,0.0,0,0,0,1,96,352,352,352,49736056832,49736056832,49736056832,6.07,0.021,0.9,0.1,0.35,0.65,0.35,0.65
Qwen/Qwen2.5-7B-Instruct,NVIDIA GeForce RTX 5060 Ti,42,MultiFieldQA-en,4,16,81,multi-hop,65.0281,67.2214,0.0,0.0,0,0,1,1,23,279,279,279,31246000128,31246000128,31246000128,6.07,0.021,0.9,0.1,0.35,0.65,0.35,0.65
Qwen/Qwen2.5-7B-Instruct,NVIDIA GeForce RTX 5060 Ti,42,MultiFieldQA-en,4,16,82,multi-hop,50.0744,51.084,50.6276,51.0082,0,0,0,0,101,357,357,357,51159048192,51159048192,51159048192,6.07,0.021,0.9,0.1,0.35,0.65,0.35,0.65
Qwen/Qwen2.5-7B-Instruct,NVIDIA GeForce RTX 5060 Ti,42,MultiFieldQA-en,4,16,83,structural,48.6587,50.0887,0.0,0.0,0,0,1,1,13,269,269,269,29046284288,29046284288,29046284288,6.07,0.021,0.9,0.1,0.35,0.65,0.35,0.65
Qwen/Qwen2.5-7B-Instruct,NVIDIA GeForce RTX 5060 Ti,42,MultiFieldQA-en,4,16,84,semantic,52.8446,0.0,55.5061,0.0,0,1,0,1,83,339,339,339,46130208768,46130208768,46130208768,6.07,0.021,0.9,0.1,0.35,0.65,0.35,0.65
Qwen/Qwen2.5-7B-Instruct,NVIDIA GeForce RTX 5060 Ti,42,MultiFieldQA-en,4,16,85,semantic,52.5623,0.0,0.0,0.0,0,1,1,1,91,347,347,347,48333135872,48333135872,48333135872,6.07,0.021,0.9,0.1,0.35,0.65,0.35,0.65
Qwen/Qwen2.5-7B-Instruct,NVIDIA GeForce RTX 5060 Ti,42,MultiFieldQA-en,4,16,86,multi-hop,50.8884,0.0,47.5708,45.0141,0,1,0,0,21,266,277,277,28402024448,30799634432,30799634432,6.07,0.021,0.9,0.1,0.35,0.65,0.35,0.65
Qwen/Qwen2.5-7B-Instruct,NVIDIA GeForce RTX 5060 Ti,42,MultiFieldQA-en,4,16,87,multi-hop,48.3357,0.0,0.0,0.0,0,1,1,1,114,370,370,370,54952755200,54952755200,54952755200,6.07,0.021,0.9,0.1,0.35,0.65,0.35,0.65
Qwen/Qwen2.5-7B-Instruct,NVIDIA GeForce RTX 5060 Ti,42,MultiFieldQA-en,4,16,88,multi-hop,49.6687,51.5863,50.5044,50.9593,0,0,0,0,25,281,281,281,31695577088,31695577088,31695577088,6.07,0.021,0.9,0.1,0.35,0.65,0.35,0.65
Qwen/Qwen2.5-7B-Instruct,NVIDIA GeForce RTX 5060 Ti,42,MultiFieldQA-en,4,16,89,multi-hop,49.8246,0.0,0.0,51.017,0,1,1,0,85,341,341,341,46676123648,46676123648,46676123648,6.07,0.021,0.9,0.1,0.35,0.65,0.35,0.65
Qwen/Qwen2.5-7B-Instruct,NVIDIA GeForce RTX 5060 Ti,42,MultiFieldQA-en,4,16,90,semantic,51.1157,0.0,0.0,51.6122,0,1,1,0,94,350,350,350,49172480000,49172480000,49172480000,6.07,0.021,0.9,0.1,0.35,0.65,0.35,0.65
Qwen/Qwen2.5-7B-Instruct,NVIDIA GeForce RTX 5060 Ti,42,MultiFieldQA-en,4,16,91,multi-hop,48.8764,50.5908,0.0,49.6564,0,0,1,0,87,343,343,343,47225249792,47225249792,47225249792,6.07,0.021,0.9,0.1,0.35,0.65,0.35,0.65
Qwen/Qwen2.5-7B-Instruct,NVIDIA GeForce RTX 5060 Ti,42,MultiFieldQA-en,4,16,92,semantic,85.171,0.0,88.3329,89.0211,0,1,0,0,4,260,260,260,27135180800,27135180800,27135180800,6.07,0.021,0.9,0.1,0.35,0.65,0.35,0.65
Qwen/Qwen2.5-7B-Instruct,NVIDIA GeForce RTX 5060 Ti,42,MultiFieldQA-en,4,16,93,semantic,0.0,0.0,0.0,0.0,1,1,1,1,100,356,356,356,50872844288,50872844288,50872844288,6.07,0.021,0.9,0.1,0.35,0.65,0.35,0.65
Qwen/Qwen2.5-7B-Instruct,NVIDIA GeForce RTX 5060 Ti,42,MultiFieldQA-en,4,16,94,semantic,49.0514,0.0,49.7766,51.7276,0,1,0,0,127,383,383,383,58882138112,58882138112,58882138112,6.07,0.021,0.9,0.1,0.35,0.65,0.35,0.65
Qwen/Qwen2.5-7B-Instruct,NVIDIA GeForce RTX 5060 Ti,42,MultiFieldQA-en,4,16,95,semantic,50.6054,0.0,0.0,50.0503,0,1,1,0,101,357,357,357,51159048192,51159048192,51159048192,6.07,0.021,0.9,0.1,0.35,0.65,0.35,0.65
Qwen/Qwen2.5-7B-Instruct,NVIDIA GeForce RTX 5060 Ti,42,MultiFieldQA-en,4,16,96,multi-hop,0.0,51.3228,0.0,0.0,1,0,1,1,114,370,370,370,54952755200,54952755200,54952755200,6.07,0.021,0.9,0.1,0.35,0.65,0.35,0.65
Qwen/Qwen2.5-7B-Instruct,NVIDIA GeForce RTX 5060 Ti,42,MultiFieldQA-en,4,16,97,structural,49.4883,0.0,54.7793,59.9014,0,1,0,0,86,342,342,342,46950285312,46950285312,46950285312,6.07,0.021,0.9,0.1,0.35,0.65,0.35,0.65
Qwen/Qwen2.5-7B-Instruct,NVIDIA GeForce RTX 5060 Ti,42,MultiFieldQA-en,4,16,98,multi-hop,45.6454,0.0,0.0,46.0337,0,1,1,0,73,313,329,329,39325540352,43448803328,43448803328,6.07,0.021,0.9,0.1,0.35,0.65,0.35,0.65
Qwen/Qwen2.5-7B-Instruct,NVIDIA GeForce RTX 5060 Ti,42,MultiFieldQA-en,4,16,99,semantic,52.9119,0.0,0.0,0.0,0,1,1,1,114,370,370,370,54952755200,54952755200,54952755200,6.07,0.021,0.9,0.1,0.35,0.65,0.35,0.65
Qwen/Qwen2.5-7B-Instruct,NVIDIA GeForce RTX 5060 Ti,42,MultiFieldQA-en,4,16,100,semantic,948.8904,0.0,68.2977,68.65,0,1,0,0,138,394,394,394,62312972288,62312972288,62312972288,6.07,0.021,0.9,0.1,0.35,0.65,0.35,0.65
Qwen/Qwen2.5-7B-Instruct,NVIDIA GeForce RTX 5060 Ti,42,MultiFieldQA-en,4,16,101,multi-hop,66.2041,69.4072,0.0,0.0,0,0,1,1,39,295,295,295,34932531200,34932531200,34932531200,6.07,0.021,0.9,0.1,0.35,0.65,0.35,0.65
Qwen/Qwen2.5-7B-Instruct,NVIDIA GeForce RTX 5060 Ti,42,MultiFieldQA-en,4,16,102,multi-hop,67.8578,0.0,69.1455,68.7691,0,1,0,0,158,414,414,414,68799725568,68799725568,68799725568,6.07,0.021,0.9,0.1,0.35,0.65,0.35,0.65
Qwen/Qwen2.5-7B-Instruct,NVIDIA GeForce RTX 5060 Ti,42,MultiFieldQA-en,4,16,103,semantic,50.3884,0.0,0.0,0.0,0,1,1,1,78,334,334,334,44779470848,44779470848,44779470848,6.07,0.021,0.9,0.1,0.35,0.65,0.35,0.65
Qwen/Qwen2.5-7B-Instruct,NVIDIA GeForce RTX 5060 Ti,42,MultiFieldQA-en,4,16,104,multi-hop,49.5109,0.0,51.1715,49.5869,0,1,0,0,109,365,365,365,53477580800,53477580800,53477580800,6.07,0.021,0.9,0.1,0.35,0.65,0.35,0.65
Qwen/Qwen2.5-7B-Instruct,NVIDIA GeForce RTX 5060 Ti,42,MultiFieldQA-en,4,16,105,semantic,49.4728,0.0,55.5884,0.0,0,1,0,1,142,398,398,398,63584632832,63584632832,63584632832,6.07,0.021,0.9,0.1,0.35,0.65,0.35,0.65
Qwen/Qwen2.5-7B-Instruct,NVIDIA GeForce RTX 5060 Ti,42,MultiFieldQA-en,4,16,106,semantic,48.5934,0.0,0.0,0.0,0,1,1,1,103,359,359,359,51733864448,51733864448,51733864448,6.07,0.021,0.9,0.1,0.35,0.65,0.35,0.65
Qwen/Qwen2.5-7B-Instruct,NVIDIA GeForce RTX 5060 Ti,42,MultiFieldQA-en,4,16,107,structural,65.9208,65.9689,70.4458,65.8521,0,0,0,0,1,8,8,8,25690112,25690112,25690112,6.07,0.021,0.9,0.1,0.35,0.65,0.35,0.65
Qwen/Qwen2.5-7B-Instruct,NVIDIA GeForce RTX 5060 Ti,42,MultiFieldQA-en,4,16,108,structural,42.03,0.0,0.0,0.0,0,1,1,1,107,363,363,363,52893130752,52893130752,52893130752,6.07,0.021,0.9,0.1,0.35,0.65,0.35,0.65
Qwen/Qwen2.5-7B-Instruct,NVIDIA GeForce RTX 5060 Ti,42,MultiFieldQA-en,4,16,109,multi-hop,53.9527,0.0,0.0,0.0,0,1,1,1,86,342,342,342,46950285312,46950285312,46950285312,6.07,0.021,0.9,0.1,0.35,0.65,0.35,0.65
Qwen/Qwen2.5-7B-Instruct,NVIDIA GeForce RTX 5060 Ti,42,MultiFieldQA-en,4,16,110,multi-hop,53.1254,54.6662,0.0,0.0,0,0,1,1,58,314,314,314,39577223168,39577223168,39577223168,6.07,0.021,0.9,0.1,0.35,0.65,0.35,0.65
Qwen/Qwen2.5-7B-Instruct,NVIDIA GeForce RTX 5060 Ti,42,MultiFieldQA-en,4,16,111,multi-hop,44.3583,48.1661,45.135,42.0458,0,0,0,0,113,369,369,369,54656114688,54656114688,54656114688,6.07,0.021,0.9,0.1,0.35,0.65,0.35,0.65
Qwen/Qwen2.5-7B-Instruct,NVIDIA GeForce RTX 5060 Ti,42,MultiFieldQA-en,4,16,112,semantic,51.1865,0.0,51.1841,49.7443,0,1,0,0,110,366,366,366,53771010048,53771010048,53771010048,6.07,0.021,0.9,0.1,0.35,0.65,0.35,0.65
Qwen/Qwen2.5-7B-Instruct,NVIDIA GeForce RTX 5060 Ti,42,MultiFieldQA-en,4,16,113,multi-hop,47.5681,0.0,0.0,0.0,0,1,1,1,97,321,311,325,41361481728,38824583168,42398720000,6.07,0.021,0.9,0.1,0.35,0.65,0.35,0.65
Qwen/Qwen2.5-7B-Instruct,NVIDIA GeForce RTX 5060 Ti,42,MultiFieldQA-en,4,16,114,multi-hop,65.8638,0.0,68.0534,75.2922,0,1,0,0,48,304,304,304,37096521728,37096521728,37096521728,6.07,0.021,0.9,0.1,0.35,0.65,0.35,0.65
Qwen/Qwen2.5-7B-Instruct,NVIDIA GeForce RTX 5060 Ti,42,MultiFieldQA-en,4,16,115,multi-hop,66.591,67.2986,67.1425,0.0,0,0,0,1,23,120,90,279,5780275200,3251404800,31246000128,6.07,0.021,0.9,0.1,0.35,0.65,0.35,0.65
Qwen/Qwen2.5-7B-Instruct,NVIDIA GeForce RTX 5060 Ti,42,MultiFieldQA-en,4,16,116,semantic,51.4324,0.0,50.4267,50.6739,0,1,0,0,27,283,283,283,32148365312,32148365312,32148365312,6.07,0.021,0.9,0.1,0.35,0.65,0.35,0.65
Qwen/Qwen2.5-7B-Instruct,NVIDIA GeForce RTX 5060 Ti,42,MultiFieldQA-en,4,16,117,multi-hop,66.1534,0.0,0.0,0.0,0,1,1,1,125,381,381,381,58268786688,58268786688,58268786688,6.07,0.021,0.9,0.1,0.35,0.65,0.35,0.65
Qwen/Qwen2.5-7B-Instruct,NVIDIA GeForce RTX 5060 Ti,42,MultiFieldQA-en,4,16,118,multi-hop,48.3166,0.0,51.1652,50.8873,0,1,0,0,61,317,317,317,40337088512,40337088512,40337088512,6.07,0.021,0.9,0.1,0.35,0.65,0.35,0.65
Qwen/Qwen2.5-7B-Instruct,NVIDIA GeForce RTX 5060 Ti,42,MultiFieldQA-en,4,16,119,multi-hop,49.9169,50.6813,49.4991,49.514,0,0,0,0,86,342,342,342,46950285312,46950285312,46950285312,6.07,0.021,0.9,0.1,0.35,0.65,0.35,0.65
Qwen/Qwen2.5-7B-Instruct,NVIDIA GeForce RTX 5060 Ti,42,MultiFieldQA-en,4,16,120,structural,52.672,50.3181,0.0,48.9858,0,0,1,0,55,311,311,311,38824583168,38824583168,38824583168,6.07,0.021,0.9,0.1,0.35,0.65,0.35,0.65
Qwen/Qwen2.5-7B-Instruct,NVIDIA GeForce RTX 5060 Ti,42,MultiFieldQA-en,4,16,121,multi-hop,66.1083,0.0,0.0,0.0,0,1,1,1,152,408,408,408,66819981312,66819981312,66819981312,6.07,0.021,0.9,0.1,0.35,0.65,0.35,0.65
Qwen/Qwen2.5-7B-Instruct,NVIDIA GeForce RTX 5060 Ti,42,MultiFieldQA-en,4,16,122,semantic,50.0303,0.0,0.0,0.0,0,1,1,1,108,364,364,364,53184954368,53184954368,53184954368,6.07,0.021,0.9,0.1,0.35,0.65,0.35,0.65
Qwen/Qwen2.5-7B-Instruct,NVIDIA GeForce RTX 5060 Ti,42,MultiFieldQA-en,4,16,123,semantic,55.1574,0.0,0.0,0.0,0,1,1,1,151,407,407,407,66492833792,66492833792,66492833792,6.07,0.021,0.9,0.1,0.35,0.65,0.35,0.65
Qwen/Qwen2.5-7B-Instruct,NVIDIA GeForce RTX 5060 Ti,42,MultiFieldQA-en,4,16,124,multi-hop,52.1215,0.0,0.0,0.0,0,1,1,1,91,347,347,347,48333135872,48333135872,48333135872,6.07,0.021,0.9,0.1,0.35,0.65,0.35,0.65
Qwen/Qwen2.5-7B-Instruct,NVIDIA GeForce RTX 5060 Ti,42,MultiFieldQA-en,4,16,125,semantic,49.9969,0.0,0.0,0.0,0,1,1,1,96,351,352,313,49453867008,49736056832,39325540352,6.07,0.021,0.9,0.1,0.35,0.65,0.35,0.65
Qwen/Qwen2.5-7B-Instruct,NVIDIA GeForce RTX 5060 Ti,42,MultiFieldQA-en,4,16,126,semantic,68.7285,0.0,68.2788,69.0288,0,1,0,0,125,381,381,381,58268786688,58268786688,58268786688,6.07,0.021,0.9,0.1,0.35,0.65,0.35,0.65
Qwen/Qwen2.5-7B-Instruct,NVIDIA GeForce RTX 5060 Ti,42,MultiFieldQA-en,4,16,127,multi-hop,49.4109,48.3689,47.4097,52.3484,0,0,0,0,1,8,8,8,25690112,25690112,25690112,6.07,0.021,0.9,0.1,0.35,0.65,0.35,0.65
Qwen/Qwen2.5-7B-Instruct,NVIDIA GeForce RTX 5060 Ti,42,MultiFieldQA-en,4,16,128,multi-hop,42.7744,44.5996,45.6697,45.1952,0,0,0,0,94,350,350,350,49172480000,49172480000,49172480000,6.07,0.021,0.9,0.1,0.35,0.65,0.35,0.65
Qwen/Qwen2.5-7B-Instruct,NVIDIA GeForce RTX 5060 Ti,42,MultiFieldQA-en,4,16,129,structural,44.7039,48.786,44.9065,0.0,0,0,0,1,138,394,394,394,62312972288,62312972288,62312972288,6.07,0.021,0.9,0.1,0.35,0.65,0.35,0.65
Qwen/Qwen2.5-7B-Instruct,NVIDIA GeForce RTX 5060 Ti,42,MultiFieldQA-en,4,16,130,semantic,65.6209,0.0,67.7505,67.8156,0,1,0,0,114,370,370,370,54952755200,54952755200,54952755200,6.07,0.021,0.9,0.1,0.35,0.65,0.35,0.65
Qwen/Qwen2.5-7B-Instruct,NVIDIA GeForce RTX 5060 Ti,42,MultiFieldQA-en,4,16,131,semantic,65.5395,0.0,66.9203,0.0,0,1,0,1,117,373,373,373,55847493632,55847493632,55847493632,6.07,0.021,0.9,0.1,0.35,0.65,0.35,0.65
Qwen/Qwen2.5-7B-Instruct,NVIDIA GeForce RTX 5060 Ti,42,MultiFieldQA-en,4,16,132,semantic,88.2515,0.0,92.5255,95.9448,0,1,0,0,58,314,314,314,39577223168,39577223168,39577223168,6.07,0.021,0.9,0.1,0.35,0.65,0.35,0.65
Qwen/Qwen2.5-7B-Instruct,NVIDIA GeForce RTX 5060 Ti,42,MultiFieldQA-en,4,16,133,multi-hop,58.5249,0.0,0.0,52.8077,0,1,1,0,101,357,357,357,51159048192,51159048192,51159048192,6.07,0.021,0.9,0.1,0.35,0.65,0.35,0.65
Qwen/Qwen2.5-7B-Instruct,NVIDIA GeForce RTX 5060 Ti,42,MultiFieldQA-en,4,16,134,structural,52.3086,0.0,0.0,0.0,0,1,1,1,99,355,355,355,50587443200,50587443200,50587443200,6.07,0.021,0.9,0.1,0.35,0.65,0.35,0.65
Qwen/Qwen2.5-7B-Instruct,NVIDIA GeForce RTX 5060 Ti,42,MultiFieldQA-en,4,16,135,multi-hop,79.7794,0.0,75.4006,74.0262,0,1,0,0,150,406,406,406,66166489088,66166489088,66166489088,6.07,0.021,0.9,0.1,0.35,0.65,0.35,0.65
Qwen/Qwen2.5-7B-Instruct,NVIDIA GeForce RTX 5060 Ti,42,MultiFieldQA-en,4,16,136,semantic,46.8447,0.0,47.5369,53.2379,0,1,0,0,71,327,327,327,42922156032,42922156032,42922156032,6.07,0.021,0.9,0.1,0.35,0.65,0.35,0.65
Qwen/Qwen2.5-7B-Instruct,NVIDIA GeForce RTX 5060 Ti,42,MultiFieldQA-en,4,16,137,semantic,46.1455,0.0,43.8139,42.7951,0,1,0,0,15,232,271,271,21605384192,29479804928,29479804928,6.07,0.021,0.9,0.1,0.35,0.65,0.35,0.65
Qwen/Qwen2.5-7B-Instruct,NVIDIA GeForce RTX 5060 Ti,42,MultiFieldQA-en,4,16,138,semantic,53.4397,0.0,51.3214,49.6549,0,1,0,0,85,341,341,341,46676123648,46676123648,46676123648,6.07,0.021,0.9,0.1,0.35,0.65,0.35,0.65
Qwen/Qwen2.5-7B-Instruct,NVIDIA GeForce RTX 5060 Ti,42,MultiFieldQA-en,4,16,139,multi-hop,52.7043,54.7358,54.8035,52.5131,0,0,0,0,130,386,386,386,59808186368,59808186368,59808186368,6.07,0.021,0.9,0.1,0.35,0.65,0.35,0.65
Qwen/Qwen2.5-7B-Instruct,NVIDIA GeForce RTX 5060 Ti,42,MultiFieldQA-en,4,16,140,structural,0.0,72.1682,0.0,0.0,1,0,1,1,26,282,282,282,31921569792,31921569792,31921569792,6.07,0.021,0.9,0.1,0.35,0.65,0.35,0.65
Qwen/Qwen2.5-7B-Instruct,NVIDIA GeForce RTX 5060 Ti,42,MultiFieldQA-en,4,16,141,semantic,51.1072,0.0,51.6857,49.5068,0,1,0,0,102,358,342,358,51446054912,46950285312,51446054912,6.07,0.021,0.9,0.1,0.35,0.65,0.35,0.65
Qwen/Qwen2.5-7B-Instruct,NVIDIA GeForce RTX 5060 Ti,42,MultiFieldQA-en,4,16,142,multi-hop,50.4197,51.1397,50.2016,50.101,0,0,0,0,1,8,8,8,25690112,25690112,25690112,6.07,0.021,0.9,0.1,0.35,0.65,0.35,0.65
Qwen/Qwen2.5-7B-Instruct,NVIDIA GeForce RTX 5060 Ti,42,MultiFieldQA-en,4,16,143,semantic,50.7338,0.0,0.0,52.4393,0,1,1,0,156,412,412,412,68136599552,68136599552,68136599552,6.07,0.021,0.9,0.1,0.35,0.65,0.35,0.65
Qwen/Qwen2.5-7B-Instruct,NVIDIA GeForce RTX 5060 Ti,42,MultiFieldQA-en,4,16,144,multi-hop,0.0,0.0,51.6437,49.3198,1,1,0,0,102,358,342,358,51446054912,46950285312,51446054912,6.07,0.021,0.9,0.1,0.35,0.65,0.35,0.65
Qwen/Qwen2.5-7B-Instruct,NVIDIA GeForce RTX 5060 Ti,42,MultiFieldQA-en,4,16,145,multi-hop,48.3214,0.0,0.0,50.1117,0,1,1,0,65,321,321,321,41361481728,41361481728,41361481728,6.07,0.021,0.9,0.1,0.35,0.65,0.35,0.65
Qwen/Qwen2.5-7B-Instruct,NVIDIA GeForce RTX 5060 Ti,42,MultiFieldQA-en,4,16,146,multi-hop,58.9879,0.0,50.9951,50.6326,0,1,0,0,100,356,356,356,50872844288,50872844288,50872844288,6.07,0.021,0.9,0.1,0.35,0.65,0.35,0.65
Qwen/Qwen2.5-7B-Instruct,NVIDIA GeForce RTX 5060 Ti,42,MultiFieldQA-en,4,16,147,multi-hop,49.1356,0.0,56.2641,56.5339,0,1,0,0,103,359,359,359,51733864448,51733864448,51733864448,6.07,0.021,0.9,0.1,0.35,0.65,0.35,0.65
Qwen/Qwen2.5-7B-Instruct,NVIDIA GeForce RTX 5060 Ti,42,MultiFieldQA-en,4,16,148,multi-hop,93.365,95.4288,93.3518,0.0,0,0,0,1,146,402,402,402,64869138432,64869138432,64869138432,6.07,0.021,0.9,0.1,0.35,0.65,0.35,0.65
Qwen/Qwen2.5-7B-Instruct,NVIDIA GeForce RTX 5060 Ti,42,MultiFieldQA-en,4,16,149,multi-hop,55.357,51.1979,51.627,0.0,0,0,0,1,65,321,321,321,41361481728,41361481728,41361481728,6.07,0.021,0.9,0.1,0.35,0.65,0.35,0.65
Qwen/Qwen2.5-7B-Instruct,NVIDIA GeForce RTX 5060 Ti,42,MultiFieldQA-en,4,16,150,semantic,55.8777,0.0,53.3455,51.7411,0,1,0,0,104,360,360,360,52022476800,52022476800,52022476800,6.07,0.021,0.9,0.1,0.35,0.65,0.35,0.65
Qwen/Qwen2.5-7B-Instruct,NVIDIA GeForce RTX 5060 Ti,42,MultiFieldQA-en,4,16,151,structural,45.1613,45.1975,44.3297,43.6487,0,0,0,0,114,370,370,370,54952755200,54952755200,54952755200,6.07,0.021,0.9,0.1,0.35,0.65,0.35,0.65
Qwen/Qwen2.5-7B-Instruct,NVIDIA GeForce RTX 5060 Ti,42,MultiFieldQA-en,4,16,152,structural,51.3269,51.3941,0.0,0.0,0,0,1,1,95,351,351,351,49453867008,49453867008,49453867008,6.07,0.021,0.9,0.1,0.35,0.65,0.35,0.65
Qwen/Qwen2.5-7B-Instruct,NVIDIA GeForce RTX 5060 Ti,42,MultiFieldQA-en,4,16,153,structural,51.6365,49.3837,48.738,47.6027,0,0,0,0,1,8,8,8,25690112,25690112,25690112,6.07,0.021,0.9,0.1,0.35,0.65,0.35,0.65
Qwen/Qwen2.5-7B-Instruct,NVIDIA GeForce RTX 5060 Ti,42,MultiFieldQA-en,4,16,154,multi-hop,0.0,0.0,0.0,43.5038,1,1,1,0,114,370,370,370,54952755200,54952755200,54952755200,6.07,0.021,0.9,0.1,0.35,0.65,0.35,0.65
Qwen/Qwen2.5-7B-Instruct,NVIDIA GeForce RTX 5060 Ti,42,MultiFieldQA-en,4,16,155,multi-hop,0.0,0.0,0.0,53.4833,1,1,1,0,107,363,363,363,52893130752,52893130752,52893130752,6.07,0.021,0.9,0.1,0.35,0.65,0.35,0.65
Qwen/Qwen2.5-7B-Instruct,NVIDIA GeForce RTX 5060 Ti,42,MultiFieldQA-en,4,16,156,structural,49.5277,50.3002,0.0,0.0,0,0,1,1,88,344,344,344,47501017088,47501017088,47501017088,6.07,0.021,0.9,0.1,0.35,0.65,0.35,0.65
Qwen/Qwen2.5-7B-Instruct,NVIDIA GeForce RTX 5060 Ti,42,MultiFieldQA-en,4,16,157,multi-hop,39.859,0.0,39.6324,38.7686,0,1,0,0,1,8,8,8,25690112,25690112,25690112,6.07,0.021,0.9,0.1,0.35,0.65,0.35,0.65
Qwen/Qwen2.5-7B-Instruct,NVIDIA GeForce RTX 5060 Ti,42,MultiFieldQA-en,4,16,158,multi-hop,67.7646,0.0,76.5694,69.5585,0,1,0,0,163,419,419,419,70471589888,70471589888,70471589888,6.07,0.021,0.9,0.1,0.35,0.65,0.35,0.65
Qwen/Qwen2.5-7B-Instruct,NVIDIA GeForce RTX 5060 Ti,42,MultiFieldQA-en,4,16,159,structural,44.0621,49.0167,53.7538,53.7248,0,0,0,0,78,334,334,334,44779470848,44779470848,44779470848,6.07,0.021,0.9,0.1,0.35,0.65,0.35,0.65
Qwen/Qwen2.5-7B-Instruct,NVIDIA GeForce RTX 5060 Ti,42,MultiFieldQA-en,4,16,160,semantic,54.8575,0.0,0.0,52.0865,0,1,1,0,122,378,378,378,57354780672,57354780672,57354780672,6.07,0.021,0.9,0.1,0.35,0.65,0.35,0.65
Qwen/Qwen2.5-7B-Instruct,NVIDIA GeForce RTX 5060 Ti,42,MultiFieldQA-en,4,16,161,multi-hop,47.473,0.0,44.1314,44.0973,0,1,0,0,86,342,342,342,46950285312,46950285312,46950285312,6.07,0.021,0.9,0.1,0.35,0.65,0.35,0.65
Qwen/Qwen2.5-7B-Instruct,NVIDIA GeForce RTX 5060 Ti,42,MultiFieldQA-en,4,16,162,multi-hop,52.7938,53.3881,53.0052,51.361,0,0,0,0,92,348,348,348,48612114432,48612114432,48612114432,6.07,0.021,0.9,0.1,0.35,0.65,0.35,0.65
Qwen/Qwen2.5-7B-Instruct,NVIDIA GeForce RTX 5060 Ti,42,MultiFieldQA-en,4,16,163,multi-hop,44.3206,47.9658,46.0883,0.0,0,0,0,1,158,414,414,414,68799725568,68799725568,68799725568,6.07,0.021,0.9,0.1,0.35,0.65,0.35,0.65
Qwen/Qwen2.5-7B-Instruct,NVIDIA GeForce RTX 5060 Ti,42,MultiFieldQA-en,4,16,164,semantic,0.0,0.0,39.3135,39.565,1,1,0,0,1,8,8,8,25690112,25690112,25690112,6.07,0.021,0.9,0.1,0.35,0.65,0.35,0.65
Qwen/Qwen2.5-7B-Instruct,NVIDIA GeForce RTX 5060 Ti,42,MultiFieldQA-en,4,16,165,multi-hop,47.9844,0.0,0.0,57.1534,0,1,1,0,91,347,347,347,48333135872,48333135872,48333135872,6.07,0.021,0.9,0.1,0.35,0.65,0.35,0.65
Qwen/Qwen2.5-7B-Instruct,NVIDIA GeForce RTX 5060 Ti,42,MultiFieldQA-en,4,16,166,multi-hop,43.5217,0.0,0.0,46.0534,0,1,1,0,35,121,120,291,5877014528,5780275200,33991630848,6.07,0.021,0.9,0.1,0.35,0.65,0.35,0.65
Qwen/Qwen2.5-7B-Instruct,NVIDIA GeForce RTX 5060 Ti,42,MultiFieldQA-en,4,16,167,multi-hop,54.3402,50.7528,49.0514,50.2343,0,0,0,0,1,8,8,8,25690112,25690112,25690112,6.07,0.021,0.9,0.1,0.35,0.65,0.35,0.65
Qwen/Qwen2.5-7B-Instruct,NVIDIA GeForce RTX 5060 Ti,42,MultiFieldQA-en,4,16,168,semantic,50.4075,0.0,0.0,0.0,0,1,1,1,106,362,362,362,52602109952,52602109952,52602109952,6.07,0.021,0.9,0.1,0.35,0.65,0.35,0.65
Qwen/Qwen2.5-7B-Instruct,NVIDIA GeForce RTX 5060 Ti,42,MultiFieldQA-en,4,16,169,multi-hop,0.0,0.0,0.0,0.0,1,1,1,1,136,392,392,255,61681958912,61681958912,26101555200,6.07,0.021,0.9,0.1,0.35,0.65,0.35,0.65
Qwen/Qwen2.5-7B-Instruct,NVIDIA GeForce RTX 5060 Ti,42,MultiFieldQA-en,4,16,170,multi-hop,68.9984,70.3626,70.244,72.1235,0,0,0,0,150,406,406,406,66166489088,66166489088,66166489088,6.07,0.021,0.9,0.1,0.35,0.65,0.35,0.65
Qwen/Qwen2.5-7B-Instruct,NVIDIA GeForce RTX 5060 Ti,42,MultiFieldQA-en,4,16,171,multi-hop,0.0,0.0,41.3742,40.0937,1,1,0,0,1,8,8,8,25690112,25690112,25690112,6.07,0.021,0.9,0.1,0.35,0.65,0.35,0.65
Qwen/Qwen2.5-7B-Instruct,NVIDIA GeForce RTX 5060 Ti,42,MultiFieldQA-en,4,16,172,structural,42.9456,45.6063,47.8508,44.751,0,0,0,0,92,348,348,348,48612114432,48612114432,48612114432,6.07,0.021,0.9,0.1,0.35,0.65,0.35,0.65
Qwen/Qwen2.5-7B-Instruct,NVIDIA GeForce RTX 5060 Ti,42,MultiFieldQA-en,4,16,173,multi-hop,49.081,59.1086,54.0269,0.0,0,0,0,1,19,275,275,275,30356480000,30356480000,30356480000,6.07,0.021,0.9,0.1,0.35,0.65,0.35,0.65
Qwen/Qwen2.5-7B-Instruct,NVIDIA GeForce RTX 5060 Ti,42,MultiFieldQA-en,4,16,174,semantic,55.6973,0.0,70.8978,0.0,0,1,0,1,86,342,342,342,46950285312,46950285312,46950285312,6.07,0.021,0.9,0.1,0.35,0.65,0.35,0.65
Qwen/Qwen2.5-7B-Instruct,NVIDIA GeForce RTX 5060 Ti,42,MultiFieldQA-en,4,16,175,multi-hop,118.3769,67.1565,0.0,0.0,0,0,1,1,106,362,362,362,52602109952,52602109952,52602109952,6.07,0.021,0.9,0.1,0.35,0.65,0.35,0.65
Qwen/Qwen2.5-7B-Instruct,NVIDIA GeForce RTX 5060 Ti,42,MultiFieldQA-en,4,16,176,multi-hop,49.9887,0.0,52.0892,51.38,0,1,0,0,110,366,366,366,53771010048,53771010048,53771010048,6.07,0.021,0.9,0.1,0.35,0.65,0.35,0.65
Qwen/Qwen2.5-7B-Instruct,NVIDIA GeForce RTX 5060 Ti,42,MultiFieldQA-en,4,16,177,multi-hop,50.7631,0.0,0.0,52.4536,0,1,1,0,81,337,337,337,45587505152,45587505152,45587505152,6.07,0.021,0.9,0.1,0.35,0.65,0.35,0.65
Qwen/Qwen2.5-7B-Instruct,NVIDIA GeForce RTX 5060 Ti,42,MultiFieldQA-en,4,16,178,structural,69.3244,71.1848,70.2781,73.6623,0,0,0,0,21,224,277,277,20141047808,30799634432,30799634432,6.07,0.021,0.9,0.1,0.35,0.65,0.35,0.65
Qwen/Qwen2.5-7B-Instruct,NVIDIA GeForce RTX 5060 Ti,42,MultiFieldQA-en,4,16,179,structural,51.6766,0.0,0.0,0.0,0,1,1,1,119,375,375,375,56448000000,56448000000,56448000000,6.07,0.021,0.9,0.1,0.35,0.65,0.35,0.65
Qwen/Qwen2.5-7B-Instruct,NVIDIA GeForce RTX 5060 Ti,42,MultiFieldQA-en,4,16,180,semantic,0.0,0.0,0.0,0.0,1,1,1,1,116,372,372,372,55548444672,55548444672,55548444672,6.07,0.021,0.9,0.1,0.35,0.65,0.35,0.65
Qwen/Qwen2.5-7B-Instruct,NVIDIA GeForce RTX 5060 Ti,42,MultiFieldQA-en,4,16,181,structural,58.7021,53.2024,0.0,50.9419,0,0,1,0,142,398,398,398,63584632832,63584632832,63584632832,6.07,0.021,0.9,0.1,0.35,0.65,0.35,0.65
Qwen/Qwen2.5-7B-Instruct,NVIDIA GeForce RTX 5060 Ti,42,MultiFieldQA-en,4,16,182,multi-hop,51.4105,0.0,50.1333,53.4588,0,1,0,0,68,324,314,324,42138206208,39577223168,42138206208,6.07,0.021,0.9,0.1,0.35,0.65,0.35,0.65
Qwen/Qwen2.5-7B-Instruct,NVIDIA GeForce RTX 5060 Ti,42,MultiFieldQA-en,4,16,183,multi-hop,39.5669,0.0,0.0,0.0,0,1,1,1,1,8,8,55,25690112,25690112,1214259200,6.07,0.021,0.9,0.1,0.35,0.65,0.35,0.65
Qwen/Qwen2.5-7B-Instruct,NVIDIA GeForce RTX 5060 Ti,42,MultiFieldQA-en,4,16,184,structural,51.5522,53.042,52.4668,0.0,0,0,0,1,60,316,316,316,40082997248,40082997248,40082997248,6.07,0.021,0.9,0.1,0.35,0.65,0.35,0.65
Qwen/Qwen2.5-7B-Instruct,NVIDIA GeForce RTX 5060 Ti,42,MultiFieldQA-en,4,16,185,multi-hop,49.7602,0.0,53.6433,52.8394,0,1,0,0,51,307,307,307,37832302592,37832302592,37832302592,6.07,0.021,0.9,0.1,0.35,0.65,0.35,0.65
Qwen/Qwen2.5-7B-Instruct,NVIDIA GeForce RTX 5060 Ti,42,MultiFieldQA-en,4,16,186,semantic,48.1921,0.0,49.8011,0.0,0,1,0,1,84,340,340,340,46402764800,46402764800,46402764800,6.07,0.021,0.9,0.1,0.35,0.65,0.35,0.65
Qwen/Qwen2.5-7B-Instruct,NVIDIA GeForce RTX 5060 Ti,42,MultiFieldQA-en,4,16,187,multi-hop,68.9841,68.868,68.6018,0.0,0,0,0,1,99,355,355,355,50587443200,50587443200,50587443200,6.07,0.021,0.9,0.1,0.35,0.65,0.35,0.65
Qwen/Qwen2.5-7B-Instruct,NVIDIA GeForce RTX 5060 Ti,42,MultiFieldQA-en,4,16,188,multi-hop,44.1073,0.0,43.68,45.685,0,1,0,0,15,232,271,271,21605384192,29479804928,29479804928,6.07,0.021,0.9,0.1,0.35,0.65,0.35,0.65
Qwen/Qwen2.5-7B-Instruct,NVIDIA GeForce RTX 5060 Ti,42,MultiFieldQA-en,4,16,189,structural,44.5004,43.2578,47.1599,43.5404,0,0,0,0,11,267,267,267,28615974912,28615974912,28615974912,6.07,0.021,0.9,0.1,0.35,0.65,0.35,0.65
Qwen/Qwen2.5-7B-Instruct,NVIDIA GeForce RTX 5060 Ti,42,MultiFieldQA-en,4,16,190,structural,50.1026,51.2557,49.9764,51.4073,0,0,0,0,106,362,362,362,52602109952,52602109952,52602109952,6.07,0.021,0.9,0.1,0.35,0.65,0.35,0.65
Qwen/Qwen2.5-7B-Instruct,NVIDIA GeForce RTX 5060 Ti,42,MultiFieldQA-en,4,16,191,structural,50.4555,0.0,50.1369,50.1129,0,1,0,0,112,368,368,368,54360276992,54360276992,54360276992,6.07,0.021,0.9,0.1,0.35,0.65,0.35,0.65
Qwen/Qwen2.5-7B-Instruct,NVIDIA GeForce RTX 5060 Ti,42,MultiFieldQA-en,4,16,192,multi-hop,50.6936,0.0,0.0,0.0,0,1,1,1,59,315,315,315,39829708800,39829708800,39829708800,6.07,0.021,0.9,0.1,0.35,0.65,0.35,0.65
Qwen/Qwen2.5-7B-Instruct,NVIDIA GeForce RTX 5060 Ti,42,MultiFieldQA-en,4,16,193,semantic,49.9693,0.0,51.0446,0.0,0,1,0,1,116,372,372,372,55548444672,55548444672,55548444672,6.07,0.021,0.9,0.1,0.35,0.65,0.35,0.65
Qwen/Qwen2.5-7B-Instruct,NVIDIA GeForce RTX 5060 Ti,42,MultiFieldQA-en,4,16,194,multi-hop,49.4606,52.7366,50.6915,50.4581,0,0,0,0,19,275,275,275,30356480000,30356480000,30356480000,6.07,0.021,0.9,0.1,0.35,0.65,0.35,0.65
Qwen/Qwen2.5-7B-Instruct,NVIDIA GeForce RTX 5060 Ti,42,MultiFieldQA-en,4,16,195,multi-hop,51.2442,0.0,0.0,0.0,0,1,1,1,93,349,349,349,48891895808,48891895808,48891895808,6.07,0.021,0.9,0.1,0.35,0.65,0.35,0.65
Qwen/Qwen2.5-7B-Instruct,NVIDIA GeForce RTX 5060 Ti,42,MultiFieldQA-en,4,16,196,multi-hop,60.2512,0.0,51.8096,51.4247,0,1,0,0,109,365,365,365,53477580800,53477580800,53477580800,6.07,0.021,0.9,0.1,0.35,0.65,0.35,0.65
Qwen/Qwen2.5-7B-Instruct,NVIDIA GeForce RTX 5060 Ti,42,MultiFieldQA-en,4,16,197,semantic,49.9318,0.0,0.0,0.0,0,1,1,1,80,336,336,336,45317357568,45317357568,45317357568,6.07,0.021,0.9,0.1,0.35,0.65,0.35,0.65
Qwen/Qwen2.5-7B-Instruct,NVIDIA GeForce RTX 5060 Ti,42,MultiFieldQA-en,4,16,198,semantic,49.4182,0.0,0.0,0.0,0,1,1,1,92,348,348,348,48612114432,48612114432,48612114432,6.07,0.021,0.9,0.1,0.35,0.65,0.35,0.65
Qwen/Qwen2.5-7B-Instruct,NVIDIA GeForce RTX 5060 Ti,42,MultiFieldQA-en,4,16,199,semantic,52.2915,0.0,0.0,0.0,0,1,1,1,76,332,332,332,44244795392,44244795392,44244795392,6.07,0.021,0.9,0.1,0.35,0.65,0.35,0.65
Qwen/Qwen2.5-7B-Instruct,NVIDIA GeForce RTX 5060 Ti,42,MultiFieldQA-en,4,16,200,multi-hop,41.3004,39.2686,38.4076,39.6017,0,0,0,0,151,407,407,407,66492833792,66492833792,66492833792,6.07,0.021,0.9,0.1,0.35,0.65,0.35,0.65
Qwen/Qwen2.5-7B-Instruct,NVIDIA GeForce RTX 5060 Ti,42,MultiFieldQA-en,4,16,201,multi-hop,66.6036,0.0,72.2351,68.7868,0,1,0,0,138,394,394,394,62312972288,62312972288,62312972288,6.07,0.021,0.9,0.1,0.35,0.65,0.35,0.65
Qwen/Qwen2.5-7B-Instruct,NVIDIA GeForce RTX 5060 Ti,42,MultiFieldQA-en,4,16,202,semantic,48.6532,0.0,50.5418,48.1384,0,1,0,0,23,279,279,279,31246000128,31246000128,31246000128,6.07,0.021,0.9,0.1,0.35,0.65,0.35,0.65
Qwen/Qwen2.5-7B-Instruct,NVIDIA GeForce RTX 5060 Ti,42,MultiFieldQA-en,4,16,203,semantic,65.1556,0.0,0.0,0.0,0,1,1,1,53,309,309,309,38326837248,38326837248,38326837248,6.07,0.021,0.9,0.1,0.35,0.65,0.35,0.65
Qwen/Qwen2.5-7B-Instruct,NVIDIA GeForce RTX 5060 Ti,42,MultiFieldQA-en,4,16,204,multi-hop,48.3328,49.1611,0.0,0.0,0,0,1,1,104,360,360,360,52022476800,52022476800,52022476800,6.07,0.021,0.9,0.1,0.35,0.65,0.35,0.65
Qwen/Qwen2.5-7B-Instruct,NVIDIA GeForce RTX 5060 Ti,42,MultiFieldQA-en,4,16,205,multi-hop,42.4392,44.6859,42.3384,0.0,0,0,0,1,119,375,375,375,56448000000,56448000000,56448000000,6.07,0.021,0.9,0.1,0.35,0.65,0.35,0.65
Qwen/Qwen2.5-7B-Instruct,NVIDIA GeForce RTX 5060 Ti,42,MultiFieldQA-en,4,16,206,multi-hop,49.6596,0.0,49.0843,50.3547,0,1,0,0,105,361,361,361,52311891968,52311891968,52311891968,6.07,0.021,0.9,0.1,0.35,0.65,0.35,0.65
Qwen/Qwen2.5-7B-Instruct,NVIDIA GeForce RTX 5060 Ti,42,MultiFieldQA-en,4,16,207,multi-hop,48.5625,0.0,0.0,47.6575,0,1,1,0,92,320,348,348,41104179200,48612114432,48612114432,6.07,0.021,0.9,0.1,0.35,0.65,0.35,0.65
Qwen/Qwen2.5-7B-Instruct,NVIDIA GeForce RTX 5060 Ti,42,MultiFieldQA-en,4,16,208,semantic,40.3531,0.0,0.0,0.0,0,1,1,1,5,64,64,64,1644167168,1644167168,1644167168,6.07,0.021,0.9,0.1,0.35,0.65,0.35,0.65
Qwen/Qwen2.5-7B-Instruct,NVIDIA GeForce RTX 5060 Ti,42,MultiFieldQA-en,4,16,209,semantic,44.848,0.0,43.5938,51.9097,0,1,0,0,247,503,503,503,101559836672,101559836672,101559836672,6.07,0.021,0.9,0.1,0.35,0.65,0.35,0.65
Qwen/Qwen2.5-7B-Instruct,NVIDIA GeForce RTX 5060 Ti,42,MultiFieldQA-en,4,16,210,multi-hop,52.3,0.0,53.5771,51.7953,0,1,0,0,78,334,334,334,44779470848,44779470848,44779470848,6.07,0.021,0.9,0.1,0.35,0.65,0.35,0.65
Qwen/Qwen2.5-7B-Instruct,NVIDIA GeForce RTX 5060 Ti,42,MultiFieldQA-en,4,16,211,multi-hop,52.2413,52.0026,50.732,50.5451,0,0,0,0,1,8,8,8,25690112,25690112,25690112,6.07,0.021,0.9,0.1,0.35,0.65,0.35,0.65
Qwen/Qwen2.5-7B-Instruct,NVIDIA GeForce RTX 5060 Ti,42,MultiFieldQA-en,4,16,212,semantic,50.1977,0.0,48.1991,0.0,0,1,0,1,19,275,275,275,30356480000,30356480000,30356480000,6.07,0.021,0.9,0.1,0.35,0.65,0.35,0.65
Qwen/Qwen2.5-7B-Instruct,NVIDIA GeForce RTX 5060 Ti,42,MultiFieldQA-en,4,16,213,structural,48.5775,0.0,0.0,0.0,0,1,1,1,86,342,342,342,46950285312,46950285312,46950285312,6.07,0.021,0.9,0.1,0.35,0.65,0.35,0.65
Qwen/Qwen2.5-7B-Instruct,NVIDIA GeForce RTX 5060 Ti,42,MultiFieldQA-en,4,16,214,multi-hop,49.7604,0.0,0.0,56.4186,0,1,1,0,77,333,333,332,44511731712,44511731712,44244795392,6.07,0.021,0.9,0.1,0.35,0.65,0.35,0.65
Qwen/Qwen2.5-7B-Instruct,NVIDIA GeForce RTX 5060 Ti,42,MultiFieldQA-en,4,16,215,multi-hop,51.0986,53.3399,0.0,0.0,0,0,1,1,92,348,348,348,48612114432,48612114432,48612114432,6.07,0.021,0.9,0.1,0.35,0.65,0.35,0.65
Qwen/Qwen2.5-7B-Instruct,NVIDIA GeForce RTX 5060 Ti,42,MultiFieldQA-en,4,16,216,multi-hop,49.9707,0.0,51.136,49.6659,0,1,0,0,101,357,357,357,51159048192,51159048192,51159048192,6.07,0.021,0.9,0.1,0.35,0.65,0.35,0.65
Qwen/Qwen2.5-7B-Instruct,NVIDIA GeForce RTX 5060 Ti,42,MultiFieldQA-en,4,16,217,semantic,50.94,0.0,0.0,51.4082,0,1,1,0,94,350,350,350,49172480000,49172480000,49172480000,6.07,0.021,0.9,0.1,0.35,0.65,0.35,0.65
Qwen/Qwen2.5-7B-Instruct,NVIDIA GeForce RTX 5060 Ti,42,MultiFieldQA-en,4,16,218,semantic,49.7861,0.0,0.0,0.0,0,1,1,1,138,394,394,394,62312972288,62312972288,62312972288,6.07,0.021,0.9,0.1,0.35,0.65,0.35,0.65
Qwen/Qwen2.5-7B-Instruct,NVIDIA GeForce RTX 5060 Ti,42,MultiFieldQA-en,4,16,219,structural,43.5542,0.0,0.0,0.0,0,1,1,1,1,8,8,55,25690112,25690112,1214259200,6.07,0.021,0.9,0.1,0.35,0.65,0.35,0.65
Qwen/Qwen2.5-7B-Instruct,NVIDIA GeForce RTX 5060 Ti,42,MultiFieldQA-en,4,16,220,multi-hop,65.2254,0.0,0.0,0.0,0,1,1,1,11,267,267,267,28615974912,28615974912,28615974912,6.07,0.021,0.9,0.1,0.35,0.65,0.35,0.65
Qwen/Qwen2.5-7B-Instruct,NVIDIA GeForce RTX 5060 Ti,42,MultiFieldQA-en,4,16,221,semantic,48.7256,0.0,0.0,0.0,0,1,1,1,65,321,321,306,41361481728,41361481728,37586239488,6.07,0.021,0.9,0.1,0.35,0.65,0.35,0.65
Qwen/Qwen2.5-7B-Instruct,NVIDIA GeForce RTX 5060 Ti,42,MultiFieldQA-en,4,16,222,structural,48.0772,49.9773,49.3396,48.952,0,0,0,0,142,398,398,398,63584632832,63584632832,63584632832,6.07,0.021,0.9,0.1,0.35,0.65,0.35,0.65
Qwen/Qwen2.5-7B-Instruct,NVIDIA GeForce RTX 5060 Ti,42,MultiFieldQA-en,4,16,223,multi-hop,66.0687,0.0,68.4813,66.2986,0,1,0,0,48,304,304,304,37096521728,37096521728,37096521728,6.07,0.021,0.9,0.1,0.35,0.65,0.35,0.65
Qwen/Qwen2.5-7B-Instruct,NVIDIA GeForce RTX 5060 Ti,42,MultiFieldQA-en,4,16,224,multi-hop,45.2984,46.1197,0.0,0.0,0,0,1,1,121,377,377,377,57051717632,57051717632,57051717632,6.07,0.021,0.9,0.1,0.35,0.65,0.35,0.65
Qwen/Qwen2.5-7B-Instruct,NVIDIA GeForce RTX 5060 Ti,42,MultiFieldQA-en,4,16,225,structural,51.2194,46.372,47.6091,0.0,0,0,0,1,124,380,380,380,57963315200,57963315200,57963315200,6.07,0.021,0.9,0.1,0.35,0.65,0.35,0.65
Qwen/Qwen2.5-7B-Instruct,NVIDIA GeForce RTX 5060 Ti,42,MultiFieldQA-en,4,16,226,semantic,44.9607,0.0,0.0,0.0,0,1,1,1,37,293,293,293,34460475392,34460475392,34460475392,6.07,0.021,0.9,0.1,0.35,0.65,0.35,0.65
Qwen/Qwen2.5-7B-Instruct,NVIDIA GeForce RTX 5060 Ti,42,MultiFieldQA-en,4,16,227,semantic,67.0606,0.0,69.0921,69.6912,0,1,0,0,125,381,381,381,58268786688,58268786688,58268786688,6.07,0.021,0.9,0.1,0.35,0.65,0.35,0.65
Qwen/Qwen2.5-7B-Instruct,NVIDIA GeForce RTX 5060 Ti,42,MultiFieldQA-en,4,16,228,structural,40.8256,0.0,0.0,0.0,0,1,1,1,112,368,368,301,54360276992,54360276992,36367966208,6.07,0.021,0.9,0.1,0.35,0.65,0.35,0.65
Qwen/Qwen2.5-7B-Instruct,NVIDIA GeForce RTX 5060 Ti,42,MultiFieldQA-en,4,16,229,multi-hop,47.764,0.0,45.5703,44.4237,0,1,0,0,45,270,301,301,29262643200,36367966208,36367966208,6.07,0.021,0.9,0.1,0.35,0.65,0.35,0.65
Qwen/Qwen2.5-7B-Instruct,NVIDIA GeForce RTX 5060 Ti,42,MultiFieldQA-en,4,16,230,structural,43.1611,43.5331,43.2187,43.6225,0,0,0,0,18,274,274,274,30136107008,30136107008,30136107008,6.07,0.021,0.9,0.1,0.35,0.65,0.35,0.65
Qwen/Qwen2.5-7B-Instruct,NVIDIA GeForce RTX 5060 Ti,42,MultiFieldQA-en,4,16,231,semantic,66.9759,0.0,0.0,0.0,0,1,1,1,177,433,433,433,75259584512,75259584512,75259584512,6.07,0.021,0.9,0.1,0.35,0.65,0.35,0.65
Qwen/Qwen2.5-7B-Instruct,NVIDIA GeForce RTX 5060 Ti,42,MultiFieldQA-en,4,16,232,structural,49.4001,51.4045,53.4429,0.0,0,0,0,1,11,267,267,267,28615974912,28615974912,28615974912,6.07,0.021,0.9,0.1,0.35,0.65,0.35,0.65
Qwen/Qwen2.5-7B-Instruct,NVIDIA GeForce RTX 5060 Ti,42,MultiFieldQA-en,4,16,233,structural,50.021,52.4434,105.4837,0.0,0,0,0,1,92,348,348,348,48612114432,48612114432,48612114432,6.07,0.021,0.9,0.1,0.35,0.65,0.35,0.65
Qwen/Qwen2.5-7B-Instruct,NVIDIA GeForce RTX 5060 Ti,42,MultiFieldQA-en,4,16,234,semantic,574.2628,0.0,0.0,0.0,0,1,1,1,114,370,370,370,54952755200,54952755200,54952755200,6.07,0.021,0.9,0.1,0.35,0.65,0.35,0.65
Qwen/Qwen2.5-7B-Instruct,NVIDIA GeForce RTX 5060 Ti,42,MultiFieldQA-en,4,16,235,multi-hop,0.0,0.0,70.495,0.0,1,1,0,1,125,381,381,381,58268786688,58268786688,58268786688,6.07,0.021,0.9,0.1,0.35,0.65,0.35,0.65
Qwen/Qwen2.5-7B-Instruct,NVIDIA GeForce RTX 5060 Ti,42,MultiFieldQA-en,4,16,236,multi-hop,49.5417,0.0,49.3479,50.1821,0,1,0,0,136,392,392,255,61681958912,61681958912,26101555200,6.07,0.021,0.9,0.1,0.35,0.65,0.35,0.65
Qwen/Qwen2.5-7B-Instruct,NVIDIA GeForce RTX 5060 Ti,42,MultiFieldQA-en,4,16,237,structural,49.3156,51.5501,0.0,0.0,0,0,1,1,88,344,344,344,47501017088,47501017088,47501017088,6.07,0.021,0.9,0.1,0.35,0.65,0.35,0.65
Qwen/Qwen2.5-7B-Instruct,NVIDIA GeForce RTX 5060 Ti,42,MultiFieldQA-en,4,16,238,multi-hop,50.5996,50.7312,50.458,0.0,0,0,0,1,43,299,290,299,35886276608,33758412800,35886276608,6.07,0.021,0.9,0.1,0.35,0.65,0.35,0.65
Qwen/Qwen2.5-7B-Instruct,NVIDIA GeForce RTX 5060 Ti,42,MultiFieldQA-en,4,16,239,structural,68.1164,73.3676,74.7234,0.0,0,0,0,1,20,276,276,276,30577655808,30577655808,30577655808,6.07,0.021,0.9,0.1,0.35,0.65,0.35,0.65
Qwen/Qwen2.5-7B-Instruct,NVIDIA GeForce RTX 5060 Ti,42,MultiFieldQA-en,4,16,240,multi-hop,55.4446,0.0,0.0,55.6154,0,1,1,0,111,367,367,367,54065242112,54065242112,54065242112,6.07,0.021,0.9,0.1,0.35,0.65,0.35,0.65
Qwen/Qwen2.5-7B-Instruct,NVIDIA GeForce RTX 5060 Ti,42,MultiFieldQA-en,4,16,241,multi-hop,51.5841,0.0,0.0,0.0,0,1,1,1,122,378,378,378,57354780672,57354780672,57354780672,6.07,0.021,0.9,0.1,0.35,0.65,0.35,0.65
Qwen/Qwen2.5-7B-Instruct,NVIDIA GeForce RTX 5060 Ti,42,MultiFieldQA-en,4,16,242,multi-hop,59.1893,56.2483,51.1569,0.0,0,0,0,1,86,342,342,342,46950285312,46950285312,46950285312,6.07,0.021,0.9,0.1,0.35,0.65,0.35,0.65
Qwen/Qwen2.5-7B-Instruct,NVIDIA GeForce RTX 5060 Ti,42,MultiFieldQA-en,4,16,243,multi-hop,0.0,75.7352,69.5049,69.6839,1,0,0,0,23,279,279,279,31246000128,31246000128,31246000128,6.07,0.021,0.9,0.1,0.35,0.65,0.35,0.65
Qwen/Qwen2.5-7B-Instruct,NVIDIA GeForce RTX 5060 Ti,42,MultiFieldQA-en,4,16,244,semantic,87.579,0.0,0.0,90.1866,0,1,1,0,289,545,545,545,119228211200,119228211200,119228211200,6.07,0.021,0.9,0.1,0.35,0.65,0.35,0.65
Qwen/Qwen2.5-7B-Instruct,NVIDIA GeForce RTX 5060 Ti,42,MultiFieldQA-en,4,16,245,multi-hop,72.7864,73.1744,69.7989,0.0,0,0,0,1,83,339,339,339,46130208768,46130208768,46130208768,6.07,0.021,0.9,0.1,0.35,0.65,0.35,0.65
Qwen/Qwen2.5-7B-Instruct,NVIDIA GeForce RTX 5060 Ti,42,MultiFieldQA-en,4,16,246,structural,51.2701,0.0,0.0,0.0,0,1,1,1,100,356,356,356,50872844288,50872844288,50872844288,6.07,0.021,0.9,0.1,0.35,0.65,0.35,0.65
Qwen/Qwen2.5-7B-Instruct,NVIDIA GeForce RTX 5060 Ti,42,MultiFieldQA-en,4,16,247,structural,50.7716,52.2854,0.0,0.0,0,0,1,1,37,293,293,293,34460475392,34460475392,34460475392,6.07,0.021,0.9,0.1,0.35,0.65,0.35,0.65
Qwen/Qwen2.5-7B-Instruct,NVIDIA GeForce RTX 5060 Ti,42,MultiFieldQA-en,4,16,248,semantic,53.2218,0.0,61.5606,55.2539,0,1,0,0,127,383,383,383,58882138112,58882138112,58882138112,6.07,0.021,0.9,0.1,0.35,0.65,0.35,0.65
Qwen/Qwen2.5-7B-Instruct,NVIDIA GeForce RTX 5060 Ti,42,MultiFieldQA-en,4,16,249,multi-hop,50.2712,0.0,51.4815,51.6373,0,1,0,0,33,289,289,289,33525997568,33525997568,33525997568,6.07,0.021,0.9,0.1,0.35,0.65,0.35,0.65
Qwen/Qwen2.5-7B-Instruct,NVIDIA GeForce RTX 5060 Ti,42,MultiFieldQA-en,4,16,250,semantic,69.7562,0.0,0.0,0.0,0,1,1,1,149,405,405,405,65840947200,65840947200,65840947200,6.07,0.021,0.9,0.1,0.35,0.65,0.35,0.65
Qwen/Qwen2.5-7B-Instruct,NVIDIA GeForce RTX 5060 Ti,42,MultiFieldQA-en,4,16,251,multi-hop,52.3688,65.1894,0.0,53.9406,0,0,1,0,87,343,343,343,47225249792,47225249792,47225249792,6.07,0.021,0.9,0.1,0.35,0.65,0.35,0.65
Qwen/Qwen2.5-7B-Instruct,NVIDIA GeForce RTX 5060 Ti,42,MultiFieldQA-en,4,16,252,multi-hop,53.7085,0.0,0.0,0.0,0,1,1,1,86,342,342,342,46950285312,46950285312,46950285312,6.07,0.021,0.9,0.1,0.35,0.65,0.35,0.65
Qwen/Qwen2.5-7B-Instruct,NVIDIA GeForce RTX 5060 Ti,42,MultiFieldQA-en,4,16,253,multi-hop,54.6704,0.0,0.0,0.0,0,1,1,1,119,375,375,375,56448000000,56448000000,56448000000,6.07,0.021,0.9,0.1,0.35,0.65,0.35,0.65
Qwen/Qwen2.5-7B-Instruct,NVIDIA GeForce RTX 5060 Ti,42,MultiFieldQA-en,4,16,254,multi-hop,50.6892,52.9816,51.7384,54.5631,0,0,0,0,79,335,335,335,45048012800,45048012800,45048012800,6.07,0.021,0.9,0.1,0.35,0.65,0.35,0.65
Qwen/Qwen2.5-7B-Instruct,NVIDIA GeForce RTX 5060 Ti,42,MultiFieldQA-en,4,16,255,multi-hop,53.456,53.2378,0.0,0.0,0,0,1,1,48,304,304,304,37096521728,37096521728,37096521728,6.07,0.021,0.9,0.1,0.35,0.65,0.35,0.65
Qwen/Qwen2.5-7B-Instruct,NVIDIA GeForce RTX 5060 Ti,42,MultiFieldQA-en,4,16,256,multi-hop,51.5966,55.7287,54.2312,0.0,0,0,0,1,106,362,362,362,52602109952,52602109952,52602109952,6.07,0.021,0.9,0.1,0.35,0.65,0.35,0.65
Qwen/Qwen2.5-7B-Instruct,NVIDIA GeForce RTX 5060 Ti,42,MultiFieldQA-en,4,16,257,semantic,53.5252,0.0,53.5479,0.0,0,1,0,1,109,365,365,365,53477580800,53477580800,53477580800,6.07,0.021,0.9,0.1,0.35,0.65,0.35,0.65
Qwen/Qwen2.5-7B-Instruct,NVIDIA GeForce RTX 5060 Ti,42,MultiFieldQA-en,4,16,258,multi-hop,70.7311,0.0,75.3179,71.1232,0,1,0,0,48,304,304,304,37096521728,37096521728,37096521728,6.07,0.021,0.9,0.1,0.35,0.65,0.35,0.65
Qwen/Qwen2.5-7B-Instruct,NVIDIA GeForce RTX 5060 Ti,42,MultiFieldQA-en,4,16,259,multi-hop,44.009,0.0,46.1163,45.0666,0,1,0,0,118,333,374,374,44511731712,56147345408,56147345408,6.07,0.021,0.9,0.1,0.35,0.65,0.35,0.65
Qwen/Qwen2.5-7B-Instruct,NVIDIA GeForce RTX 5060 Ti,42,MultiFieldQA-en,4,16,260,structural,45.5834,45.9417,45.0573,44.955,0,0,0,0,110,366,366,366,53771010048,53771010048,53771010048,6.07,0.021,0.9,0.1,0.35,0.65,0.35,0.65
Qwen/Qwen2.5-7B-Instruct,NVIDIA GeForce RTX 5060 Ti,42,MultiFieldQA-en,4,16,261,semantic,49.9454,0.0,0.0,0.0,0,1,1,1,101,357,357,357,51159048192,51159048192,51159048192,6.07,0.021,0.9,0.1,0.35,0.65,0.35,0.65
Qwen/Qwen2.5-7B-Instruct,NVIDIA GeForce RTX 5060 Ti,42,MultiFieldQA-en,4,16,262,multi-hop,52.0678,47.2355,48.113,0.0,0,0,0,1,6,64,226,262,1644167168,20502315008,27554250752,6.07,0.021,0.9,0.1,0.35,0.65,0.35,0.65
Qwen/Qwen2.5-7B-Instruct,NVIDIA GeForce RTX 5060 Ti,42,MultiFieldQA-en,4,16,263,semantic,63.3349,0.0,67.1603,65.6666,0,1,0,0,37,293,293,293,34460475392,34460475392,34460475392,6.07,0.021,0.9,0.1,0.35,0.65,0.35,0.65
Qwen/Qwen2.5-7B-Instruct,NVIDIA GeForce RTX 5060 Ti,42,MultiFieldQA-en,4,16,264,semantic,37.5538,0.0,37.6595,37.4106,0,1,0,0,1,8,8,8,25690112,25690112,25690112,6.07,0.021,0.9,0.1,0.35,0.65,0.35,0.65
Qwen/Qwen2.5-7B-Instruct,NVIDIA GeForce RTX 5060 Ti,42,MultiFieldQA-en,4,16,265,semantic,46.539,0.0,49.208,47.777,0,1,0,0,125,381,381,381,58268786688,58268786688,58268786688,6.07,0.021,0.9,0.1,0.35,0.65,0.35,0.65
Qwen/Qwen2.5-7B-Instruct,NVIDIA GeForce RTX 5060 Ti,42,MultiFieldQA-en,4,16,266,semantic,49.3096,0.0,48.339,47.9534,0,1,0,0,69,325,325,325,42398720000,42398720000,42398720000,6.07,0.021,0.9,0.1,0.35,0.65,0.35,0.65
Qwen/Qwen2.5-7B-Instruct,NVIDIA GeForce RTX 5060 Ti,42,MultiFieldQA-en,4,16,267,structural,45.9851,48.872,48.8092,0.0,0,0,0,1,107,363,363,363,52893130752,52893130752,52893130752,6.07,0.021,0.9,0.1,0.35,0.65,0.35,0.65
Qwen/Qwen2.5-7B-Instruct,NVIDIA GeForce RTX 5060 Ti,42,MultiFieldQA-en,4,16,268,structural,48.7238,0.0,0.0,0.0,0,1,1,1,93,349,349,349,48891895808,48891895808,48891895808,6.07,0.021,0.9,0.1,0.35,0.65,0.35,0.65
Qwen/Qwen2.5-7B-Instruct,NVIDIA GeForce RTX 5060 Ti,42,MultiFieldQA-en,4,16,269,semantic,42.2659,0.0,42.0053,42.2303,0,1,0,0,3,259,259,259,26926850048,26926850048,26926850048,6.07,0.021,0.9,0.1,0.35,0.65,0.35,0.65
Qwen/Qwen2.5-7B-Instruct,NVIDIA GeForce RTX 5060 Ti,42,MultiFieldQA-en,4,16,270,multi-hop,47.987,0.0,49.237,49.3473,0,1,0,0,142,398,398,398,63584632832,63584632832,63584632832,6.07,0.021,0.9,0.1,0.35,0.65,0.35,0.65
Qwen/Qwen2.5-7B-Instruct,NVIDIA GeForce RTX 5060 Ti,42,MultiFieldQA-en,4,16,271,multi-hop,48.7005,0.0,49.7409,49.2982,0,1,0,0,110,366,366,366,53771010048,53771010048,53771010048,6.07,0.021,0.9,0.1,0.35,0.65,0.35,0.65
Qwen/Qwen2.5-7B-Instruct,NVIDIA GeForce RTX 5060 Ti,42,MultiFieldQA-en,4,16,272,semantic,48.6418,0.0,53.9139,0.0,0,1,0,1,110,366,366,366,53771010048,53771010048,53771010048,6.07,0.021,0.9,0.1,0.35,0.65,0.35,0.65
Qwen/Qwen2.5-7B-Instruct,NVIDIA GeForce RTX 5060 Ti,42,MultiFieldQA-en,4,16,273,multi-hop,52.5997,55.132,52.3679,0.0,0,0,0,1,93,349,349,349,48891895808,48891895808,48891895808,6.07,0.021,0.9,0.1,0.35,0.65,0.35,0.65
Qwen/Qwen2.5-7B-Instruct,NVIDIA GeForce RTX 5060 Ti,42,MultiFieldQA-en,4,16,274,multi-hop,52.5462,53.1875,0.0,0.0,0,0,1,1,114,370,370,370,54952755200,54952755200,54952755200,6.07,0.021,0.9,0.1,0.35,0.65,0.35,0.65
Qwen/Qwen2.5-7B-Instruct,NVIDIA GeForce RTX 5060 Ti,42,MultiFieldQA-en,4,16,275,multi-hop,51.0048,0.0,51.2018,50.3104,0,1,0,0,20,276,276,276,30577655808,30577655808,30577655808,6.07,0.021,0.9,0.1,0.35,0.65,0.35,0.65
Qwen/Qwen2.5-7B-Instruct,NVIDIA GeForce RTX 5060 Ti,42,MultiFieldQA-en,4,16,276,multi-hop,49.5466,0.0,0.0,49.8956,0,1,1,0,79,335,335,335,45048012800,45048012800,45048012800,6.07,0.021,0.9,0.1,0.35,0.65,0.35,0.65
Qwen/Qwen2.5-7B-Instruct,NVIDIA GeForce RTX 5060 Ti,42,MultiFieldQA-en,4,16,277,structural,67.0606,68.4634,0.0,0.0,0,0,1,1,141,397,397,397,63265513472,63265513472,63265513472,6.07,0.021,0.9,0.1,0.35,0.65,0.35,0.65
Qwen/Qwen2.5-7B-Instruct,NVIDIA GeForce RTX 5060 Ti,42,MultiFieldQA-en,4,16,278,multi-hop,65.8223,69.178,67.5464,71.6564,0,0,0,0,27,283,283,283,32148365312,32148365312,32148365312,6.07,0.021,0.9,0.1,0.35,0.65,0.35,0.65
Qwen/Qwen2.5-7B-Instruct,NVIDIA GeForce RTX 5060 Ti,42,MultiFieldQA-en,4,16,279,structural,49.6506,51.1488,51.0623,49.9336,0,0,0,0,120,376,376,376,56749457408,56749457408,56749457408,6.07,0.021,0.9,0.1,0.35,0.65,0.35,0.65
Qwen/Qwen2.5-7B-Instruct,NVIDIA GeForce RTX 5060 Ti,42,MultiFieldQA-en,4,16,280,multi-hop,48.834,53.7112,50.6433,51.4376,0,0,0,0,106,362,274,341,52602109952,30136107008,46676123648,6.07,0.021,0.9,0.1,0.35,0.65,0.35,0.65
Qwen/Qwen2.5-7B-Instruct,NVIDIA GeForce RTX 5060 Ti,42,MultiFieldQA-en,4,16,281,semantic,43.1181,0.0,45.4743,0.0,0,1,0,1,135,391,391,391,61367656448,61367656448,61367656448,6.07,0.021,0.9,0.1,0.35,0.65,0.35,0.65
Qwen/Qwen2.5-7B-Instruct,NVIDIA GeForce RTX 5060 Ti,42,MultiFieldQA-en,4,16,282,semantic,51.6176,0.0,51.0094,51.7177,0,1,0,0,67,323,323,323,41878495232,41878495232,41878495232,6.07,0.021,0.9,0.1,0.35,0.65,0.35,0.65
Qwen/Qwen2.5-7B-Instruct,NVIDIA GeForce RTX 5060 Ti,42,MultiFieldQA-en,4,16,283,structural,43.0881,46.0037,45.2449,45.1064,0,0,0,0,119,375,375,375,56448000000,56448000000,56448000000,6.07,0.021,0.9,0.1,0.35,0.65,0.35,0.65
Qwen/Qwen2.5-7B-Instruct,NVIDIA GeForce RTX 5060 Ti,42,MultiFieldQA-en,4,16,284,multi-hop,66.2781,72.2673,66.1625,68.0964,0,0,0,0,1,8,8,156,25690112,25690112,9768665088,6.07,0.021,0.9,0.1,0.35,0.65,0.35,0.65
Qwen/Qwen2.5-7B-Instruct,NVIDIA GeForce RTX 5060 Ti,42,MultiFieldQA-en,4,16,285,structural,42.9048,45.2008,0.0,0.0,0,0,1,1,34,290,290,290,33758412800,33758412800,33758412800,6.07,0.021,0.9,0.1,0.35,0.65,0.35,0.65
Qwen/Qwen2.5-7B-Instruct,NVIDIA GeForce RTX 5060 Ti,42,MultiFieldQA-en,4,16,286,multi-hop,43.9141,0.0,0.0,0.0,0,1,1,1,101,353,357,357,50019049472,51159048192,51159048192,6.07,0.021,0.9,0.1,0.35,0.65,0.35,0.65
Qwen/Qwen2.5-7B-Instruct,NVIDIA GeForce RTX 5060 Ti,42,MultiFieldQA-en,4,16,287,structural,45.8447,47.495,47.7932,0.0,0,0,0,1,108,364,364,364,53184954368,53184954368,53184954368,6.07,0.021,0.9,0.1,0.35,0.65,0.35,0.65
Qwen/Qwen2.5-7B-Instruct,NVIDIA GeForce RTX 5060 Ti,42,MultiFieldQA-en,4,16,288,multi-hop,46.234,0.0,47.1406,45.968,0,1,0,0,84,340,340,340,46402764800,46402764800,46402764800,6.07,0.021,0.9,0.1,0.35,0.65,0.35,0.65
Qwen/Qwen2.5-7B-Instruct,NVIDIA GeForce RTX 5060 Ti,42,MultiFieldQA-en,4,16,289,multi-hop,51.9955,0.0,51.916,51.8889,0,1,0,0,23,279,279,279,31246000128,31246000128,31246000128,6.07,0.021,0.9,0.1,0.35,0.65,0.35,0.65
Qwen/Qwen2.5-7B-Instruct,NVIDIA GeForce RTX 5060 Ti,42,MultiFieldQA-en,4,16,290,semantic,69.3557,0.0,0.0,0.0,0,1,1,1,124,380,380,380,57963315200,57963315200,57963315200,6.07,0.021,0.9,0.1,0.35,0.65,0.35,0.65
Qwen/Qwen2.5-7B-Instruct,NVIDIA GeForce RTX 5060 Ti,42,MultiFieldQA-en,4,16,291,multi-hop,52.6652,53.9518,52.905,52.347,0,0,0,0,67,323,323,323,41878495232,41878495232,41878495232,6.07,0.021,0.9,0.1,0.35,0.65,0.35,0.65
Qwen/Qwen2.5-7B-Instruct,NVIDIA GeForce RTX 5060 Ti,42,MultiFieldQA-en,4,16,292,multi-hop,52.576,0.0,0.0,53.5354,0,1,1,0,110,366,366,366,53771010048,53771010048,53771010048,6.07,0.021,0.9,0.1,0.35,0.65,0.35,0.65
Qwen/Qwen2.5-7B-Instruct,NVIDIA GeForce RTX 5060 Ti,42,MultiFieldQA-en,4,16,293,multi-hop,69.1325,68.8538,68.9694,68.6391,0,0,0,0,5,64,64,185,1644167168,1644167168,13738188800,6.07,0.021,0.9,0.1,0.35,0.65,0.35,0.65
Qwen/Qwen2.5-7B-Instruct,NVIDIA GeForce RTX 5060 Ti,42,MultiFieldQA-en,4,16,294,multi-hop,50.4836,53.2008,0.0,0.0,0,0,1,1,104,360,360,360,52022476800,52022476800,52022476800,6.07,0.021,0.9,0.1,0.35,0.65,0.35,0.65
Qwen/Qwen2.5-7B-Instruct,NVIDIA GeForce RTX 5060 Ti,42,MultiFieldQA-en,4,16,295,semantic,49.8392,0.0,45.6949,47.223,0,1,0,0,86,342,342,342,46950285312,46950285312,46950285312,6.07,0.021,0.9,0.1,0.35,0.65,0.35,0.65
Qwen/Qwen2.5-7B-Instruct,NVIDIA GeForce RTX 5060 Ti,42,MultiFieldQA-en,4,16,296,multi-hop,51.9323,54.3903,54.2935,0.0,0,0,0,1,21,266,277,277,28402024448,30799634432,30799634432,6.07,0.021,0.9,0.1,0.35,0.65,0.35,0.65
Qwen/Qwen2.5-7B-Instruct,NVIDIA GeForce RTX 5060 Ti,42,MultiFieldQA-en,4,16,297,multi-hop,45.8763,46.6139,46.1123,0.0,0,0,0,1,289,545,545,545,119228211200,119228211200,119228211200,6.07,0.021,0.9,0.1,0.35,0.65,0.35,0.65
Qwen/Qwen2.5-7B-Instruct,NVIDIA GeForce RTX 5060 Ti,42,MultiFieldQA-en,4,16,298,structural,54.8296,55.2782,49.3723,52.7866,0,0,0,0,103,359,359,359,51733864448,51733864448,51733864448,6.07,0.021,0.9,0.1,0.35,0.65,0.35,0.65
Qwen/Qwen2.5-7B-Instruct,NVIDIA GeForce RTX 5060 Ti,42,MultiFieldQA-en,4,16,299,semantic,38.9429,0.0,40.6818,41.3998,0,1,0,0,16,230,272,272,21234483200,29697769472,29697769472,6.07,0.021,0.9,0.1,0.35,0.65,0.35,0.65
Qwen/Qwen2.5-7B-Instruct,NVIDIA GeForce RTX 5060 Ti,42,MultiFieldQA-en,4,16,300,multi-hop,40.9616,0.0,44.8834,42.2711,0,1,0,0,71,327,327,327,42922156032,42922156032,42922156032,6.07,0.021,0.9,0.1,0.35,0.65,0.35,0.65
Qwen/Qwen2.5-7B-Instruct,NVIDIA GeForce RTX 5060 Ti,42,MultiFieldQA-en,4,16,301,multi-hop,48.8289,50.124,0.0,0.0,0,0,1,1,81,337,337,337,45587505152,45587505152,45587505152,6.07,0.021,0.9,0.1,0.35,0.65,0.35,0.65
Qwen/Qwen2.5-7B-Instruct,NVIDIA GeForce RTX 5060 Ti,42,MultiFieldQA-en,4,16,302,structural,47.6172,48.7761,0.0,0.0,0,0,1,1,102,358,342,358,51446054912,46950285312,51446054912,6.07,0.021,0.9,0.1,0.35,0.65,0.35,0.65
Qwen/Qwen2.5-7B-Instruct,NVIDIA GeForce RTX 5060 Ti,42,MultiFieldQA-en,4,16,303,semantic,0.0,0.0,0.0,0.0,1,1,1,1,21,277,277,277,30799634432,30799634432,30799634432,6.07,0.021,0.9,0.1,0.35,0.65,0.35,0.65
Qwen/Qwen2.5-7B-Instruct,NVIDIA GeForce RTX 5060 Ti,42,MultiFieldQA-en,4,16,304,multi-hop,48.0099,0.0,47.6808,48.7564,0,1,0,0,86,342,342,342,46950285312,46950285312,46950285312,6.07,0.021,0.9,0.1,0.35,0.65,0.35,0.65
Qwen/Qwen2.5-7B-Instruct,NVIDIA GeForce RTX 5060 Ti,42,MultiFieldQA-en,4,16,305,multi-hop,47.7172,0.0,50.2593,48.414,0,1,0,0,106,362,362,362,52602109952,52602109952,52602109952,6.07,0.021,0.9,0.1,0.35,0.65,0.35,0.65
Qwen/Qwen2.5-7B-Instruct,NVIDIA GeForce RTX 5060 Ti,42,MultiFieldQA-en,4,16,306,semantic,39.4675,0.0,0.0,0.0,0,1,1,1,6,64,226,60,1644167168,20502315008,1445068800,6.07,0.021,0.9,0.1,0.35,0.65,0.35,0.65
Qwen/Qwen2.5-7B-Instruct,NVIDIA GeForce RTX 5060 Ti,42,MultiFieldQA-en,4,16,307,semantic,47.6588,0.0,0.0,0.0,0,1,1,1,92,320,348,348,41104179200,48612114432,48612114432,6.07,0.021,0.9,0.1,0.35,0.65,0.35,0.65
Qwen/Qwen2.5-7B-Instruct,NVIDIA GeForce RTX 5060 Ti,42,MultiFieldQA-en,4,16,308,multi-hop,41.7948,43.8904,42.9414,0.0,0,0,0,1,144,400,400,400,64225280000,64225280000,64225280000,6.07,0.021,0.9,0.1,0.35,0.65,0.35,0.65
Qwen/Qwen2.5-7B-Instruct,NVIDIA GeForce RTX 5060 Ti,42,MultiFieldQA-en,4,16,309,multi-hop,50.1293,0.0,0.0,52.2954,0,1,1,0,13,269,269,269,29046284288,29046284288,29046284288,6.07,0.021,0.9,0.1,0.35,0.65,0.35,0.65
Qwen/Qwen2.5-7B-Instruct,NVIDIA GeForce RTX 5060 Ti,42,MultiFieldQA-en,4,16,310,structural,41.9444,44.8064,41.9749,41.5068,0,0,0,0,20,276,276,276,30577655808,30577655808,30577655808,6.07,0.021,0.9,0.1,0.35,0.65,0.35,0.65
Qwen/Qwen2.5-7B-Instruct,NVIDIA GeForce RTX 5060 Ti,42,MultiFieldQA-en,4,16,311,multi-hop,52.6672,53.1621,53.7295,53.6369,0,0,0,0,88,344,344,344,47501017088,47501017088,47501017088,6.07,0.021,0.9,0.1,0.35,0.65,0.35,0.65
Qwen/Qwen2.5-7B-Instruct,NVIDIA GeForce RTX 5060 Ti,42,MultiFieldQA-en,4,16,312,multi-hop,51.4927,49.7666,48.5102,48.2967,0,0,0,0,85,341,341,341,46676123648,46676123648,46676123648,6.07,0.021,0.9,0.1,0.35,0.65,0.35,0.65
Qwen/Qwen2.5-7B-Instruct,NVIDIA GeForce RTX 5060 Ti,42,MultiFieldQA-en,4,16,313,structural,43.2674,43.197,44.0529,43.7231,0,0,0,0,95,351,351,351,49453867008,49453867008,49453867008,6.07,0.021,0.9,0.1,0.35,0.65,0.35,0.65
Qwen/Qwen2.5-7B-Instruct,NVIDIA GeForce RTX 5060 Ti,42,MultiFieldQA-en,4,16,314,structural,48.1639,49.3438,48.822,48.4793,0,0,0,0,77,333,333,332,44511731712,44511731712,44244795392,6.07,0.021,0.9,0.1,0.35,0.65,0.35,0.65
Qwen/Qwen2.5-7B-Instruct,NVIDIA GeForce RTX 5060 Ti,42,MultiFieldQA-en,4,16,315,multi-hop,63.207,67.057,65.0538,0.0,0,0,0,1,83,339,339,339,46130208768,46130208768,46130208768,6.07,0.021,0.9,0.1,0.35,0.65,0.35,0.65
Qwen/Qwen2.5-7B-Instruct,NVIDIA GeForce RTX 5060 Ti,42,MultiFieldQA-en,4,16,316,semantic,63.5752,0.0,65.7779,66.2768,0,1,0,0,135,391,391,391,61367656448,61367656448,61367656448,6.07,0.021,0.9,0.1,0.35,0.65,0.35,0.65
Qwen/Qwen2.5-7B-Instruct,NVIDIA GeForce RTX 5060 Ti,42,MultiFieldQA-en,4,16,317,multi-hop,47.3443,0.0,48.6226,49.7925,0,1,0,0,106,362,362,362,52602109952,52602109952,52602109952,6.07,0.021,0.9,0.1,0.35,0.65,0.35,0.65
Qwen/Qwen2.5-7B-Instruct,NVIDIA GeForce RTX 5060 Ti,42,MultiFieldQA-en,4,16,318,multi-hop,48.3735,49.5791,55.6672,0.0,0,0,0,1,137,393,393,393,61997064192,61997064192,61997064192,6.07,0.021,0.9,0.1,0.35,0.65,0.35,0.65
Qwen/Qwen2.5-7B-Instruct,NVIDIA GeForce RTX 5060 Ti,42,MultiFieldQA-en,4,16,319,semantic,48.7265,0.0,0.0,0.0,0,1,1,1,73,317,329,329,40337088512,43448803328,43448803328,6.07,0.021,0.9,0.1,0.35,0.65,0.35,0.65
Qwen/Qwen2.5-7B-Instruct,NVIDIA GeForce RTX 5060 Ti,42,MultiFieldQA-en,4,16,320,multi-hop,65.0779,0.0,0.0,0.0,0,1,1,1,177,433,433,433,75259584512,75259584512,75259584512,6.07,0.021,0.9,0.1,0.35,0.65,0.35,0.65
Qwen/Qwen2.5-7B-Instruct,NVIDIA GeForce RTX 5060 Ti,42,MultiFieldQA-en,4,16,321,multi-hop,56.2211,54.8484,0.0,0.0,0,0,1,1,119,375,375,375,56448000000,56448000000,56448000000,6.07,0.021,0.9,0.1,0.35,0.65,0.35,0.65
Qwen/Qwen2.5-7B-Instruct,NVIDIA GeForce RTX 5060 Ti,42,MultiFieldQA-en,4,16,322,multi-hop,52.9851,53.7839,52.3719,58.7335,0,0,0,0,88,344,344,344,47501017088,47501017088,47501017088,6.07,0.021,0.9,0.1,0.35,0.65,0.35,0.65
Qwen/Qwen2.5-7B-Instruct,NVIDIA GeForce RTX 5060 Ti,42,MultiFieldQA-en,4,16,323,structural,0.0,0.0,0.0,0.0,1,1,1,1,141,397,397,397,63265513472,63265513472,63265513472,6.07,0.021,0.9,0.1,0.35,0.65,0.35,0.65
Qwen/Qwen2.5-7B-Instruct,NVIDIA GeForce RTX 5060 Ti,42,MultiFieldQA-en,4,16,324,semantic,53.167,0.0,0.0,0.0,0,1,1,1,10,266,266,266,28402024448,28402024448,28402024448,6.07,0.021,0.9,0.1,0.35,0.65,0.35,0.65
Qwen/Qwen2.5-7B-Instruct,NVIDIA GeForce RTX 5060 Ti,42,MultiFieldQA-en,4,16,325,semantic,53.4771,0.0,53.6003,54.9187,0,1,0,0,127,383,383,383,58882138112,58882138112,58882138112,6.07,0.021,0.9,0.1,0.35,0.65,0.35,0.65
Qwen/Qwen2.5-7B-Instruct,NVIDIA GeForce RTX 5060 Ti,42,MultiFieldQA-en,4,16,326,multi-hop,46.4216,47.8389,47.7727,0.0,0,0,0,1,116,372,372,372,55548444672,55548444672,55548444672,6.07,0.021,0.9,0.1,0.35,0.65,0.35,0.65
Qwen/Qwen2.5-7B-Instruct,NVIDIA GeForce RTX 5060 Ti,42,MultiFieldQA-en,4,16,327,structural,54.7615,0.0,0.0,0.0,0,1,1,1,151,407,407,407,66492833792,66492833792,66492833792,6.07,0.021,0.9,0.1,0.35,0.65,0.35,0.65
Qwen/Qwen2.5-7B-Instruct,NVIDIA GeForce RTX 5060 Ti,42,MultiFieldQA-en,4,16,328,multi-hop,51.5217,0.0,51.9688,53.2537,0,1,0,0,26,282,282,282,31921569792,31921569792,31921569792,6.07,0.021,0.9,0.1,0.35,0.65,0.35,0.65
Qwen/Qwen2.5-7B-Instruct,NVIDIA GeForce RTX 5060 Ti,42,MultiFieldQA-en,4,16,329,multi-hop,56.6698,53.9824,52.233,54.3982,0,0,0,0,104,360,360,360,52022476800,52022476800,52022476800,6.07,0.021,0.9,0.1,0.35,0.65,0.35,0.65
Qwen/Qwen2.5-7B-Instruct,NVIDIA GeForce RTX 5060 Ti,42,MultiFieldQA-en,4,16,330,structural,51.8584,55.6365,53.9042,57.5368,0,0,0,0,181,437,437,437,76656484352,76656484352,76656484352,6.07,0.021,0.9,0.1,0.35,0.65,0.35,0.65
Qwen/Qwen2.5-7B-Instruct,NVIDIA GeForce RTX 5060 Ti,42,MultiFieldQA-en,4,16,331,multi-hop,51.603,0.0,52.4709,53.4374,0,1,0,0,23,279,279,279,31246000128,31246000128,31246000128,6.07,0.021,0.9,0.1,0.35,0.65,0.35,0.65
Qwen/Qwen2.5-7B-Instruct,NVIDIA GeForce RTX 5060 Ti,42,MultiFieldQA-en,4,16,332,multi-hop,53.6961,0.0,0.0,0.0,0,1,1,1,107,363,363,363,52893130752,52893130752,52893130752,6.07,0.021,0.9,0.1,0.35,0.65,0.35,0.65
Qwen/Qwen2.5-7B-Instruct,NVIDIA GeForce RTX 5060 Ti,42,MultiFieldQA-en,4,16,333,semantic,0.0,0.0,73.1655,73.2491,1,1,0,0,117,373,373,373,55847493632,55847493632,55847493632,6.07,0.021,0.9,0.1,0.35,0.65,0.35,0.65
Qwen/Qwen2.5-7B-Instruct,NVIDIA GeForce RTX 5060 Ti,42,MultiFieldQA-en,4,16,334,semantic,45.3615,0.0,47.204,46.0073,0,1,0,0,21,266,277,277,28402024448,30799634432,30799634432,6.07,0.021,0.9,0.1,0.35,0.65,0.35,0.65
Qwen/Qwen2.5-7B-Instruct,NVIDIA GeForce RTX 5060 Ti,42,MultiFieldQA-en,4,16,335,multi-hop,69.34,72.3969,70.3528,69.0199,0,0,0,0,135,391,391,391,61367656448,61367656448,61367656448,6.07,0.021,0.9,0.1,0.35,0.65,0.35,0.65
Qwen/Qwen2.5-7B-Instruct,NVIDIA GeForce RTX 5060 Ti,42,MultiFieldQA-en,4,16,336,multi-hop,52.3537,0.0,53.6035,53.567,0,1,0,0,96,352,352,352,49736056832,49736056832,49736056832,6.07,0.021,0.9,0.1,0.35,0.65,0.35,0.65
Qwen/Qwen2.5-7B-Instruct,NVIDIA GeForce RTX 5060 Ti,42,MultiFieldQA-en,4,16,337,structural,53.0242,53.9997,51.916,0.0,0,0,0,1,100,356,356,356,50872844288,50872844288,50872844288,6.07,0.021,0.9,0.1,0.35,0.65,0.35,0.65
Qwen/Qwen2.5-7B-Instruct,NVIDIA GeForce RTX 5060 Ti,42,MultiFieldQA-en,4,16,338,multi-hop,0.0,0.0,0.0,70.8011,1,1,1,0,114,370,370,370,54952755200,54952755200,54952755200,6.07,0.021,0.9,0.1,0.35,0.65,0.35,0.65
Qwen/Qwen2.5-7B-Instruct,NVIDIA GeForce RTX 5060 Ti,42,MultiFieldQA-en,4,16,339,multi-hop,52.7454,0.0,53.2253,53.237,0,1,0,0,72,328,328,328,43185078272,43185078272,43185078272,6.07,0.021,0.9,0.1,0.35,0.65,0.35,0.65
Qwen/Qwen2.5-7B-Instruct,NVIDIA GeForce RTX 5060 Ti,42,MultiFieldQA-en,4,16,340,semantic,51.0034,0.0,0.0,0.0,0,1,1,1,108,364,364,364,53184954368,53184954368,53184954368,6.07,0.021,0.9,0.1,0.35,0.65,0.35,0.65
Qwen/Qwen2.5-7B-Instruct,NVIDIA GeForce RTX 5060 Ti,42,MultiFieldQA-en,4,16,341,semantic,50.0484,0.0,50.398,0.0,0,1,0,1,89,345,345,345,47777587200,47777587200,47777587200,6.07,0.021,0.9,0.1,0.35,0.65,0.35,0.65
Qwen/Qwen2.5-7B-Instruct,NVIDIA GeForce RTX 5060 Ti,42,MultiFieldQA-en,4,16,342,multi-hop,69.1382,0.0,0.0,0.0,0,1,1,1,100,356,356,356,50872844288,50872844288,50872844288,6.07,0.021,0.9,0.1,0.35,0.65,0.35,0.65
Qwen/Qwen2.5-7B-Instruct,NVIDIA GeForce RTX 5060 Ti,42,MultiFieldQA-en,4,16,343,structural,50.2602,50.811,49.7558,51.4299,0,0,0,0,95,351,351,351,49453867008,49453867008,49453867008,6.07,0.021,0.9,0.1,0.35,0.65,0.35,0.65
Qwen/Qwen2.5-7B-Instruct,NVIDIA GeForce RTX 5060 Ti,42,MultiFieldQA-en,4,16,344,multi-hop,69.5086,71.9763,69.6479,69.9247,0,0,0,0,201,457,457,457,83833659392,83833659392,83833659392,6.07,0.021,0.9,0.1,0.35,0.65,0.35,0.65
Qwen/Qwen2.5-7B-Instruct,NVIDIA GeForce RTX 5060 Ti,42,MultiFieldQA-en,4,16,345,semantic,68.143,0.0,0.0,0.0,0,1,1,1,53,309,309,309,38326837248,38326837248,38326837248,6.07,0.021,0.9,0.1,0.35,0.65,0.35,0.65
Qwen/Qwen2.5-7B-Instruct,NVIDIA GeForce RTX 5060 Ti,42,MultiFieldQA-en,4,16,346,semantic,51.1516,0.0,59.3832,0.0,0,1,0,1,99,355,355,355,50587443200,50587443200,50587443200,6.07,0.021,0.9,0.1,0.35,0.65,0.35,0.65
Qwen/Qwen2.5-7B-Instruct,NVIDIA GeForce RTX 5060 Ti,42,MultiFieldQA-en,4,16,347,structural,69.6147,71.8584,0.0,0.0,0,0,1,1,96,352,352,352,49736056832,49736056832,49736056832,6.07,0.021,0.9,0.1,0.35,0.65,0.35,0.65
Qwen/Qwen2.5-7B-Instruct,NVIDIA GeForce RTX 5060 Ti,42,MultiFieldQA-en,4,16,348,structural,65.7695,67.7267,67.4438,0.0,0,0,0,1,128,384,384,384,59190018048,59190018048,59190018048,6.07,0.021,0.9,0.1,0.35,0.65,0.35,0.65
Qwen/Qwen2.5-7B-Instruct,NVIDIA GeForce RTX 5060 Ti,42,MultiFieldQA-en,4,16,349,semantic,0.0,49.9929,49.8176,0.0,1,0,0,1,99,355,355,355,50587443200,50587443200,50587443200,6.07,0.021,0.9,0.1,0.35,0.65,0.35,0.65
Qwen/Qwen2.5-7B-Instruct,NVIDIA GeForce RTX 5060 Ti,42,MultiFieldQA-en,4,16,350,semantic,48.3486,0.0,0.0,0.0,0,1,1,1,116,372,372,372,55548444672,55548444672,55548444672,6.07,0.021,0.9,0.1,0.35,0.65,0.35,0.65
Qwen/Qwen2.5-7B-Instruct,NVIDIA GeForce RTX 5060 Ti,42,MultiFieldQA-en,4,16,351,multi-hop,42.5958,43.4305,44.3334,0.0,0,0,0,1,104,360,360,360,52022476800,52022476800,52022476800,6.07,0.021,0.9,0.1,0.35,0.65,0.35,0.65
Qwen/Qwen2.5-7B-Instruct,NVIDIA GeForce RTX 5060 Ti,42,MultiFieldQA-en,4,16,352,structural,48.9752,49.4817,48.7763,0.0,0,0,0,1,100,356,356,356,50872844288,50872844288,50872844288,6.07,0.021,0.9,0.1,0.35,0.65,0.35,0.65
Qwen/Qwen2.5-7B-Instruct,NVIDIA GeForce RTX 5060 Ti,42,MultiFieldQA-en,4,16,353,semantic,48.5308,0.0,47.8063,48.291,0,1,0,0,110,366,366,366,53771010048,53771010048,53771010048,6.07,0.021,0.9,0.1,0.35,0.65,0.35,0.65
Qwen/Qwen2.5-7B-Instruct,NVIDIA GeForce RTX 5060 Ti,42,MultiFieldQA-en,4,16,354,semantic,67.7408,0.0,0.0,0.0,0,1,1,1,149,405,405,405,65840947200,65840947200,65840947200,6.07,0.021,0.9,0.1,0.35,0.65,0.35,0.65
Qwen/Qwen2.5-7B-Instruct,NVIDIA GeForce RTX 5060 Ti,42,MultiFieldQA-en,4,16,355,semantic,0.0,0.0,0.0,0.0,1,1,1,1,149,405,405,405,65840947200,65840947200,65840947200,6.07,0.021,0.9,0.1,0.35,0.65,0.35,0.65
Qwen/Qwen2.5-7B-Instruct,NVIDIA GeForce RTX 5060 Ti,42,MultiFieldQA-en,4,16,356,multi-hop,43.182,44.1108,44.0402,0.0,0,0,0,1,71,327,327,327,42922156032,42922156032,42922156032,6.07,0.021,0.9,0.1,0.35,0.65,0.35,0.65
Qwen/Qwen2.5-7B-Instruct,NVIDIA GeForce RTX 5060 Ti,42,MultiFieldQA-en,4,16,357,structural,49.2756,48.6301,52.0675,0.0,0,0,0,1,78,334,334,334,44779470848,44779470848,44779470848,6.07,0.021,0.9,0.1,0.35,0.65,0.35,0.65
Qwen/Qwen2.5-7B-Instruct,NVIDIA GeForce RTX 5060 Ti,42,MultiFieldQA-en,4,16,358,multi-hop,52.7845,55.1377,54.2858,0.0,0,0,0,1,72,328,328,328,43185078272,43185078272,43185078272,6.07,0.021,0.9,0.1,0.35,0.65,0.35,0.65
Qwen/Qwen2.5-7B-Instruct,NVIDIA GeForce RTX 5060 Ti,42,MultiFieldQA-en,4,16,359,structural,49.7367,51.9422,51.9922,51.0667,0,0,0,0,95,351,351,351,49453867008,49453867008,49453867008,6.07,0.021,0.9,0.1,0.35,0.65,0.35,0.65
Qwen/Qwen2.5-7B-Instruct,NVIDIA GeForce RTX 5060 Ti,42,MultiFieldQA-en,4,16,360,structural,51.1202,55.4692,0.0,0.0,0,0,1,1,125,381,381,381,58268786688,58268786688,58268786688,6.07,0.021,0.9,0.1,0.35,0.65,0.35,0.65
Qwen/Qwen2.5-7B-Instruct,NVIDIA GeForce RTX 5060 Ti,42,MultiFieldQA-en,4,16,361,semantic,46.2785,0.0,47.3445,0.0,0,1,0,1,43,299,299,299,35886276608,35886276608,35886276608,6.07,0.021,0.9,0.1,0.35,0.65,0.35,0.65
Qwen/Qwen2.5-7B-Instruct,NVIDIA GeForce RTX 5060 Ti,42,MultiFieldQA-en,4,16,362,multi-hop,50.9585,54.7435,53.5588,0.0,0,0,0,1,101,343,329,357,47225249792,43448803328,51159048192,6.07,0.021,0.9,0.1,0.35,0.65,0.35,0.65
Qwen/Qwen2.5-7B-Instruct,NVIDIA GeForce RTX 5060 Ti,42,MultiFieldQA-en,4,16,363,structural,68.8296,71.2568,72.1843,0.0,0,0,0,1,136,392,392,392,61681958912,61681958912,61681958912,6.07,0.021,0.9,0.1,0.35,0.65,0.35,0.65
Qwen/Qwen2.5-7B-Instruct,NVIDIA GeForce RTX 5060 Ti,42,MultiFieldQA-en,4,16,364,semantic,54.5897,0.0,0.0,0.0,0,1,1,1,55,311,311,311,38824583168,38824583168,38824583168,6.07,0.021,0.9,0.1,0.35,0.65,0.35,0.65
Qwen/Qwen2.5-7B-Instruct,NVIDIA GeForce RTX 5060 Ti,42,MultiFieldQA-en,4,16,365,semantic,51.4936,0.0,0.0,51.9134,0,1,1,0,95,351,351,351,49453867008,49453867008,49453867008,6.07,0.021,0.9,0.1,0.35,0.65,0.35,0.65
Qwen/Qwen2.5-7B-Instruct,NVIDIA GeForce RTX 5060 Ti,42,MultiFieldQA-en,4,16,366,multi-hop,55.5469,52.1897,51.9805,0.0,0,0,0,1,33,289,289,289,33525997568,33525997568,33525997568,6.07,0.021,0.9,0.1,0.35,0.65,0.35,0.65
Qwen/Qwen2.5-7B-Instruct,NVIDIA GeForce RTX 5060 Ti,42,MultiFieldQA-en,4,16,367,semantic,52.8726,0.0,56.0601,51.985,0,1,0,0,86,342,342,342,46950285312,46950285312,46950285312,6.07,0.021,0.9,0.1,0.35,0.65,0.35,0.65
Qwen/Qwen2.5-7B-Instruct,NVIDIA GeForce RTX 5060 Ti,42,MultiFieldQA-en,4,16,368,semantic,44.445,0.0,0.0,0.0,0,1,1,1,121,377,377,377,57051717632,57051717632,57051717632,6.07,0.021,0.9,0.1,0.35,0.65,0.35,0.65
Qwen/Qwen2.5-7B-Instruct,NVIDIA GeForce RTX 5060 Ti,42,MultiFieldQA-en,4,16,369,semantic,50.0985,0.0,50.6048,52.0975,0,1,0,0,86,342,342,342,46950285312,46950285312,46950285312,6.07,0.021,0.9,0.1,0.35,0.65,0.35,0.65
Qwen/Qwen2.5-7B-Instruct,NVIDIA GeForce RTX 5060 Ti,42,MultiFieldQA-en,4,16,370,multi-hop,42.4867,0.0,0.0,49.1957,0,1,1,0,10,89,48,266,3179552768,924844032,28402024448,6.07,0.021,0.9,0.1,0.35,0.65,0.35,0.65
Qwen/Qwen2.5-7B-Instruct,NVIDIA GeForce RTX 5060 Ti,42,MultiFieldQA-en,4,16,371,semantic,47.0929,0.0,0.0,0.0,0,1,1,1,48,304,304,304,37096521728,37096521728,37096521728,6.07,0.021,0.9,0.1,0.35,0.65,0.35,0.65
Qwen/Qwen2.5-7B-Instruct,NVIDIA GeForce RTX 5060 Ti,42,MultiFieldQA-en,4,16,372,multi-hop,51.9977,0.0,51.332,117.357,0,1,0,0,106,362,362,362,52602109952,52602109952,52602109952,6.07,0.021,0.9,0.1,0.35,0.65,0.35,0.65
Qwen/Qwen2.5-7B-Instruct,NVIDIA GeForce RTX 5060 Ti,42,MultiFieldQA-en,4,16,373,multi-hop,67.4477,0.0,52.0161,58.999,0,1,0,0,100,356,356,356,50872844288,50872844288,50872844288,6.07,0.021,0.9,0.1,0.35,0.65,0.35,0.65
Qwen/Qwen2.5-7B-Instruct,NVIDIA GeForce RTX 5060 Ti,42,MultiFieldQA-en,4,16,374,structural,51.4201,51.5556,50.77,0.0,0,0,0,1,150,406,406,406,66166489088,66166489088,66166489088,6.07,0.021,0.9,0.1,0.35,0.65,0.35,0.65
Qwen/Qwen2.5-7B-Instruct,NVIDIA GeForce RTX 5060 Ti,42,MultiFieldQA-en,4,16,375,structural,45.8666,46.3416,49.4787,45.9188,0,0,0,0,92,348,348,348,48612114432,48612114432,48612114432,6.07,0.021,0.9,0.1,0.35,0.65,0.35,0.65
Qwen/Qwen2.5-7B-Instruct,NVIDIA GeForce RTX 5060 Ti,42,MultiFieldQA-en,4,16,376,multi-hop,51.4959,54.0445,0.0,0.0,0,0,1,1,95,351,351,351,49453867008,49453867008,49453867008,6.07,0.021,0.9,0.1,0.35,0.65,0.35,0.65
Qwen/Qwen2.5-7B-Instruct,NVIDIA GeForce RTX 5060 Ti,42,MultiFieldQA-en,4,16,377,structural,45.4376,44.7761,45.3749,43.9643,0,0,0,0,86,342,342,342,46950285312,46950285312,46950285312,6.07,0.021,0.9,0.1,0.35,0.65,0.35,0.65
Qwen/Qwen2.5-7B-Instruct,NVIDIA GeForce RTX 5060 Ti,42,MultiFieldQA-en,4,16,378,multi-hop,40.6022,41.984,41.7965,43.1257,0,0,0,0,143,399,399,399,63904555008,63904555008,63904555008,6.07,0.021,0.9,0.1,0.35,0.65,0.35,0.65
Qwen/Qwen2.5-7B-Instruct,NVIDIA GeForce RTX 5060 Ti,42,MultiFieldQA-en,4,16,379,structural,50.4771,53.7386,0.0,0.0,0,0,1,1,92,320,348,348,41104179200,48612114432,48612114432,6.07,0.021,0.9,0.1,0.35,0.65,0.35,0.65
Qwen/Qwen2.5-7B-Instruct,NVIDIA GeForce RTX 5060 Ti,42,MultiFieldQA-en,4,16,380,semantic,69.8129,0.0,71.4846,0.0,0,1,0,1,150,406,406,406,66166489088,66166489088,66166489088,6.07,0.021,0.9,0.1,0.35,0.65,0.35,0.65
Qwen/Qwen2.5-7B-Instruct,NVIDIA GeForce RTX 5060 Ti,42,MultiFieldQA-en,4,16,381,structural,49.7176,50.8167,0.0,0.0,0,0,1,1,111,366,367,367,53771010048,54065242112,54065242112,6.07,0.021,0.9,0.1,0.35,0.65,0.35,0.65
Qwen/Qwen2.5-7B-Instruct,NVIDIA GeForce RTX 5060 Ti,42,MultiFieldQA-en,4,16,382,semantic,38.9787,0.0,0.0,0.0,0,1,1,1,1,8,8,8,25690112,25690112,25690112,6.07,0.021,0.9,0.1,0.35,0.65,0.35,0.65
Qwen/Qwen2.5-7B-Instruct,NVIDIA GeForce RTX 5060 Ti,42,MultiFieldQA-en,4,16,383,multi-hop,84.4542,0.0,0.0,87.3863,0,1,1,0,19,275,275,265,30356480000,30356480000,28188876800,6.07,0.021,0.9,0.1,0.35,0.65,0.35,0.65
Qwen/Qwen2.5-7B-Instruct,NVIDIA GeForce RTX 5060 Ti,42,MultiFieldQA-en,4,16,384,structural,43.8024,44.6118,45.2852,44.8197,0,0,0,0,116,372,372,372,55548444672,55548444672,55548444672,6.07,0.021,0.9,0.1,0.35,0.65,0.35,0.65
Qwen/Qwen2.5-7B-Instruct,NVIDIA GeForce RTX 5060 Ti,42,MultiFieldQA-en,4,16,385,multi-hop,66.1506,0.0,68.2024,0.0,0,1,0,1,184,440,440,440,77712588800,77712588800,77712588800,6.07,0.021,0.9,0.1,0.35,0.65,0.35,0.65
Qwen/Qwen2.5-7B-Instruct,NVIDIA GeForce RTX 5060 Ti,42,MultiFieldQA-en,4,16,386,semantic,47.6501,0.0,50.7136,49.3013,0,1,0,0,85,341,341,341,46676123648,46676123648,46676123648,6.07,0.021,0.9,0.1,0.35,0.65,0.35,0.65
Qwen/Qwen2.5-7B-Instruct,NVIDIA GeForce RTX 5060 Ti,42,MultiFieldQA-en,4,16,387,semantic,50.5302,0.0,50.7345,0.0,0,1,0,1,70,326,326,326,42660036608,42660036608,42660036608,6.07,0.021,0.9,0.1,0.35,0.65,0.35,0.65
Qwen/Qwen2.5-7B-Instruct,NVIDIA GeForce RTX 5060 Ti,42,MultiFieldQA-en,4,16,388,multi-hop,48.5294,0.0,0.0,49.911,0,1,1,0,99,355,355,355,50587443200,50587443200,50587443200,6.07,0.021,0.9,0.1,0.35,0.65,0.35,0.65
Qwen/Qwen2.5-7B-Instruct,NVIDIA GeForce RTX 5060 Ti,42,MultiFieldQA-en,4,16,389,semantic,53.7845,0.0,51.7446,52.713,0,1,0,0,81,337,337,337,45587505152,45587505152,45587505152,6.07,0.021,0.9,0.1,0.35,0.65,0.35,0.65
Qwen/Qwen2.5-7B-Instruct,NVIDIA GeForce RTX 5060 Ti,42,MultiFieldQA-en,4,16,390,multi-hop,43.056,0.0,0.0,46.4462,0,1,1,0,67,323,323,323,41878495232,41878495232,41878495232,6.07,0.021,0.9,0.1,0.35,0.65,0.35,0.65
Qwen/Qwen2.5-7B-Instruct,NVIDIA GeForce RTX 5060 Ti,42,MultiFieldQA-en,4,16,391,multi-hop,51.6267,0.0,51.5472,52.3479,0,1,0,0,96,352,352,333,49736056832,49736056832,44511731712,6.07,0.021,0.9,0.1,0.35,0.65,0.35,0.65
Qwen/Qwen2.5-7B-Instruct,NVIDIA GeForce RTX 5060 Ti,42,MultiFieldQA-en,4,16,392,multi-hop,51.4704,0.0,52.8397,52.6129,0,1,0,0,53,309,309,309,38326837248,38326837248,38326837248,6.07,0.021,0.9,0.1,0.35,0.65,0.35,0.65
Qwen/Qwen2.5-7B-Instruct,NVIDIA GeForce RTX 5060 Ti,42,MultiFieldQA-en,4,16,393,semantic,50.6681,0.0,0.0,0.0,0,1,1,1,107,363,363,363,52893130752,52893130752,52893130752,6.07,0.021,0.9,0.1,0.35,0.65,0.35,0.65
Qwen/Qwen2.5-7B-Instruct,NVIDIA GeForce RTX 5060 Ti,42,MultiFieldQA-en,4,16,394,multi-hop,45.0567,44.702,0.0,0.0,0,0,1,1,108,364,364,364,53184954368,53184954368,53184954368,6.07,0.021,0.9,0.1,0.35,0.65,0.35,0.65
Qwen/Qwen2.5-7B-Instruct,NVIDIA GeForce RTX 5060 Ti,42,MultiFieldQA-en,4,16,395,multi-hop,50.5167,59.5079,0.0,0.0,0,0,1,1,137,393,393,393,61997064192,61997064192,61997064192,6.07,0.021,0.9,0.1,0.35,0.65,0.35,0.65
Qwen/Qwen2.5-7B-Instruct,NVIDIA GeForce RTX 5060 Ti,42,MultiFieldQA-en,4,16,396,multi-hop,55.3194,56.756,0.0,0.0,0,0,1,1,58,314,314,314,39577223168,39577223168,39577223168,6.07,0.021,0.9,0.1,0.35,0.65,0.35,0.65
Qwen/Qwen2.5-7B-Instruct,NVIDIA GeForce RTX 5060 Ti,42,MultiFieldQA-en,4,16,397,structural,62.2252,0.0,56.2358,103.9909,0,1,0,0,106,362,362,362,52602109952,52602109952,52602109952,6.07,0.021,0.9,0.1,0.35,0.65,0.35,0.65
Qwen/Qwen2.5-7B-Instruct,NVIDIA GeForce RTX 5060 Ti,42,MultiFieldQA-en,4,16,398,multi-hop,82.2083,58.7035,51.5401,0.0,0,0,0,1,10,89,48,266,3179552768,924844032,28402024448,6.07,0.021,0.9,0.1,0.35,0.65,0.35,0.65
Qwen/Qwen2.5-7B-Instruct,NVIDIA GeForce RTX 5060 Ti,42,MultiFieldQA-en,4,16,399,multi-hop,55.2206,0.0,54.1603,53.7553,0,1,0,0,60,316,316,316,40082997248,40082997248,40082997248,6.07,0.021,0.9,0.1,0.35,0.65,0.35,0.65
Qwen/Qwen2.5-7B-Instruct,NVIDIA GeForce RTX 5060 Ti,42,MultiFieldQA-en,4,16,400,multi-hop,49.9569,0.0,51.6418,51.4071,0,1,0,0,23,279,279,279,31246000128,31246000128,31246000128,6.07,0.021,0.9,0.1,0.35,0.65,0.35,0.65
Qwen/Qwen2.5-7B-Instruct,NVIDIA GeForce RTX 5060 Ti,42,MultiFieldQA-en,4,16,401,structural,87.4574,69.5897,71.6954,68.8364,0,0,0,0,1,8,8,8,25690112,25690112,25690112,6.07,0.021,0.9,0.1,0.35,0.65,0.35,0.65
Qwen/Qwen2.5-7B-Instruct,NVIDIA GeForce RTX 5060 Ti,42,MultiFieldQA-en,4,16,402,semantic,50.6269,0.0,0.0,0.0,0,1,1,1,128,384,384,384,59190018048,59190018048,59190018048,6.07,0.021,0.9,0.1,0.35,0.65,0.35,0.65
Qwen/Qwen2.5-7B-Instruct,NVIDIA GeForce RTX 5060 Ti,42,MultiFieldQA-en,4,16,403,multi-hop,93.1183,95.0036,95.4395,0.0,0,0,0,1,194,450,450,450,81285120000,81285120000,81285120000,6.07,0.021,0.9,0.1,0.35,0.65,0.35,0.65
Qwen/Qwen2.5-7B-Instruct,NVIDIA GeForce RTX 5060 Ti,42,MultiFieldQA-en,4,16,404,semantic,51.1904,0.0,0.0,0.0,0,1,1,1,73,329,329,329,43448803328,43448803328,43448803328,6.07,0.021,0.9,0.1,0.35,0.65,0.35,0.65
Qwen/Qwen2.5-7B-Instruct,NVIDIA GeForce RTX 5060 Ti,42,MultiFieldQA-en,4,16,405,structural,52.7429,53.3639,0.0,0.0,0,0,1,1,53,309,309,309,38326837248,38326837248,38326837248,6.07,0.021,0.9,0.1,0.35,0.65,0.35,0.65
Qwen/Qwen2.5-7B-Instruct,NVIDIA GeForce RTX 5060 Ti,42,MultiFieldQA-en,4,16,406,semantic,70.212,0.0,0.0,0.0,0,1,1,1,115,371,371,371,55250198528,55250198528,55250198528,6.07,0.021,0.9,0.1,0.35,0.65,0.35,0.65
Qwen/Qwen2.5-7B-Instruct,NVIDIA GeForce RTX 5060 Ti,42,MultiFieldQA-en,4,16,407,multi-hop,45.4224,62.7882,46.7191,50.18,0,0,0,0,43,299,299,299,35886276608,35886276608,35886276608,6.07,0.021,0.9,0.1,0.35,0.65,0.35,0.65
Qwen/Qwen2.5-7B-Instruct,NVIDIA GeForce RTX 5060 Ti,42,MultiFieldQA-en,4,16,408,multi-hop,53.6655,0.0,46.7435,45.4514,0,1,0,0,43,299,299,299,35886276608,35886276608,35886276608,6.07,0.021,0.9,0.1,0.35,0.65,0.35,0.65
Qwen/Qwen2.5-7B-Instruct,NVIDIA GeForce RTX 5060 Ti,42,MultiFieldQA-en,4,16,409,semantic,51.478,0.0,54.7164,0.0,0,1,0,1,109,365,365,365,53477580800,53477580800,53477580800,6.07,0.021,0.9,0.1,0.35,0.65,0.35,0.65
Qwen/Qwen2.5-7B-Instruct,NVIDIA GeForce RTX 5060 Ti,42,MultiFieldQA-en,4,16,410,multi-hop,0.0,54.0148,52.0822,50.5119,1,0,0,0,137,393,393,393,61997064192,61997064192,61997064192,6.07,0.021,0.9,0.1,0.35,0.65,0.35,0.65
Qwen/Qwen2.5-7B-Instruct,NVIDIA GeForce RTX 5060 Ti,42,MultiFieldQA-en,4,16,411,structural,50.976,50.5283,49.4087,50.5996,0,0,0,0,1,8,8,8,25690112,25690112,25690112,6.07,0.021,0.9,0.1,0.35,0.65,0.35,0.65
Qwen/Qwen2.5-7B-Instruct,NVIDIA GeForce RTX 5060 Ti,42,MultiFieldQA-en,4,16,412,multi-hop,51.7971,0.0,52.4027,50.6466,0,1,0,0,159,415,415,415,69132492800,69132492800,69132492800,6.07,0.021,0.9,0.1,0.35,0.65,0.35,0.65
Qwen/Qwen2.5-7B-Instruct,NVIDIA GeForce RTX 5060 Ti,42,MultiFieldQA-en,4,16,413,multi-hop,50.5286,49.9742,48.6725,50.0577,0,0,0,0,1,8,8,8,25690112,25690112,25690112,6.07,0.021,0.9,0.1,0.35,0.65,0.35,0.65
Qwen/Qwen2.5-7B-Instruct,NVIDIA GeForce RTX 5060 Ti,42,MultiFieldQA-en,4,16,414,multi-hop,50.8099,0.0,56.1605,51.6245,0,1,0,0,85,341,341,341,46676123648,46676123648,46676123648,6.07,0.021,0.9,0.1,0.35,0.65,0.35,0.65
Qwen/Qwen2.5-7B-Instruct,NVIDIA GeForce RTX 5060 Ti,42,MultiFieldQA-en,4,16,415,semantic,43.2236,0.0,46.2912,0.0,0,1,0,1,111,366,367,367,53771010048,54065242112,54065242112,6.07,0.021,0.9,0.1,0.35,0.65,0.35,0.65
Qwen/Qwen2.5-7B-Instruct,NVIDIA GeForce RTX 5060 Ti,42,MultiFieldQA-en,4,16,416,semantic,49.2468,0.0,0.0,0.0,0,1,1,1,78,334,334,334,44779470848,44779470848,44779470848,6.07,0.021,0.9,0.1,0.35,0.65,0.35,0.65
Qwen/Qwen2.5-7B-Instruct,NVIDIA GeForce RTX 5060 Ti,42,MultiFieldQA-en,4,16,417,semantic,42.0907,0.0,0.0,0.0,0,1,1,1,23,120,90,120,5780275200,3251404800,5780275200,6.07,0.021,0.9,0.1,0.35,0.65,0.35,0.65
Qwen/Qwen2.5-7B-Instruct,NVIDIA GeForce RTX 5060 Ti,42,MultiFieldQA-en,4,16,418,multi-hop,50.7008,51.1785,52.1463,0.0,0,0,0,1,101,343,329,357,47225249792,43448803328,51159048192,6.07,0.021,0.9,0.1,0.35,0.65,0.35,0.65
Qwen/Qwen2.5-7B-Instruct,NVIDIA GeForce RTX 5060 Ti,42,MultiFieldQA-en,4,16,419,multi-hop,51.2061,51.7635,59.9303,0.0,0,0,0,1,103,359,359,359,51733864448,51733864448,51733864448,6.07,0.021,0.9,0.1,0.35,0.65,0.35,0.65
Qwen/Qwen2.5-7B-Instruct,NVIDIA GeForce RTX 5060 Ti,42,MultiFieldQA-en,4,16,420,structural,50.9094,51.8678,51.807,0.0,0,0,0,1,46,302,302,302,36610015232,36610015232,36610015232,6.07,0.021,0.9,0.1,0.35,0.65,0.35,0.65
Qwen/Qwen2.5-7B-Instruct,NVIDIA GeForce RTX 5060 Ti,42,MultiFieldQA-en,4,16,421,multi-hop,49.0653,45.2026,45.2781,44.9651,0,0,0,0,120,376,376,376,56749457408,56749457408,56749457408,6.07,0.021,0.9,0.1,0.35,0.65,0.35,0.65
Qwen/Qwen2.5-7B-Instruct,NVIDIA GeForce RTX 5060 Ti,42,MultiFieldQA-en,4,16,422,multi-hop,50.3913,0.0,0.0,0.0,0,1,1,1,59,315,315,315,39829708800,39829708800,39829708800,6.07,0.021,0.9,0.1,0.35,0.65,0.35,0.65
Qwen/Qwen2.5-7B-Instruct,NVIDIA GeForce RTX 5060 Ti,42,MultiFieldQA-en,4,16,423,semantic,42.5919,0.0,0.0,0.0,0,1,1,1,8,64,48,64,1644167168,924844032,1644167168,6.07,0.021,0.9,0.1,0.35,0.65,0.35,0.65
Qwen/Qwen2.5-7B-Instruct,NVIDIA GeForce RTX 5060 Ti,42,MultiFieldQA-en,4,16,424,structural,71.403,71.8053,0.0,72.4415,0,0,1,0,155,411,411,411,67806240768,67806240768,67806240768,6.07,0.021,0.9,0.1,0.35,0.65,0.35,0.65
Qwen/Qwen2.5-7B-Instruct,NVIDIA GeForce RTX 5060 Ti,42,MultiFieldQA-en,4,16,425,semantic,51.3193,0.0,0.0,0.0,0,1,1,1,79,335,335,335,45048012800,45048012800,45048012800,6.07,0.021,0.9,0.1,0.35,0.65,0.35,0.65
Qwen/Qwen2.5-7B-Instruct,NVIDIA GeForce RTX 5060 Ti,42,MultiFieldQA-en,4,16,426,multi-hop,46.6278,46.0681,46.1465,0.0,0,0,0,1,158,414,414,414,68799725568,68799725568,68799725568,6.07,0.021,0.9,0.1,0.35,0.65,0.35,0.65
Qwen/Qwen2.5-7B-Instruct,NVIDIA GeForce RTX 5060 Ti,42,MultiFieldQA-en,4,16,427,semantic,51.2716,0.0,0.0,0.0,0,1,1,1,33,289,289,289,33525997568,33525997568,33525997568,6.07,0.021,0.9,0.1,0.35,0.65,0.35,0.65
Qwen/Qwen2.5-7B-Instruct,NVIDIA GeForce RTX 5060 Ti,42,MultiFieldQA-en,4,16,428,semantic,50.4752,0.0,46.323,47.4847,0,1,0,0,94,350,346,343,49172480000,48054960128,47225249792,6.07,0.021,0.9,0.1,0.35,0.65,0.35,0.65
Qwen/Qwen2.5-7B-Instruct,NVIDIA GeForce RTX 5060 Ti,42,MultiFieldQA-en,4,16,429,multi-hop,53.7388,55.0251,0.0,0.0,0,0,1,1,129,385,385,385,59498700800,59498700800,59498700800,6.07,0.021,0.9,0.1,0.35,0.65,0.35,0.65
Qwen/Qwen2.5-7B-Instruct,NVIDIA GeForce RTX 5060 Ti,42,MultiFieldQA-en,4,16,430,semantic,52.7478,0.0,63.0736,53.6843,0,1,0,0,93,349,349,349,48891895808,48891895808,48891895808,6.07,0.021,0.9,0.1,0.35,0.65,0.35,0.65
Qwen/Qwen2.5-7B-Instruct,NVIDIA GeForce RTX 5060 Ti,42,MultiFieldQA-en,4,16,431,multi-hop,52.786,54.057,52.7129,51.4835,0,0,0,0,15,271,271,271,29479804928,29479804928,29479804928,6.07,0.021,0.9,0.1,0.35,0.65,0.35,0.65
Qwen/Qwen2.5-7B-Instruct,NVIDIA GeForce RTX 5060 Ti,42,MultiFieldQA-en,4,16,432,structural,52.7205,53.148,53.736,0.0,0,0,0,1,66,322,322,322,41619587072,41619587072,41619587072,6.07,0.021,0.9,0.1,0.35,0.65,0.35,0.65
Qwen/Qwen2.5-7B-Instruct,NVIDIA GeForce RTX 5060 Ti,42,MultiFieldQA-en,4,16,433,structural,45.5615,46.3521,47.9582,0.0,0,0,0,1,41,297,297,297,35407798272,35407798272,35407798272,6.07,0.021,0.9,0.1,0.35,0.65,0.35,0.65
Qwen/Qwen2.5-7B-Instruct,NVIDIA GeForce RTX 5060 Ti,42,MultiFieldQA-en,4,16,434,multi-hop,45.9641,46.4418,47.8152,0.0,0,0,0,1,111,367,367,367,54065242112,54065242112,54065242112,6.07,0.021,0.9,0.1,0.35,0.65,0.35,0.65
Qwen/Qwen2.5-7B-Instruct,NVIDIA GeForce RTX 5060 Ti,42,MultiFieldQA-en,4,16,435,structural,51.4791,52.4994,0.0,0.0,0,0,1,1,105,361,361,361,52311891968,52311891968,52311891968,6.07,0.021,0.9,0.1,0.35,0.65,0.35,0.65
Qwen/Qwen2.5-7B-Instruct,NVIDIA GeForce RTX 5060 Ti,42,MultiFieldQA-en,4,16,436,multi-hop,56.8289,0.0,51.735,47.9448,0,1,0,0,17,273,273,273,29916536832,29916536832,29916536832,6.07,0.021,0.9,0.1,0.35,0.65,0.35,0.65
Qwen/Qwen2.5-7B-Instruct,NVIDIA GeForce RTX 5060 Ti,42,MultiFieldQA-en,4,16,437,multi-hop,42.6245,0.0,0.0,43.2119,0,1,1,0,134,390,390,390,61054156800,61054156800,61054156800,6.07,0.021,0.9,0.1,0.35,0.65,0.35,0.65
Qwen/Qwen2.5-7B-Instruct,NVIDIA GeForce RTX 5060 Ti,42,MultiFieldQA-en,4,16,438,multi-hop,41.2256,39.7084,40.6261,0.0,0,0,0,1,45,270,301,301,29262643200,36367966208,36367966208,6.07,0.021,0.9,0.1,0.35,0.65,0.35,0.65
Qwen/Qwen2.5-7B-Instruct,NVIDIA GeForce RTX 5060 Ti,42,MultiFieldQA-en,4,16,439,semantic,47.7234,0.0,49.6313,46.942,0,1,0,0,21,116,277,129,5401346048,30799634432,6679830528,6.07,0.021,0.9,0.1,0.35,0.65,0.35,0.65
Qwen/Qwen2.5-7B-Instruct,NVIDIA GeForce RTX 5060 Ti,42,MultiFieldQA-en,4,16,440,multi-hop,47.4976,0.0,0.0,0.0,0,1,1,1,63,319,319,319,40847679488,40847679488,40847679488,6.07,0.021,0.9,0.1,0.35,0.65,0.35,0.65
Qwen/Qwen2.5-7B-Instruct,NVIDIA GeForce RTX 5060 Ti,42,MultiFieldQA-en,4,16,441,multi-hop,66.6376,0.0,0.0,65.5172,0,1,1,0,111,367,367,367,54065242112,54065242112,54065242112,6.07,0.021,0.9,0.1,0.35,0.65,0.35,0.65
Qwen/Qwen2.5-7B-Instruct,NVIDIA GeForce RTX 5060 Ti,42,MultiFieldQA-en,4,16,442,semantic,51.3698,0.0,0.0,50.4729,0,1,1,0,156,412,412,412,68136599552,68136599552,68136599552,6.07,0.021,0.9,0.1,0.35,0.65,0.35,0.65
Qwen/Qwen2.5-7B-Instruct,NVIDIA GeForce RTX 5060 Ti,42,MultiFieldQA-en,4,16,443,structural,65.1503,68.3038,66.8216,66.4202,0,0,0,0,11,267,267,267,28615974912,28615974912,28615974912,6.07,0.021,0.9,0.1,0.35,0.65,0.35,0.65
Qwen/Qwen2.5-7B-Instruct,NVIDIA GeForce RTX 5060 Ti,42,MultiFieldQA-en,4,16,444,multi-hop,65.9999,0.0,66.8924,67.2661,0,1,0,0,150,406,406,406,66166489088,66166489088,66166489088,6.07,0.021,0.9,0.1,0.35,0.65,0.35,0.65
Qwen/Qwen2.5-7B-Instruct,NVIDIA GeForce RTX 5060 Ti,42,MultiFieldQA-en,4,16,445,structural,46.4391,41.746,41.7447,42.7286,0,0,0,0,1,8,8,8,25690112,25690112,25690112,6.07,0.021,0.9,0.1,0.35,0.65,0.35,0.65
Qwen/Qwen2.5-7B-Instruct,NVIDIA GeForce RTX 5060 Ti,42,MultiFieldQA-en,4,16,446,structural,48.6298,52.4267,50.2274,0.0,0,0,0,1,106,362,362,362,52602109952,52602109952,52602109952,6.07,0.021,0.9,0.1,0.35,0.65,0.35,0.65
Qwen/Qwen2.5-7B-Instruct,NVIDIA GeForce RTX 5060 Ti,42,MultiFieldQA-en,4,16,447,multi-hop,47.3358,51.5131,0.0,0.0,0,0,1,1,103,359,359,359,51733864448,51733864448,51733864448,6.07,0.021,0.9,0.1,0.35,0.65,0.35,0.65
Qwen/Qwen2.5-7B-Instruct,NVIDIA GeForce RTX 5060 Ti,42,MultiFieldQA-en,4,16,448,multi-hop,46.0158,49.8777,0.0,0.0,0,0,1,1,81,337,337,295,45587505152,45587505152,34932531200,6.07,0.021,0.9,0.1,0.35,0.65,0.35,0.65
Qwen/Qwen2.5-7B-Instruct,NVIDIA GeForce RTX 5060 Ti,42,MultiFieldQA-en,4,16,449,semantic,52.3169,0.0,0.0,0.0,0,1,1,1,83,339,339,339,46130208768,46130208768,46130208768,6.07,0.021,0.9,0.1,0.35,0.65,0.35,0.65
Qwen/Qwen2.5-7B-Instruct,NVIDIA GeForce RTX 5060 Ti,42,MultiFieldQA-en,4,16,450,structural,52.0557,55.175,53.8184,51.9226,0,0,0,0,76,332,332,332,44244795392,44244795392,44244795392,6.07,0.021,0.9,0.1,0.35,0.65,0.35,0.65
Qwen/Qwen2.5-7B-Instruct,NVIDIA GeForce RTX 5060 Ti,42,MultiFieldQA-en,4,16,451,semantic,88.7737,0.0,0.0,0.0,0,1,1,1,97,353,353,353,50019049472,50019049472,50019049472,6.07,0.021,0.9,0.1,0.35,0.65,0.35,0.65
Qwen/Qwen2.5-7B-Instruct,NVIDIA GeForce RTX 5060 Ti,42,MultiFieldQA-en,4,16,452,structural,54.4357,53.208,51.4731,53.0045,0,0,0,0,110,366,366,366,53771010048,53771010048,53771010048,6.07,0.021,0.9,0.1,0.35,0.65,0.35,0.65
Qwen/Qwen2.5-7B-Instruct,NVIDIA GeForce RTX 5060 Ti,42,MultiFieldQA-en,4,16,453,multi-hop,51.8011,0.0,51.9776,59.7741,0,1,0,0,96,352,352,352,49736056832,49736056832,49736056832,6.07,0.021,0.9,0.1,0.35,0.65,0.35,0.65
Qwen/Qwen2.5-7B-Instruct,NVIDIA GeForce RTX 5060 Ti,42,MultiFieldQA-en,4,16,454,multi-hop,51.7128,54.5271,52.3245,0.0,0,0,0,1,96,352,352,352,49736056832,49736056832,49736056832,6.07,0.021,0.9,0.1,0.35,0.65,0.35,0.65
Qwen/Qwen2.5-7B-Instruct,NVIDIA GeForce RTX 5060 Ti,42,MultiFieldQA-en,4,16,455,semantic,67.7206,0.0,70.7622,0.0,0,1,0,1,163,419,419,419,70471589888,70471589888,70471589888,6.07,0.021,0.9,0.1,0.35,0.65,0.35,0.65
Qwen/Qwen2.5-7B-Instruct,NVIDIA GeForce RTX 5060 Ti,42,MultiFieldQA-en,4,16,456,semantic,49.171,0.0,52.0956,52.3218,0,1,0,0,20,276,276,276,30577655808,30577655808,30577655808,6.07,0.021,0.9,0.1,0.35,0.65,0.35,0.65
Qwen/Qwen2.5-7B-Instruct,NVIDIA GeForce RTX 5060 Ti,42,MultiFieldQA-en,4,16,457,multi-hop,44.8465,0.0,0.0,45.7172,0,1,1,0,137,393,393,393,61997064192,61997064192,61997064192,6.07,0.021,0.9,0.1,0.35,0.65,0.35,0.65
Qwen/Qwen2.5-7B-Instruct,NVIDIA GeForce RTX 5060 Ti,42,MultiFieldQA-en,4,16,458,multi-hop,68.1585,0.0,70.5069,69.9522,0,1,0,0,150,406,406,406,66166489088,66166489088,66166489088,6.07,0.021,0.9,0.1,0.35,0.65,0.35,0.65
Qwen/Qwen2.5-7B-Instruct,NVIDIA GeForce RTX 5060 Ti,42,MultiFieldQA-en,4,16,459,multi-hop,48.2616,0.0,45.7214,44.6638,0,1,0,0,26,282,282,282,31921569792,31921569792,31921569792,6.07,0.021,0.9,0.1,0.35,0.65,0.35,0.65
Qwen/Qwen2.5-7B-Instruct,NVIDIA GeForce RTX 5060 Ti,42,MultiFieldQA-en,4,16,460,structural,51.7898,60.9487,0.0,0.0,0,0,1,1,111,367,367,367,54065242112,54065242112,54065242112,6.07,0.021,0.9,0.1,0.35,0.65,0.35,0.65
Qwen/Qwen2.5-7B-Instruct,NVIDIA GeForce RTX 5060 Ti,42,MultiFieldQA-en,4,16,461,semantic,71.2808,0.0,72.1667,0.0,0,1,0,1,158,414,414,414,68799725568,68799725568,68799725568,6.07,0.021,0.9,0.1,0.35,0.65,0.35,0.65
Qwen/Qwen2.5-7B-Instruct,NVIDIA GeForce RTX 5060 Ti,42,MultiFieldQA-en,4,16,462,structural,61.9488,55.995,51.8637,0.0,0,0,0,1,107,363,363,363,52893130752,52893130752,52893130752,6.07,0.021,0.9,0.1,0.35,0.65,0.35,0.65
Qwen/Qwen2.5-7B-Instruct,NVIDIA GeForce RTX 5060 Ti,42,MultiFieldQA-en,4,16,463,semantic,43.7982,0.0,0.0,0.0,0,1,1,1,73,329,329,329,43448803328,43448803328,43448803328,6.07,0.021,0.9,0.1,0.35,0.65,0.35,0.65
Qwen/Qwen2.5-7B-Instruct,NVIDIA GeForce RTX 5060 Ti,42,MultiFieldQA-en,4,16,464,multi-hop,43.5685,44.6225,43.4888,0.0,0,0,0,1,47,303,303,265,36852867072,36852867072,28188876800,6.07,0.021,0.9,0.1,0.35,0.65,0.35,0.65
Qwen/Qwen2.5-7B-Instruct,NVIDIA GeForce RTX 5060 Ti,42,MultiFieldQA-en,4,16,465,semantic,0.0,0.0,69.9398,68.6641,1,1,0,0,102,358,358,358,51446054912,51446054912,51446054912,6.07,0.021,0.9,0.1,0.35,0.65,0.35,0.65
Qwen/Qwen2.5-7B-Instruct,NVIDIA GeForce RTX 5060 Ti,42,MultiFieldQA-en,4,16,466,semantic,0.0,0.0,51.5309,0.0,1,1,0,1,99,355,355,355,50587443200,50587443200,50587443200,6.07,0.021,0.9,0.1,0.35,0.65,0.35,0.65
Qwen/Qwen2.5-7B-Instruct,NVIDIA GeForce RTX 5060 Ti,42,MultiFieldQA-en,4,16,467,structural,0.0,0.0,0.0,0.0,1,1,1,1,116,372,372,372,55548444672,55548444672,55548444672,6.07,0.021,0.9,0.1,0.35,0.65,0.35,0.65
Qwen/Qwen2.5-7B-Instruct,NVIDIA GeForce RTX 5060 Ti,42,MultiFieldQA-en,4,16,468,structural,50.5454,51.7963,50.5878,51.9622,0,0,0,0,37,293,293,293,34460475392,34460475392,34460475392,6.07,0.021,0.9,0.1,0.35,0.65,0.35,0.65
Qwen/Qwen2.5-7B-Instruct,NVIDIA GeForce RTX 5060 Ti,42,MultiFieldQA-en,4,16,469,multi-hop,41.945,43.5726,48.4943,41.8869,0,0,0,0,91,347,347,347,48333135872,48333135872,48333135872,6.07,0.021,0.9,0.1,0.35,0.65,0.35,0.65
Qwen/Qwen2.5-7B-Instruct,NVIDIA GeForce RTX 5060 Ti,42,MultiFieldQA-en,4,16,470,multi-hop,50.2795,0.0,50.6882,51.3244,0,1,0,0,135,391,391,391,61367656448,61367656448,61367656448,6.07,0.021,0.9,0.1,0.35,0.65,0.35,0.65
Qwen/Qwen2.5-7B-Instruct,NVIDIA GeForce RTX 5060 Ti,42,MultiFieldQA-en,4,16,471,structural,51.8327,50.5387,49.0062,0.0,0,0,0,1,63,298,319,319,35646636032,40847679488,40847679488,6.07,0.021,0.9,0.1,0.35,0.65,0.35,0.65
Qwen/Qwen2.5-7B-Instruct,NVIDIA GeForce RTX 5060 Ti,42,MultiFieldQA-en,4,16,472,multi-hop,49.4774,51.7641,0.0,0.0,0,0,1,1,116,372,372,372,55548444672,55548444672,55548444672,6.07,0.021,0.9,0.1,0.35,0.65,0.35,0.65
Qwen/Qwen2.5-7B-Instruct,NVIDIA GeForce RTX 5060 Ti,42,MultiFieldQA-en,4,16,473,semantic,70.663,0.0,73.782,72.734,0,1,0,0,114,370,370,370,54952755200,54952755200,54952755200,6.07,0.021,0.9,0.1,0.35,0.65,0.35,0.65
Qwen/Qwen2.5-7B-Instruct,NVIDIA GeForce RTX 5060 Ti,42,MultiFieldQA-en,4,16,474,multi-hop,57.3618,0.0,54.3672,54.204,0,1,0,0,86,342,342,342,46950285312,46950285312,46950285312,6.07,0.021,0.9,0.1,0.35,0.65,0.35,0.65
Qwen/Qwen2.5-7B-Instruct,NVIDIA GeForce RTX 5060 Ti,42,MultiFieldQA-en,4,16,475,multi-hop,55.1955,0.0,0.0,51.6143,0,1,1,0,137,393,393,393,61997064192,61997064192,61997064192,6.07,0.021,0.9,0.1,0.35,0.65,0.35,0.65
Qwen/Qwen2.5-7B-Instruct,NVIDIA GeForce RTX 5060 Ti,42,MultiFieldQA-en,4,16,476,multi-hop,49.8064,50.9943,0.0,0.0,0,0,1,1,61,317,317,317,40337088512,40337088512,40337088512,6.07,0.021,0.9,0.1,0.35,0.65,0.35,0.65
Qwen/Qwen2.5-7B-Instruct,NVIDIA GeForce RTX 5060 Ti,42,MultiFieldQA-en,4,16,477,multi-hop,74.9858,68.7424,0.0,0.0,0,0,1,1,47,303,303,303,36852867072,36852867072,36852867072,6.07,0.021,0.9,0.1,0.35,0.65,0.35,0.65
Qwen/Qwen2.5-7B-Instruct,NVIDIA GeForce RTX 5060 Ti,42,MultiFieldQA-en,4,16,478,structural,52.0833,50.9178,51.7897,51.3465,0,0,0,0,5,64,64,185,1644167168,1644167168,13738188800,6.07,0.021,0.9,0.1,0.35,0.65,0.35,0.65
Qwen/Qwen2.5-7B-Instruct,NVIDIA GeForce RTX 5060 Ti,42,MultiFieldQA-en,4,16,479,structural,50.8961,53.4331,51.2965,0.0,0,0,0,1,96,352,352,352,49736056832,49736056832,49736056832,6.07,0.021,0.9,0.1,0.35,0.65,0.35,0.65
Qwen/Qwen2.5-7B-Instruct,NVIDIA GeForce RTX 5060 Ti,42,MultiFieldQA-en,4,16,480,semantic,48.423,0.0,0.0,0.0,0,1,1,1,78,334,334,334,44779470848,44779470848,44779470848,6.07,0.021,0.9,0.1,0.35,0.65,0.35,0.65
Qwen/Qwen2.5-7B-Instruct,NVIDIA GeForce RTX 5060 Ti,42,MultiFieldQA-en,4,16,481,multi-hop,69.1148,71.2005,70.1522,68.8416,0,0,0,0,150,406,406,406,66166489088,66166489088,66166489088,6.07,0.021,0.9,0.1,0.35,0.65,0.35,0.65
Qwen/Qwen2.5-7B-Instruct,NVIDIA GeForce RTX 5060 Ti,42,MultiFieldQA-en,4,16,482,structural,66.9409,69.8468,0.0,0.0,0,0,1,1,114,370,370,370,54952755200,54952755200,54952755200,6.07,0.021,0.9,0.1,0.35,0.65,0.35,0.65
Qwen/Qwen2.5-7B-Instruct,NVIDIA GeForce RTX 5060 Ti,42,MultiFieldQA-en,4,16,483,structural,45.5807,41.6104,40.432,39.8682,0,0,0,0,5,64,64,218,1644167168,1644167168,19076513792,6.07,0.021,0.9,0.1,0.35,0.65,0.35,0.65
Qwen/Qwen2.5-7B-Instruct,NVIDIA GeForce RTX 5060 Ti,42,MultiFieldQA-en,4,16,484,multi-hop,44.926,47.9917,46.6807,0.0,0,0,0,1,111,367,367,367,54065242112,54065242112,54065242112,6.07,0.021,0.9,0.1,0.35,0.65,0.35,0.65
Qwen/Qwen2.5-7B-Instruct,NVIDIA GeForce RTX 5060 Ti,42,MultiFieldQA-en,4,16,485,multi-hop,51.0288,53.8638,0.0,0.0,0,0,1,1,110,366,366,366,53771010048,53771010048,53771010048,6.07,0.021,0.9,0.1,0.35,0.65,0.35,0.65
Qwen/Qwen2.5-7B-Instruct,NVIDIA GeForce RTX 5060 Ti,42,MultiFieldQA-en,4,16,486,multi-hop,50.7191,0.0,49.6873,51.602,0,1,0,0,110,366,366,366,53771010048,53771010048,53771010048,6.07,0.021,0.9,0.1,0.35,0.65,0.35,0.65
Qwen/Qwen2.5-7B-Instruct,NVIDIA GeForce RTX 5060 Ti,42,MultiFieldQA-en,4,16,487,semantic,51.7627,0.0,0.0,52.9861,0,1,1,0,122,378,378,378,57354780672,57354780672,57354780672,6.07,0.021,0.9,0.1,0.35,0.65,0.35,0.65
Qwen/Qwen2.5-7B-Instruct,NVIDIA GeForce RTX 5060 Ti,42,MultiFieldQA-en,4,16,488,multi-hop,53.7388,0.0,50.5435,49.5714,0,1,0,0,45,301,301,301,36367966208,36367966208,36367966208,6.07,0.021,0.9,0.1,0.35,0.65,0.35,0.65
Qwen/Qwen2.5-7B-Instruct,NVIDIA GeForce RTX 5060 Ti,42,MultiFieldQA-en,4,16,489,multi-hop,49.9159,0.0,53.2993,0.0,0,1,0,1,142,398,398,398,63584632832,63584632832,63584632832,6.07,0.021,0.9,0.1,0.35,0.65,0.35,0.65
Qwen/Qwen2.5-7B-Instruct,NVIDIA GeForce RTX 5060 Ti,42,MultiFieldQA-en,4,16,490,structural,40.4178,40.5951,41.321,45.3161,0,0,0,0,32,288,288,288,33294385152,33294385152,33294385152,6.07,0.021,0.9,0.1,0.35,0.65,0.35,0.65
Qwen/Qwen2.5-7B-Instruct,NVIDIA GeForce RTX 5060 Ti,42,MultiFieldQA-en,4,16,491,structural,49.959,48.7608,48.2821,0.0,0,0,0,1,5,64,73,261,1644167168,2139103232,27344314368,6.07,0.021,0.9,0.1,0.35,0.65,0.35,0.65
Qwen/Qwen2.5-7B-Instruct,NVIDIA GeForce RTX 5060 Ti,42,MultiFieldQA-en,4,16,492,structural,42.0174,51.3116,43.4864,43.4369,0,0,0,0,86,342,342,342,46950285312,46950285312,46950285312,6.07,0.021,0.9,0.1,0.35,0.65,0.35,0.65
Qwen/Qwen2.5-7B-Instruct,NVIDIA GeForce RTX 5060 Ti,42,MultiFieldQA-en,4,16,493,multi-hop,49.9532,0.0,0.0,50.5612,0,1,1,0,85,341,341,341,46676123648,46676123648,46676123648,6.07,0.021,0.9,0.1,0.35,0.65,0.35,0.65
Qwen/Qwen2.5-7B-Instruct,NVIDIA GeForce RTX 5060 Ti,42,MultiFieldQA-en,4,16,494,multi-hop,39.9654,39.9585,38.7414,38.5727,0,0,0,0,100,356,356,356,50872844288,50872844288,50872844288,6.07,0.021,0.9,0.1,0.35,0.65,0.35,0.65
Qwen/Qwen2.5-7B-Instruct,NVIDIA GeForce RTX 5060 Ti,42,MultiFieldQA-en,4,16,495,structural,0.0,51.1272,0.0,0.0,1,0,1,1,121,377,377,377,57051717632,57051717632,57051717632,6.07,0.021,0.9,0.1,0.35,0.65,0.35,0.65
Qwen/Qwen2.5-7B-Instruct,NVIDIA GeForce RTX 5060 Ti,42,MultiFieldQA-en,4,16,496,structural,49.1596,55.8066,48.8831,0.0,0,0,0,1,34,290,290,290,33758412800,33758412800,33758412800,6.07,0.021,0.9,0.1,0.35,0.65,0.35,0.65
Qwen/Qwen2.5-7B-Instruct,NVIDIA GeForce RTX 5060 Ti,42,MultiFieldQA-en,4,16,497,semantic,66.439,0.0,73.328,0.0,0,1,0,1,150,406,406,406,66166489088,66166489088,66166489088,6.07,0.021,0.9,0.1,0.35,0.65,0.35,0.65
Qwen/Qwen2.5-7B-Instruct,NVIDIA GeForce RTX 5060 Ti,42,MultiFieldQA-en,4,16,498,multi-hop,54.7106,0.0,54.5557,53.5741,0,1,0,0,53,309,309,309,38326837248,38326837248,38326837248,6.07,0.021,0.9,0.1,0.35,0.65,0.35,0.65
Qwen/Qwen2.5-7B-Instruct,NVIDIA GeForce RTX 5060 Ti,42,MultiFieldQA-en,4,16,499,semantic,0.0,0.0,46.0344,47.3275,1,1,0,0,86,342,342,342,46950285312,46950285312,46950285312,6.07,0.021,0.9,0.1,0.35,0.65,0.35,0.65
Qwen/Qwen2.5-7B-Instruct,NVIDIA GeForce RTX 5060 Ti,42,MultiFieldQA-en,4,16,500,structural,50.7642,53.39,51.1851,52.3141,0,0,0,0,58,314,314,314,39577223168,39577223168,39577223168,6.07,0.021,0.9,0.1,0.35,0.65,0.35,0.65
Qwen/Qwen2.5-7B-Instruct,NVIDIA GeForce RTX 5060 Ti,42,MultiFieldQA-en,4,16,501,multi-hop,0.0,0.0,70.7151,70.1185,1,1,0,0,94,350,350,350,49172480000,49172480000,49172480000,6.07,0.021,0.9,0.1,0.35,0.65,0.35,0.65
Qwen/Qwen2.5-7B-Instruct,NVIDIA GeForce RTX 5060 Ti,42,MultiFieldQA-en,4,16,502,multi-hop,41.3929,42.2367,43.011,46.3383,0,0,0,0,32,288,288,288,33294385152,33294385152,33294385152,6.07,0.021,0.9,0.1,0.35,0.65,0.35,0.65
Qwen/Qwen2.5-7B-Instruct,NVIDIA GeForce RTX 5060 Ti,42,MultiFieldQA-en,4,16,503,structural,49.6891,52.2997,51.0792,51.2759,0,0,0,0,96,352,352,352,49736056832,49736056832,49736056832,6.07,0.021,0.9,0.1,0.35,0.65,0.35,0.65
Qwen/Qwen2.5-7B-Instruct,NVIDIA GeForce RTX 5060 Ti,42,MultiFieldQA-en,4,16,504,structural,51.6072,0.0,0.0,0.0,0,1,1,1,201,457,457,457,83833659392,83833659392,83833659392,6.07,0.021,0.9,0.1,0.35,0.65,0.35,0.65
Qwen/Qwen2.5-7B-Instruct,NVIDIA GeForce RTX 5060 Ti,42,MultiFieldQA-en,4,16,505,multi-hop,49.6525,51.8062,50.8533,51.7598,0,0,0,0,106,362,362,362,52602109952,52602109952,52602109952,6.07,0.021,0.9,0.1,0.35,0.65,0.35,0.65
Qwen/Qwen2.5-7B-Instruct,NVIDIA GeForce RTX 5060 Ti,42,MultiFieldQA-en,4,16,506,multi-hop,49.5655,0.0,0.0,51.5302,0,1,1,0,111,367,367,367,54065242112,54065242112,54065242112,6.07,0.021,0.9,0.1,0.35,0.65,0.35,0.65
Qwen/Qwen2.5-7B-Instruct,NVIDIA GeForce RTX 5060 Ti,42,MultiFieldQA-en,4,16,507,multi-hop,66.306,68.2606,68.4977,71.6669,0,0,0,0,11,267,267,267,28615974912,28615974912,28615974912,6.07,0.021,0.9,0.1,0.35,0.65,0.35,0.65
Qwen/Qwen2.5-7B-Instruct,NVIDIA GeForce RTX 5060 Ti,42,MultiFieldQA-en,4,16,508,structural,67.4239,0.0,0.0,0.0,0,1,1,1,34,290,290,290,33758412800,33758412800,33758412800,6.07,0.021,0.9,0.1,0.35,0.65,0.35,0.65
Qwen/Qwen2.5-7B-Instruct,NVIDIA GeForce RTX 5060 Ti,42,MultiFieldQA-en,4,16,509,structural,48.3381,50.5021,60.7186,0.0,0,0,0,1,46,302,302,302,36610015232,36610015232,36610015232,6.07,0.021,0.9,0.1,0.35,0.65,0.35,0.65
Qwen/Qwen2.5-7B-Instruct,NVIDIA GeForce RTX 5060 Ti,42,MultiFieldQA-en,4,16,510,semantic,50.0779,0.0,0.0,0.0,0,1,1,1,110,366,366,366,53771010048,53771010048,53771010048,6.07,0.021,0.9,0.1,0.35,0.65,0.35,0.65
Qwen/Qwen2.5-7B-Instruct,NVIDIA GeForce RTX 5060 Ti,42,MultiFieldQA-en,4,16,511,structural,51.7396,0.0,61.5756,55.9161,0,1,0,0,90,346,346,346,48054960128,48054960128,48054960128,6.07,0.021,0.9,0.1,0.35,0.65,0.35,0.65
Qwen/Qwen2.5-7B-Instruct,NVIDIA GeForce RTX 5060 Ti,42,MultiFieldQA-en,4,16,512,multi-hop,54.3081,54.7688,0.0,0.0,0,0,1,1,17,273,273,273,29916536832,29916536832,29916536832,6.07,0.021,0.9,0.1,0.35,0.65,0.35,0.65
Qwen/Qwen2.5-7B-Instruct,NVIDIA GeForce RTX 5060 Ti,42,MultiFieldQA-en,4,16,513,multi-hop,53.8124,0.0,54.656,0.0,0,1,0,1,122,378,378,378,57354780672,57354780672,57354780672,6.07,0.021,0.9,0.1,0.35,0.65,0.35,0.65
Qwen/Qwen2.5-7B-Instruct,NVIDIA GeForce RTX 5060 Ti,42,MultiFieldQA-en,4,16,514,multi-hop,46.9463,45.2093,0.0,0.0,0,0,1,1,91,347,347,347,48333135872,48333135872,48333135872,6.07,0.021,0.9,0.1,0.35,0.65,0.35,0.65
Qwen/Qwen2.5-7B-Instruct,NVIDIA GeForce RTX 5060 Ti,42,MultiFieldQA-en,4,16,515,structural,67.2937,68.0923,0.0,0.0,0,0,1,1,121,377,377,377,57051717632,57051717632,57051717632,6.07,0.021,0.9,0.1,0.35,0.65,0.35,0.65
Qwen/Qwen2.5-7B-Instruct,NVIDIA GeForce RTX 5060 Ti,42,MultiFieldQA-en,4,16,516,multi-hop,49.1152,0.0,50.2827,49.2973,0,1,0,0,55,311,311,311,38824583168,38824583168,38824583168,6.07,0.021,0.9,0.1,0.35,0.65,0.35,0.65
Qwen/Qwen2.5-7B-Instruct,NVIDIA GeForce RTX 5060 Ti,42,MultiFieldQA-en,4,16,517,multi-hop,47.5587,0.0,49.7491,47.7885,0,1,0,0,125,381,381,381,58268786688,58268786688,58268786688,6.07,0.021,0.9,0.1,0.35,0.65,0.35,0.65
Qwen/Qwen2.5-7B-Instruct,NVIDIA GeForce RTX 5060 Ti,42,MultiFieldQA-en,4,16,518,multi-hop,85.8838,0.0,87.3903,87.1795,0,1,0,0,58,314,314,314,39577223168,39577223168,39577223168,6.07,0.021,0.9,0.1,0.35,0.65,0.35,0.65
Qwen/Qwen2.5-7B-Instruct,NVIDIA GeForce RTX 5060 Ti,42,MultiFieldQA-en,4,16,519,structural,48.8073,49.5682,50.2268,0.0,0,0,0,1,101,343,329,357,47225249792,43448803328,51159048192,6.07,0.021,0.9,0.1,0.35,0.65,0.35,0.65
Qwen/Qwen2.5-7B-Instruct,NVIDIA GeForce RTX 5060 Ti,42,MultiFieldQA-en,4,16,520,semantic,50.5661,0.0,49.1104,55.7233,0,1,0,0,100,356,356,356,50872844288,50872844288,50872844288,6.07,0.021,0.9,0.1,0.35,0.65,0.35,0.65
Qwen/Qwen2.5-7B-Instruct,NVIDIA GeForce RTX 5060 Ti,42,MultiFieldQA-en,4,16,521,structural,43.8276,44.4832,46.8407,0.0,0,0,0,1,119,375,375,375,56448000000,56448000000,56448000000,6.07,0.021,0.9,0.1,0.35,0.65,0.35,0.65
Qwen/Qwen2.5-7B-Instruct,NVIDIA GeForce RTX 5060 Ti,42,MultiFieldQA-en,4,16,522,multi-hop,71.0792,0.0,0.0,0.0,0,1,1,1,34,290,290,290,33758412800,33758412800,33758412800,6.07,0.021,0.9,0.1,0.35,0.65,0.35,0.65
Qwen/Qwen2.5-7B-Instruct,NVIDIA GeForce RTX 5060 Ti,42,MultiFieldQA-en,4,16,523,semantic,73.234,0.0,73.7202,0.0,0,1,0,1,150,406,406,406,66166489088,66166489088,66166489088,6.07,0.021,0.9,0.1,0.35,0.65,0.35,0.65
Qwen/Qwen2.5-7B-Instruct,NVIDIA GeForce RTX 5060 Ti,42,MultiFieldQA-en,4,16,524,multi-hop,46.155,47.5935,0.0,0.0,0,0,1,1,60,316,316,316,40082997248,40082997248,40082997248,6.07,0.021,0.9,0.1,0.35,0.65,0.35,0.65
Qwen/Qwen2.5-7B-Instruct,NVIDIA GeForce RTX 5060 Ti,42,MultiFieldQA-en,4,16,525,semantic,52.0219,0.0,0.0,0.0,0,1,1,1,108,364,364,364,53184954368,53184954368,53184954368,6.07,0.021,0.9,0.1,0.35,0.65,0.35,0.65
Qwen/Qwen2.5-7B-Instruct,NVIDIA GeForce RTX 5060 Ti,42,MultiFieldQA-en,4,16,526,multi-hop,0.0,0.0,49.1704,46.4067,1,1,0,0,247,503,503,503,101559836672,101559836672,101559836672,6.07,0.021,0.9,0.1,0.35,0.65,0.35,0.65
Qwen/Qwen2.5-7B-Instruct,NVIDIA GeForce RTX 5060 Ti,42,MultiFieldQA-en,4,16,527,semantic,68.1399,0.0,0.0,0.0,0,1,1,1,155,411,411,411,67806240768,67806240768,67806240768,6.07,0.021,0.9,0.1,0.35,0.65,0.35,0.65
Qwen/Qwen2.5-7B-Instruct,NVIDIA GeForce RTX 5060 Ti,42,MultiFieldQA-en,4,16,528,semantic,48.8642,0.0,50.0885,50.7646,0,1,0,0,88,344,344,344,47501017088,47501017088,47501017088,6.07,0.021,0.9,0.1,0.35,0.65,0.35,0.65
Qwen/Qwen2.5-7B-Instruct,NVIDIA GeForce RTX 5060 Ti,42,MultiFieldQA-en,4,16,529,structural,49.9927,53.0299,51.0063,0.0,0,0,0,1,73,317,329,311,40337088512,43448803328,38824583168,6.07,0.021,0.9,0.1,0.35,0.65,0.35,0.65
Qwen/Qwen2.5-7B-Instruct,NVIDIA GeForce RTX 5060 Ti,42,MultiFieldQA-en,4,16,530,semantic,50.5199,0.0,0.0,0.0,0,1,1,1,80,336,336,336,45317357568,45317357568,45317357568,6.07,0.021,0.9,0.1,0.35,0.65,0.35,0.65
Qwen/Qwen2.5-7B-Instruct,NVIDIA GeForce RTX 5060 Ti,42,MultiFieldQA-en,4,16,531,structural,51.4135,52.3559,51.2477,0.0,0,0,0,1,68,324,324,324,42138206208,42138206208,42138206208,6.07,0.021,0.9,0.1,0.35,0.65,0.35,0.65
Qwen/Qwen2.5-7B-Instruct,NVIDIA GeForce RTX 5060 Ti,42,MultiFieldQA-en,4,16,532,multi-hop,50.7029,0.0,54.9455,53.8114,0,1,0,0,135,391,391,391,61367656448,61367656448,61367656448,6.07,0.021,0.9,0.1,0.35,0.65,0.35,0.65
Qwen/Qwen2.5-7B-Instruct,NVIDIA GeForce RTX 5060 Ti,42,MultiFieldQA-en,4,16,533,semantic,48.9345,0.0,0.0,0.0,0,1,1,1,10,89,48,64,3179552768,924844032,1644167168,6.07,0.021,0.9,0.1,0.35,0.65,0.35,0.65
Qwen/Qwen2.5-7B-Instruct,NVIDIA GeForce RTX 5060 Ti,42,MultiFieldQA-en,4,16,534,multi-hop,52.2103,54.3194,59.0277,0.0,0,0,0,1,100,356,356,356,50872844288,50872844288,50872844288,6.07,0.021,0.9,0.1,0.35,0.65,0.35,0.65
Qwen/Qwen2.5-7B-Instruct,NVIDIA GeForce RTX 5060 Ti,42,MultiFieldQA-en,4,16,535,multi-hop,56.3335,0.0,55.5762,54.7392,0,1,0,0,201,457,457,457,83833659392,83833659392,83833659392,6.07,0.021,0.9,0.1,0.35,0.65,0.35,0.65
Qwen/Qwen2.5-7B-Instruct,NVIDIA GeForce RTX 5060 Ti,42,MultiFieldQA-en,4,16,536,multi-hop,53.1787,55.2258,53.6465,0.0,0,0,0,1,144,400,400,400,64225280000,64225280000,64225280000,6.07,0.021,0.9,0.1,0.35,0.65,0.35,0.65
Qwen/Qwen2.5-7B-Instruct,NVIDIA GeForce RTX 5060 Ti,42,MultiFieldQA-en,4,16,537,structural,51.9835,54.0093,0.0,0.0,0,0,1,1,103,359,359,359,51733864448,51733864448,51733864448,6.07,0.021,0.9,0.1,0.35,0.65,0.35,0.65
Qwen/Qwen2.5-7B-Instruct,NVIDIA GeForce RTX 5060 Ti,42,MultiFieldQA-en,4,16,538,multi-hop,44.8022,0.0,0.0,0.0,0,1,1,1,5,64,64,185,1644167168,1644167168,13738188800,6.07,0.021,0.9,0.1,0.35,0.65,0.35,0.65
Qwen/Qwen2.5-7B-Instruct,NVIDIA GeForce RTX 5060 Ti,42,MultiFieldQA-en,4,16,539,multi-hop,53.4896,0.0,0.0,48.554,0,1,1,0,78,334,334,334,44779470848,44779470848,44779470848,6.07,0.021,0.9,0.1,0.35,0.65,0.35,0.65
Qwen/Qwen2.5-7B-Instruct,NVIDIA GeForce RTX 5060 Ti,42,MultiFieldQA-en,4,16,540,multi-hop,45.0068,44.6801,43.5263,43.9364,0,0,0,0,51,307,307,307,37832302592,37832302592,37832302592,6.07,0.021,0.9,0.1,0.35,0.65,0.35,0.65
Qwen/Qwen2.5-7B-Instruct,NVIDIA GeForce RTX 5060 Ti,42,MultiFieldQA-en,4,16,541,multi-hop,43.3636,43.4962,43.8274,43.2284,0,0,0,0,43,299,299,299,35886276608,35886276608,35886276608,6.07,0.021,0.9,0.1,0.35,0.65,0.35,0.65
Qwen/Qwen2.5-7B-Instruct,NVIDIA GeForce RTX 5060 Ti,42,MultiFieldQA-en,4,16,542,structural,47.6235,50.0988,55.339,47.8129,0,0,0,0,99,355,355,355,50587443200,50587443200,50587443200,6.07,0.021,0.9,0.1,0.35,0.65,0.35,0.65
Qwen/Qwen2.5-7B-Instruct,NVIDIA GeForce RTX 5060 Ti,42,MultiFieldQA-en,4,16,543,semantic,47.6646,0.0,50.6237,0.0,0,1,0,1,128,384,384,384,59190018048,59190018048,59190018048,6.07,0.021,0.9,0.1,0.35,0.65,0.35,0.65
Qwen/Qwen2.5-7B-Instruct,NVIDIA GeForce RTX 5060 Ti,42,MultiFieldQA-en,4,16,544,structural,37.7552,43.5863,38.043,38.6799,0,0,0,0,114,370,370,370,54952755200,54952755200,54952755200,6.07,0.021,0.9,0.1,0.35,0.65,0.35,0.65
Qwen/Qwen2.5-7B-Instruct,NVIDIA GeForce RTX 5060 Ti,42,MultiFieldQA-en,4,16,545,multi-hop,42.1001,0.0,42.7649,48.4217,0,1,0,0,103,359,359,359,51733864448,51733864448,51733864448,6.07,0.021,0.9,0.1,0.35,0.65,0.35,0.65
Qwen/Qwen2.5-7B-Instruct,NVIDIA GeForce RTX 5060 Ti,42,MultiFieldQA-en,4,16,546,structural,52.4754,48.2243,47.8986,0.0,0,0,0,1,43,299,290,299,35886276608,33758412800,35886276608,6.07,0.021,0.9,0.1,0.35,0.65,0.35,0.65
Qwen/Qwen2.5-7B-Instruct,NVIDIA GeForce RTX 5060 Ti,42,MultiFieldQA-en,4,16,547,multi-hop,66.0526,0.0,0.0,0.0,0,1,1,1,135,391,391,391,61367656448,61367656448,61367656448,6.07,0.021,0.9,0.1,0.35,0.65,0.35,0.65
Qwen/Qwen2.5-7B-Instruct,NVIDIA GeForce RTX 5060 Ti,42,MultiFieldQA-en,4,16,548,multi-hop,48.0393,0.0,0.0,0.0,0,1,1,1,115,371,371,371,55250198528,55250198528,55250198528,6.07,0.021,0.9,0.1,0.35,0.65,0.35,0.65
Qwen/Qwen2.5-7B-Instruct,NVIDIA GeForce RTX 5060 Ti,42,MultiFieldQA-en,4,16,549,multi-hop,50.046,51.1796,55.8786,0.0,0,0,0,1,102,358,358,358,51446054912,51446054912,51446054912,6.07,0.021,0.9,0.1,0.35,0.65,0.35,0.65
Qwen/Qwen2.5-7B-Instruct,NVIDIA GeForce RTX 5060 Ti,42,MultiFieldQA-en,4,16,550,multi-hop,49.953,0.0,0.0,0.0,0,1,1,1,130,386,386,386,59808186368,59808186368,59808186368,6.07,0.021,0.9,0.1,0.35,0.65,0.35,0.65
Qwen/Qwen2.5-7B-Instruct,NVIDIA GeForce RTX 5060 Ti,42,MultiFieldQA-en,4,16,551,semantic,0.0,0.0,0.0,0.0,1,1,1,1,114,370,370,370,54952755200,54952755200,54952755200,6.07,0.021,0.9,0.1,0.35,0.65,0.35,0.65
Qwen/Qwen2.5-7B-Instruct,NVIDIA GeForce RTX 5060 Ti,42,MultiFieldQA-en,4,16,552,structural,57.6104,0.0,0.0,0.0,0,1,1,1,108,364,364,364,53184954368,53184954368,53184954368,6.07,0.021,0.9,0.1,0.35,0.65,0.35,0.65
Qwen/Qwen2.5-7B-Instruct,NVIDIA GeForce RTX 5060 Ti,42,MultiFieldQA-en,4,16,553,semantic,45.9665,0.0,44.4397,47.6186,0,1,0,0,15,232,271,271,21605384192,29479804928,29479804928,6.07,0.021,0.9,0.1,0.35,0.65,0.35,0.65
Qwen/Qwen2.5-7B-Instruct,NVIDIA GeForce RTX 5060 Ti,42,MultiFieldQA-en,4,16,554,multi-hop,49.3194,0.0,0.0,51.054,0,1,1,0,73,317,329,311,40337088512,43448803328,38824583168,6.07,0.021,0.9,0.1,0.35,0.65,0.35,0.65
Qwen/Qwen2.5-7B-Instruct,NVIDIA GeForce RTX 5060 Ti,42,MultiFieldQA-en,4,16,555,semantic,50.0467,0.0,55.099,0.0,0,1,0,1,137,393,393,393,61997064192,61997064192,61997064192,6.07,0.021,0.9,0.1,0.35,0.65,0.35,0.65
Qwen/Qwen2.5-7B-Instruct,NVIDIA GeForce RTX 5060 Ti,42,MultiFieldQA-en,4,16,556,multi-hop,48.0322,0.0,0.0,48.938,0,1,1,0,105,361,361,361,52311891968,52311891968,52311891968,6.07,0.021,0.9,0.1,0.35,0.65,0.35,0.65
Qwen/Qwen2.5-7B-Instruct,NVIDIA GeForce RTX 5060 Ti,42,MultiFieldQA-en,4,16,557,multi-hop,65.4872,68.2986,63.5083,64.7333,0,0,0,0,5,64,64,185,1644167168,1644167168,13738188800,6.07,0.021,0.9,0.1,0.35,0.65,0.35,0.65
Qwen/Qwen2.5-7B-Instruct,NVIDIA GeForce RTX 5060 Ti,42,MultiFieldQA-en,4,16,558,structural,41.2467,41.4303,0.0,0.0,0,0,1,1,111,367,367,367,54065242112,54065242112,54065242112,6.07,0.021,0.9,0.1,0.35,0.65,0.35,0.65
Qwen/Qwen2.5-7B-Instruct,NVIDIA GeForce RTX 5060 Ti,42,MultiFieldQA-en,4,16,559,structural,52.6949,51.2763,51.3868,0.0,0,0,0,1,68,324,314,324,42138206208,39577223168,42138206208,6.07,0.021,0.9,0.1,0.35,0.65,0.35,0.65
Qwen/Qwen2.5-7B-Instruct,NVIDIA GeForce RTX 5060 Ti,42,MultiFieldQA-en,4,16,560,multi-hop,47.0897,0.0,49.4633,51.2802,0,1,0,0,32,288,288,288,33294385152,33294385152,33294385152,6.07,0.021,0.9,0.1,0.35,0.65,0.35,0.65
Qwen/Qwen2.5-7B-Instruct,NVIDIA GeForce RTX 5060 Ti,42,MultiFieldQA-en,4,16,561,structural,47.3056,48.2604,46.1847,0.0,0,0,0,1,95,351,351,351,49453867008,49453867008,49453867008,6.07,0.021,0.9,0.1,0.35,0.65,0.35,0.65
Qwen/Qwen2.5-7B-Instruct,NVIDIA GeForce RTX 5060 Ti,42,MultiFieldQA-en,4,16,562,semantic,58.3027,0.0,0.0,57.1308,0,1,1,0,94,350,350,350,49172480000,49172480000,49172480000,6.07,0.021,0.9,0.1,0.35,0.65,0.35,0.65
Qwen/Qwen2.5-7B-Instruct,NVIDIA GeForce RTX 5060 Ti,42,MultiFieldQA-en,4,16,563,multi-hop,54.7412,59.7506,53.2884,54.613,0,0,0,0,127,383,383,383,58882138112,58882138112,58882138112,6.07,0.021,0.9,0.1,0.35,0.65,0.35,0.65
Qwen/Qwen2.5-7B-Instruct,NVIDIA GeForce RTX 5060 Ti,42,MultiFieldQA-en,4,16,564,semantic,46.6082,0.0,51.8597,42.427,0,1,0,0,81,337,337,337,45587505152,45587505152,45587505152,6.07,0.021,0.9,0.1,0.35,0.65,0.35,0.65
Qwen/Qwen2.5-7B-Instruct,NVIDIA GeForce RTX 5060 Ti,42,MultiFieldQA-en,4,16,565,semantic,55.7334,0.0,49.8135,0.0,0,1,0,1,142,398,398,398,63584632832,63584632832,63584632832,6.07,0.021,0.9,0.1,0.35,0.65,0.35,0.65
Qwen/Qwen2.5-7B-Instruct,NVIDIA GeForce RTX 5060 Ti,42,MultiFieldQA-en,4,16,566,structural,0.0,0.0,0.0,0.0,1,1,1,1,41,297,297,297,35407798272,35407798272,35407798272,6.07,0.021,0.9,0.1,0.35,0.65,0.35,0.65
Qwen/Qwen2.5-7B-Instruct,NVIDIA GeForce RTX 5060 Ti,42,MultiFieldQA-en,4,16,567,semantic,47.7538,0.0,47.5567,51.3841,0,1,0,0,78,334,334,334,44779470848,44779470848,44779470848,6.07,0.021,0.9,0.1,0.35,0.65,0.35,0.65
Qwen/Qwen2.5-7B-Instruct,NVIDIA GeForce RTX 5060 Ti,42,MultiFieldQA-en,4,16,568,multi-hop,50.8904,54.1989,0.0,0.0,0,0,1,1,83,339,339,339,46130208768,46130208768,46130208768,6.07,0.021,0.9,0.1,0.35,0.65,0.35,0.65
Qwen/Qwen2.5-7B-Instruct,NVIDIA GeForce RTX 5060 Ti,42,MultiFieldQA-en,4,16,569,multi-hop,100.0,0.0,0.0,46.1867,0,1,1,0,106,362,274,341,52602109952,30136107008,46676123648,6.07,0.021,0.9,0.1,0.35,0.65,0.35,0.65
Qwen/Qwen2.5-7B-Instruct,NVIDIA GeForce RTX 5060 Ti,42,MultiFieldQA-en,4,16,570,multi-hop,54.5185,60.9428,53.9057,0.0,0,0,0,1,6,64,226,262,1644167168,20502315008,27554250752,6.07,0.021,0.9,0.1,0.35,0.65,0.35,0.65
Qwen/Qwen2.5-7B-Instruct,NVIDIA GeForce RTX 5060 Ti,42,MultiFieldQA-en,4,16,571,multi-hop,44.637,61.3031,86.1939,0.0,0,0,0,1,102,358,358,231,51446054912,51446054912,21419532288,6.07,0.021,0.9,0.1,0.35,0.65,0.35,0.65
Qwen/Qwen2.5-7B-Instruct,NVIDIA GeForce RTX 5060 Ti,42,MultiFieldQA-en,4,16,572,multi-hop,48.937,0.0,0.0,50.342,0,1,1,0,127,383,383,383,58882138112,58882138112,58882138112,6.07,0.021,0.9,0.1,0.35,0.65,0.35,0.65
Qwen/Qwen2.5-7B-Instruct,NVIDIA GeForce RTX 5060 Ti,42,MultiFieldQA-en,4,16,573,multi-hop,63.0114,0.0,0.0,76.4172,0,1,1,0,96,351,352,352,49453867008,49736056832,49736056832,6.07,0.021,0.9,0.1,0.35,0.65,0.35,0.65
Qwen/Qwen2.5-7B-Instruct,NVIDIA GeForce RTX 5060 Ti,42,MultiFieldQA-en,4,16,574,semantic,84.5558,0.0,0.0,0.0,0,1,1,1,72,328,328,328,43185078272,43185078272,43185078272,6.07,0.021,0.9,0.1,0.35,0.65,0.35,0.65
Qwen/Qwen2.5-7B-Instruct,NVIDIA GeForce RTX 5060 Ti,42,MultiFieldQA-en,4,16,575,multi-hop,70.1232,147.4347,72.6411,0.0,0,0,0,1,20,276,276,276,30577655808,30577655808,30577655808,6.07,0.021,0.9,0.1,0.35,0.65,0.35,0.65
Qwen/Qwen2.5-7B-Instruct,NVIDIA GeForce RTX 5060 Ti,42,MultiFieldQA-en,4,16,576,structural,52.7456,54.1999,56.9676,52.0505,0,0,0,0,21,277,277,277,30799634432,30799634432,30799634432,6.07,0.021,0.9,0.1,0.35,0.65,0.35,0.65
Qwen/Qwen2.5-7B-Instruct,NVIDIA GeForce RTX 5060 Ti,42,MultiFieldQA-en,4,16,577,multi-hop,69.615,0.0,77.2038,70.279,0,1,0,0,48,304,304,304,37096521728,37096521728,37096521728,6.07,0.021,0.9,0.1,0.35,0.65,0.35,0.65
Qwen/Qwen2.5-7B-Instruct,NVIDIA GeForce RTX 5060 Ti,42,MultiFieldQA-en,4,16,578,structural,45.988,0.0,0.0,0.0,0,1,1,1,124,338,380,380,45858455552,57963315200,57963315200,6.07,0.021,0.9,0.1,0.35,0.65,0.35,0.65
Qwen/Qwen2.5-7B-Instruct,NVIDIA GeForce RTX 5060 Ti,42,MultiFieldQA-en,4,16,579,multi-hop,50.7808,54.0154,51.9739,0.0,0,0,0,1,93,349,349,326,48891895808,48891895808,42660036608,6.07,0.021,0.9,0.1,0.35,0.65,0.35,0.65
Qwen/Qwen2.5-7B-Instruct,NVIDIA GeForce RTX 5060 Ti,42,MultiFieldQA-en,4,16,580,multi-hop,45.1159,0.0,45.7343,45.8634,0,1,0,0,99,355,355,355,50587443200,50587443200,50587443200,6.07,0.021,0.9,0.1,0.35,0.65,0.35,0.65
Qwen/Qwen2.5-7B-Instruct,NVIDIA GeForce RTX 5060 Ti,42,MultiFieldQA-en,4,16,581,semantic,51.0691,0.0,0.0,0.0,0,1,1,1,101,357,357,357,51159048192,51159048192,51159048192,6.07,0.021,0.9,0.1,0.35,0.65,0.35,0.65
Qwen/Qwen2.5-7B-Instruct,NVIDIA GeForce RTX 5060 Ti,42,MultiFieldQA-en,4,16,582,semantic,51.5787,0.0,0.0,0.0,0,1,1,1,92,348,348,348,48612114432,48612114432,48612114432,6.07,0.021,0.9,0.1,0.35,0.65,0.35,0.65
Qwen/Qwen2.5-7B-Instruct,NVIDIA GeForce RTX 5060 Ti,42,MultiFieldQA-en,4,16,583,multi-hop,48.4688,50.5753,49.5976,0.0,0,0,0,1,86,342,342,342,46950285312,46950285312,46950285312,6.07,0.021,0.9,0.1,0.35,0.65,0.35,0.65
Qwen/Qwen2.5-7B-Instruct,NVIDIA GeForce RTX 5060 Ti,42,MultiFieldQA-en,4,16,584,multi-hop,48.2164,49.9978,48.1882,51.9814,0,0,0,0,85,341,341,341,46676123648,46676123648,46676123648,6.07,0.021,0.9,0.1,0.35,0.65,0.35,0.65
Qwen/Qwen2.5-7B-Instruct,NVIDIA GeForce RTX 5060 Ti,42,MultiFieldQA-en,4,16,585,multi-hop,48.5892,50.4347,48.5662,48.4576,0,0,0,0,101,357,357,357,51159048192,51159048192,51159048192,6.07,0.021,0.9,0.1,0.35,0.65,0.35,0.65
Qwen/Qwen2.5-7B-Instruct,NVIDIA GeForce RTX 5060 Ti,42,MultiFieldQA-en,4,16,586,semantic,68.9532,66.8217,0.0,0.0,0,0,1,1,114,370,370,370,54952755200,54952755200,54952755200,6.07,0.021,0.9,0.1,0.35,0.65,0.35,0.65
Qwen/Qwen2.5-7B-Instruct,NVIDIA GeForce RTX 5060 Ti,42,MultiFieldQA-en,4,16,587,semantic,65.6906,0.0,65.8482,0.0,0,1,0,1,125,381,381,381,58268786688,58268786688,58268786688,6.07,0.021,0.9,0.1,0.35,0.65,0.35,0.65
Qwen/Qwen2.5-7B-Instruct,NVIDIA GeForce RTX 5060 Ti,42,MultiFieldQA-en,4,16,588,multi-hop,49.2646,46.7925,48.0735,48.38,0,0,0,0,1,8,8,8,25690112,25690112,25690112,6.07,0.021,0.9,0.1,0.35,0.65,0.35,0.65
Qwen/Qwen2.5-7B-Instruct,NVIDIA GeForce RTX 5060 Ti,42,MultiFieldQA-en,4,16,589,semantic,48.0182,0.0,0.0,0.0,0,1,1,1,73,329,329,329,43448803328,43448803328,43448803328,6.07,0.021,0.9,0.1,0.35,0.65,0.35,0.65
Qwen/Qwen2.5-7B-Instruct,NVIDIA GeForce RTX 5060 Ti,42,MultiFieldQA-en,4,16,590,structural,64.8705,67.5519,65.9704,0.0,0,0,0,1,42,292,298,298,34225651712,35646636032,35646636032,6.07,0.021,0.9,0.1,0.35,0.65,0.35,0.65
Qwen/Qwen2.5-7B-Instruct,NVIDIA GeForce RTX 5060 Ti,42,MultiFieldQA-en,4,16,591,semantic,47.4705,0.0,0.0,51.958,0,1,1,0,122,378,378,378,57354780672,57354780672,57354780672,6.07,0.021,0.9,0.1,0.35,0.65,0.35,0.65
Qwen/Qwen2.5-7B-Instruct,NVIDIA GeForce RTX 5060 Ti,42,MultiFieldQA-en,4,16,592,structural,48.8081,51.0008,0.0,0.0,0,0,1,1,51,307,307,307,37832302592,37832302592,37832302592,6.07,0.021,0.9,0.1,0.35,0.65,0.35,0.65
Qwen/Qwen2.5-7B-Instruct,NVIDIA GeForce RTX 5060 Ti,42,MultiFieldQA-en,4,16,593,semantic,49.7838,0.0,54.2471,0.0,0,1,0,1,141,397,397,397,63265513472,63265513472,63265513472,6.07,0.021,0.9,0.1,0.35,0.65,0.35,0.65
Qwen/Qwen2.5-7B-Instruct,NVIDIA GeForce RTX 5060 Ti,42,MultiFieldQA-en,4,16,594,structural,54.8647,51.7069,52.6288,0.0,0,0,0,1,5,64,73,261,1644167168,2139103232,27344314368,6.07,0.021,0.9,0.1,0.35,0.65,0.35,0.65
Qwen/Qwen2.5-7B-Instruct,NVIDIA GeForce RTX 5060 Ti,42,MultiFieldQA-en,4,16,595,multi-hop,53.2861,55.6223,0.0,0.0,0,0,1,1,81,337,337,337,45587505152,45587505152,45587505152,6.07,0.021,0.9,0.1,0.35,0.65,0.35,0.65
Qwen/Qwen2.5-7B-Instruct,NVIDIA GeForce RTX 5060 Ti,42,MultiFieldQA-en,4,16,596,multi-hop,48.6631,49.357,0.0,0.0,0,0,1,1,92,320,348,348,41104179200,48612114432,48612114432,6.07,0.021,0.9,0.1,0.35,0.65,0.35,0.65
Qwen/Qwen2.5-7B-Instruct,NVIDIA GeForce RTX 5060 Ti,42,MultiFieldQA-en,4,16,597,semantic,47.1238,0.0,48.6461,47.5528,0,1,0,0,85,341,341,341,46676123648,46676123648,46676123648,6.07,0.021,0.9,0.1,0.35,0.65,0.35,0.65
Qwen/Qwen2.5-7B-Instruct,NVIDIA GeForce RTX 5060 Ti,42,MultiFieldQA-en,4,16,598,multi-hop,47.5685,49.1852,53.2376,0.0,0,0,0,1,21,277,277,277,30799634432,30799634432,30799634432,6.07,0.021,0.9,0.1,0.35,0.65,0.35,0.65
Qwen/Qwen2.5-7B-Instruct,NVIDIA GeForce RTX 5060 Ti,42,MultiFieldQA-en,4,16,599,multi-hop,42.5461,0.0,43.4325,43.4087,0,1,0,0,83,339,339,339,46130208768,46130208768,46130208768,6.07,0.021,0.9,0.1,0.35,0.65,0.35,0.65
Qwen/Qwen2.5-7B-Instruct,NVIDIA GeForce RTX 5060 Ti,42,MultiFieldQA-en,5,16,0,structural,47.1182,43.1581,44.8897,0.0,0,0,0,1,107,363,363,363,52893130752,52893130752,52893130752,6.07,0.021,0.9,0.1,0.35,0.65,0.35,0.65
Qwen/Qwen2.5-7B-Instruct,NVIDIA GeForce RTX 5060 Ti,42,MultiFieldQA-en,5,16,1,multi-hop,43.2551,42.5781,41.843,0.0,0,0,0,1,114,370,370,370,54952755200,54952755200,54952755200,6.07,0.021,0.9,0.1,0.35,0.65,0.35,0.65
Qwen/Qwen2.5-7B-Instruct,NVIDIA GeForce RTX 5060 Ti,42,MultiFieldQA-en,5,16,2,multi-hop,49.6343,0.0,50.1345,54.4722,0,1,0,0,91,347,347,347,48333135872,48333135872,48333135872,6.07,0.021,0.9,0.1,0.35,0.65,0.35,0.65
Qwen/Qwen2.5-7B-Instruct,NVIDIA GeForce RTX 5060 Ti,42,MultiFieldQA-en,5,16,3,semantic,42.8794,0.0,45.3545,0.0,0,1,0,1,85,341,341,341,46676123648,46676123648,46676123648,6.07,0.021,0.9,0.1,0.35,0.65,0.35,0.65
Qwen/Qwen2.5-7B-Instruct,NVIDIA GeForce RTX 5060 Ti,42,MultiFieldQA-en,5,16,4,structural,52.8383,53.711,52.9195,0.0,0,0,0,1,65,321,321,321,41361481728,41361481728,41361481728,6.07,0.021,0.9,0.1,0.35,0.65,0.35,0.65
Qwen/Qwen2.5-7B-Instruct,NVIDIA GeForce RTX 5060 Ti,42,MultiFieldQA-en,5,16,5,multi-hop,52.4413,0.0,52.3855,53.8723,0,1,0,0,119,375,375,375,56448000000,56448000000,56448000000,6.07,0.021,0.9,0.1,0.35,0.65,0.35,0.65
Qwen/Qwen2.5-7B-Instruct,NVIDIA GeForce RTX 5060 Ti,42,MultiFieldQA-en,5,16,6,structural,52.6263,54.9872,58.8021,0.0,0,0,0,1,156,412,412,412,68136599552,68136599552,68136599552,6.07,0.021,0.9,0.1,0.35,0.65,0.35,0.65
Qwen/Qwen2.5-7B-Instruct,NVIDIA GeForce RTX 5060 Ti,42,MultiFieldQA-en,5,16,7,multi-hop,52.5678,55.2861,52.4083,0.0,0,0,0,1,144,400,400,400,64225280000,64225280000,64225280000,6.07,0.021,0.9,0.1,0.35,0.65,0.35,0.65
Qwen/Qwen2.5-7B-Instruct,NVIDIA GeForce RTX 5060 Ti,42,MultiFieldQA-en,5,16,8,multi-hop,50.745,0.0,48.9514,47.2393,0,1,0,0,108,364,364,364,53184954368,53184954368,53184954368,6.07,0.021,0.9,0.1,0.35,0.65,0.35,0.65
Qwen/Qwen2.5-7B-Instruct,NVIDIA GeForce RTX 5060 Ti,42,MultiFieldQA-en,5,16,9,structural,46.6527,49.0672,49.1445,49.6353,0,0,0,0,102,358,358,358,51446054912,51446054912,51446054912,6.07,0.021,0.9,0.1,0.35,0.65,0.35,0.65
Qwen/Qwen2.5-7B-Instruct,NVIDIA GeForce RTX 5060 Ti,42,MultiFieldQA-en,5,16,10,multi-hop,58.5299,0.0,49.8392,48.91,0,1,0,0,127,383,383,383,58882138112,58882138112,58882138112,6.07,0.021,0.9,0.1,0.35,0.65,0.35,0.65
Qwen/Qwen2.5-7B-Instruct,NVIDIA GeForce RTX 5060 Ti,42,MultiFieldQA-en,5,16,11,semantic,48.4757,0.0,0.0,0.0,0,1,1,1,91,347,347,347,48333135872,48333135872,48333135872,6.07,0.021,0.9,0.1,0.35,0.65,0.35,0.65
Qwen/Qwen2.5-7B-Instruct,NVIDIA GeForce RTX 5060 Ti,42,MultiFieldQA-en,5,16,12,semantic,52.3383,0.0,48.4141,49.9297,0,1,0,0,119,375,375,375,56448000000,56448000000,56448000000,6.07,0.021,0.9,0.1,0.35,0.65,0.35,0.65
Qwen/Qwen2.5-7B-Instruct,NVIDIA GeForce RTX 5060 Ti,42,MultiFieldQA-en,5,16,13,semantic,47.6757,0.0,49.907,48.1563,0,1,0,0,27,283,283,283,32148365312,32148365312,32148365312,6.07,0.021,0.9,0.1,0.35,0.65,0.35,0.65
Qwen/Qwen2.5-7B-Instruct,NVIDIA GeForce RTX 5060 Ti,42,MultiFieldQA-en,5,16,14,multi-hop,48.9882,0.0,53.4913,53.9719,0,1,0,0,101,357,357,357,51159048192,51159048192,51159048192,6.07,0.021,0.9,0.1,0.35,0.65,0.35,0.65
Qwen/Qwen2.5-7B-Instruct,NVIDIA GeForce RTX 5060 Ti,42,MultiFieldQA-en,5,16,15,structural,51.5332,53.1207,0.0,0.0,0,0,1,1,43,299,299,299,35886276608,35886276608,35886276608,6.07,0.021,0.9,0.1,0.35,0.65,0.35,0.65
Qwen/Qwen2.5-7B-Instruct,NVIDIA GeForce RTX 5060 Ti,42,MultiFieldQA-en,5,16,16,structural,51.6933,54.7846,0.0,0.0,0,0,1,1,119,375,375,375,56448000000,56448000000,56448000000,6.07,0.021,0.9,0.1,0.35,0.65,0.35,0.65
Qwen/Qwen2.5-7B-Instruct,NVIDIA GeForce RTX 5060 Ti,42,MultiFieldQA-en,5,16,17,semantic,45.0858,0.0,0.0,0.0,0,1,1,1,121,377,377,377,57051717632,57051717632,57051717632,6.07,0.021,0.9,0.1,0.35,0.65,0.35,0.65
Qwen/Qwen2.5-7B-Instruct,NVIDIA GeForce RTX 5060 Ti,42,MultiFieldQA-en,5,16,18,semantic,46.1817,0.0,45.2512,0.0,0,1,0,1,90,346,346,346,48054960128,48054960128,48054960128,6.07,0.021,0.9,0.1,0.35,0.65,0.35,0.65
Qwen/Qwen2.5-7B-Instruct,NVIDIA GeForce RTX 5060 Ti,42,MultiFieldQA-en,5,16,19,multi-hop,45.2111,45.9701,0.0,0.0,0,0,1,1,125,381,381,381,58268786688,58268786688,58268786688,6.07,0.021,0.9,0.1,0.35,0.65,0.35,0.65
Qwen/Qwen2.5-7B-Instruct,NVIDIA GeForce RTX 5060 Ti,42,MultiFieldQA-en,5,16,20,multi-hop,53.9072,54.7434,54.1908,53.4556,0,0,0,0,150,406,406,406,66166489088,66166489088,66166489088,6.07,0.021,0.9,0.1,0.35,0.65,0.35,0.65
Qwen/Qwen2.5-7B-Instruct,NVIDIA GeForce RTX 5060 Ti,42,MultiFieldQA-en,5,16,21,multi-hop,46.3328,0.0,0.0,0.0,0,1,1,1,73,329,329,329,43448803328,43448803328,43448803328,6.07,0.021,0.9,0.1,0.35,0.65,0.35,0.65
Qwen/Qwen2.5-7B-Instruct,NVIDIA GeForce RTX 5060 Ti,42,MultiFieldQA-en,5,16,22,structural,51.3885,52.4669,52.2556,0.0,0,0,0,1,83,339,339,339,46130208768,46130208768,46130208768,6.07,0.021,0.9,0.1,0.35,0.65,0.35,0.65
Qwen/Qwen2.5-7B-Instruct,NVIDIA GeForce RTX 5060 Ti,42,MultiFieldQA-en,5,16,23,semantic,51.9316,0.0,0.0,0.0,0,1,1,1,65,321,321,321,41361481728,41361481728,41361481728,6.07,0.021,0.9,0.1,0.35,0.65,0.35,0.65
Qwen/Qwen2.5-7B-Instruct,NVIDIA GeForce RTX 5060 Ti,42,MultiFieldQA-en,5,16,24,semantic,45.216,0.0,45.1188,0.0,0,1,0,1,43,299,299,299,35886276608,35886276608,35886276608,6.07,0.021,0.9,0.1,0.35,0.65,0.35,0.65
Qwen/Qwen2.5-7B-Instruct,NVIDIA GeForce RTX 5060 Ti,42,MultiFieldQA-en,5,16,25,multi-hop,51.85,0.0,52.956,51.7501,0,1,0,0,103,359,359,359,51733864448,51733864448,51733864448,6.07,0.021,0.9,0.1,0.35,0.65,0.35,0.65
Qwen/Qwen2.5-7B-Instruct,NVIDIA GeForce RTX 5060 Ti,42,MultiFieldQA-en,5,16,26,multi-hop,88.6135,0.0,91.3214,90.9866,0,1,0,0,4,260,260,260,27135180800,27135180800,27135180800,6.07,0.021,0.9,0.1,0.35,0.65,0.35,0.65
Qwen/Qwen2.5-7B-Instruct,NVIDIA GeForce RTX 5060 Ti,42,MultiFieldQA-en,5,16,27,multi-hop,50.2615,53.4692,52.6424,0.0,0,0,0,1,110,366,366,366,53771010048,53771010048,53771010048,6.07,0.021,0.9,0.1,0.35,0.65,0.35,0.65
Qwen/Qwen2.5-7B-Instruct,NVIDIA GeForce RTX 5060 Ti,42,MultiFieldQA-en,5,16,28,semantic,39.6334,0.0,40.5489,39.6946,0,1,0,0,1,10,10,10,40140800,40140800,40140800,6.07,0.021,0.9,0.1,0.35,0.65,0.35,0.65
Qwen/Qwen2.5-7B-Instruct,NVIDIA GeForce RTX 5060 Ti,42,MultiFieldQA-en,5,16,29,structural,42.0088,0.0,0.0,0.0,0,1,1,1,26,95,95,179,3622707200,3622707200,12861513728,6.07,0.021,0.9,0.1,0.35,0.65,0.35,0.65
Qwen/Qwen2.5-7B-Instruct,NVIDIA GeForce RTX 5060 Ti,42,MultiFieldQA-en,5,16,30,multi-hop,0.0,0.0,51.9096,52.0004,1,1,0,0,119,375,375,375,56448000000,56448000000,56448000000,6.07,0.021,0.9,0.1,0.35,0.65,0.35,0.65
Qwen/Qwen2.5-7B-Instruct,NVIDIA GeForce RTX 5060 Ti,42,MultiFieldQA-en,5,16,31,multi-hop,0.0,40.3742,40.5016,40.8754,1,0,0,0,1,10,10,10,40140800,40140800,40140800,6.07,0.021,0.9,0.1,0.35,0.65,0.35,0.65
Qwen/Qwen2.5-7B-Instruct,NVIDIA GeForce RTX 5060 Ti,42,MultiFieldQA-en,5,16,32,semantic,52.1399,0.0,0.0,0.0,0,1,1,1,73,329,329,329,43448803328,43448803328,43448803328,6.07,0.021,0.9,0.1,0.35,0.65,0.35,0.65
Qwen/Qwen2.5-7B-Instruct,NVIDIA GeForce RTX 5060 Ti,42,MultiFieldQA-en,5,16,33,structural,70.4936,0.0,0.0,0.0,0,1,1,1,111,367,367,367,54065242112,54065242112,54065242112,6.07,0.021,0.9,0.1,0.35,0.65,0.35,0.65
Qwen/Qwen2.5-7B-Instruct,NVIDIA GeForce RTX 5060 Ti,42,MultiFieldQA-en,5,16,34,structural,46.6878,46.4105,46.1326,0.0,0,0,0,1,107,363,363,363,52893130752,52893130752,52893130752,6.07,0.021,0.9,0.1,0.35,0.65,0.35,0.65
Qwen/Qwen2.5-7B-Instruct,NVIDIA GeForce RTX 5060 Ti,42,MultiFieldQA-en,5,16,35,semantic,55.7046,0.0,0.0,54.89,0,1,1,0,88,344,344,344,47501017088,47501017088,47501017088,6.07,0.021,0.9,0.1,0.35,0.65,0.35,0.65
Qwen/Qwen2.5-7B-Instruct,NVIDIA GeForce RTX 5060 Ti,42,MultiFieldQA-en,5,16,36,structural,43.3554,0.0,0.0,0.0,0,1,1,1,104,360,360,360,52022476800,52022476800,52022476800,6.07,0.021,0.9,0.1,0.35,0.65,0.35,0.65
Qwen/Qwen2.5-7B-Instruct,NVIDIA GeForce RTX 5060 Ti,42,MultiFieldQA-en,5,16,37,multi-hop,44.3803,0.0,43.5271,42.3404,0,1,0,0,106,362,362,362,52602109952,52602109952,52602109952,6.07,0.021,0.9,0.1,0.35,0.65,0.35,0.65
Qwen/Qwen2.5-7B-Instruct,NVIDIA GeForce RTX 5060 Ti,42,MultiFieldQA-en,5,16,38,multi-hop,41.5749,0.0,0.0,47.8839,0,1,1,0,134,390,390,390,61054156800,61054156800,61054156800,6.07,0.021,0.9,0.1,0.35,0.65,0.35,0.65
Qwen/Qwen2.5-7B-Instruct,NVIDIA GeForce RTX 5060 Ti,42,MultiFieldQA-en,5,16,39,multi-hop,41.0351,41.4681,40.3685,41.5407,0,0,0,0,177,433,433,433,75259584512,75259584512,75259584512,6.07,0.021,0.9,0.1,0.35,0.65,0.35,0.65
Qwen/Qwen2.5-7B-Instruct,NVIDIA GeForce RTX 5060 Ti,42,MultiFieldQA-en,5,16,40,semantic,42.9354,0.0,0.0,0.0,0,1,1,1,35,232,125,125,21605384192,6272000000,6272000000,6.07,0.021,0.9,0.1,0.35,0.65,0.35,0.65
Qwen/Qwen2.5-7B-Instruct,NVIDIA GeForce RTX 5060 Ti,42,MultiFieldQA-en,5,16,41,multi-hop,48.3373,50.3262,49.9041,49.2967,0,0,0,0,110,366,366,366,53771010048,53771010048,53771010048,6.07,0.021,0.9,0.1,0.35,0.65,0.35,0.65
Qwen/Qwen2.5-7B-Instruct,NVIDIA GeForce RTX 5060 Ti,42,MultiFieldQA-en,5,16,42,semantic,45.7586,0.0,42.1975,42.0719,0,1,0,0,107,363,363,363,52893130752,52893130752,52893130752,6.07,0.021,0.9,0.1,0.35,0.65,0.35,0.65
Qwen/Qwen2.5-7B-Instruct,NVIDIA GeForce RTX 5060 Ti,42,MultiFieldQA-en,5,16,43,semantic,49.4153,0.0,50.4516,50.5426,0,1,0,0,93,349,349,349,48891895808,48891895808,48891895808,6.07,0.021,0.9,0.1,0.35,0.65,0.35,0.65
Qwen/Qwen2.5-7B-Instruct,NVIDIA GeForce RTX 5060 Ti,42,MultiFieldQA-en,5,16,44,multi-hop,38.4595,40.3702,39.5455,39.1962,0,0,0,0,120,376,376,376,56749457408,56749457408,56749457408,6.07,0.021,0.9,0.1,0.35,0.65,0.35,0.65
Qwen/Qwen2.5-7B-Instruct,NVIDIA GeForce RTX 5060 Ti,42,MultiFieldQA-en,5,16,45,structural,47.72,0.0,0.0,0.0,0,1,1,1,115,371,371,371,55250198528,55250198528,55250198528,6.07,0.021,0.9,0.1,0.35,0.65,0.35,0.65
Qwen/Qwen2.5-7B-Instruct,NVIDIA GeForce RTX 5060 Ti,42,MultiFieldQA-en,5,16,46,structural,46.9147,47.8522,50.8362,0.0,0,0,0,1,43,299,299,299,35886276608,35886276608,35886276608,6.07,0.021,0.9,0.1,0.35,0.65,0.35,0.65
Qwen/Qwen2.5-7B-Instruct,NVIDIA GeForce RTX 5060 Ti,42,MultiFieldQA-en,5,16,47,semantic,51.8278,0.0,0.0,0.0,0,1,1,1,111,367,367,367,54065242112,54065242112,54065242112,6.07,0.021,0.9,0.1,0.35,0.65,0.35,0.65
Qwen/Qwen2.5-7B-Instruct,NVIDIA GeForce RTX 5060 Ti,42,MultiFieldQA-en,5,16,48,multi-hop,52.9923,0.0,52.6371,53.9641,0,1,0,0,110,366,366,366,53771010048,53771010048,53771010048,6.07,0.021,0.9,0.1,0.35,0.65,0.35,0.65
Qwen/Qwen2.5-7B-Instruct,NVIDIA GeForce RTX 5060 Ti,42,MultiFieldQA-en,5,16,49,structural,51.4589,47.9584,47.1557,0.0,0,0,0,1,113,369,369,369,54656114688,54656114688,54656114688,6.07,0.021,0.9,0.1,0.35,0.65,0.35,0.65
Qwen/Qwen2.5-7B-Instruct,NVIDIA GeForce RTX 5060 Ti,42,MultiFieldQA-en,5,16,50,multi-hop,43.5716,0.0,0.0,0.0,0,1,1,1,80,336,336,336,45317357568,45317357568,45317357568,6.07,0.021,0.9,0.1,0.35,0.65,0.35,0.65
Qwen/Qwen2.5-7B-Instruct,NVIDIA GeForce RTX 5060 Ti,42,MultiFieldQA-en,5,16,51,structural,40.8434,42.6089,0.0,0.0,0,0,1,1,112,368,368,368,54360276992,54360276992,54360276992,6.07,0.021,0.9,0.1,0.35,0.65,0.35,0.65
Qwen/Qwen2.5-7B-Instruct,NVIDIA GeForce RTX 5060 Ti,42,MultiFieldQA-en,5,16,52,semantic,42.8466,0.0,43.7446,0.0,0,1,0,1,99,355,355,355,50587443200,50587443200,50587443200,6.07,0.021,0.9,0.1,0.35,0.65,0.35,0.65
Qwen/Qwen2.5-7B-Instruct,NVIDIA GeForce RTX 5060 Ti,42,MultiFieldQA-en,5,16,53,structural,64.3027,69.0075,63.2388,64.2794,0,0,0,0,5,99,95,209,3934199808,3622707200,17533902848,6.07,0.021,0.9,0.1,0.35,0.65,0.35,0.65
Qwen/Qwen2.5-7B-Instruct,NVIDIA GeForce RTX 5060 Ti,42,MultiFieldQA-en,5,16,54,structural,47.9115,49.5051,48.7277,47.8983,0,0,0,0,101,357,357,357,51159048192,51159048192,51159048192,6.07,0.021,0.9,0.1,0.35,0.65,0.35,0.65
Qwen/Qwen2.5-7B-Instruct,NVIDIA GeForce RTX 5060 Ti,42,MultiFieldQA-en,5,16,55,semantic,48.7035,0.0,0.0,0.0,0,1,1,1,55,311,311,311,38824583168,38824583168,38824583168,6.07,0.021,0.9,0.1,0.35,0.65,0.35,0.65
Qwen/Qwen2.5-7B-Instruct,NVIDIA GeForce RTX 5060 Ti,42,MultiFieldQA-en,5,16,56,multi-hop,66.705,0.0,67.3779,70.9356,0,1,0,0,121,377,377,377,57051717632,57051717632,57051717632,6.07,0.021,0.9,0.1,0.35,0.65,0.35,0.65
Qwen/Qwen2.5-7B-Instruct,NVIDIA GeForce RTX 5060 Ti,42,MultiFieldQA-en,5,16,57,structural,54.0703,55.6993,54.7523,0.0,0,0,0,1,102,358,358,358,51446054912,51446054912,51446054912,6.07,0.021,0.9,0.1,0.35,0.65,0.35,0.65
Qwen/Qwen2.5-7B-Instruct,NVIDIA GeForce RTX 5060 Ti,42,MultiFieldQA-en,5,16,58,multi-hop,44.556,0.0,46.7631,45.9038,0,1,0,0,23,279,279,279,31246000128,31246000128,31246000128,6.07,0.021,0.9,0.1,0.35,0.65,0.35,0.65
Qwen/Qwen2.5-7B-Instruct,NVIDIA GeForce RTX 5060 Ti,42,MultiFieldQA-en,5,16,59,semantic,53.3657,0.0,0.0,0.0,0,1,1,1,102,358,358,358,51446054912,51446054912,51446054912,6.07,0.021,0.9,0.1,0.35,0.65,0.35,0.65
Qwen/Qwen2.5-7B-Instruct,NVIDIA GeForce RTX 5060 Ti,42,MultiFieldQA-en,5,16,60,semantic,49.0999,0.0,45.6308,46.6298,0,1,0,0,10,266,266,266,28402024448,28402024448,28402024448,6.07,0.021,0.9,0.1,0.35,0.65,0.35,0.65
Qwen/Qwen2.5-7B-Instruct,NVIDIA GeForce RTX 5060 Ti,42,MultiFieldQA-en,5,16,61,structural,46.9969,46.9577,47.7056,0.0,0,0,0,1,149,405,405,405,65840947200,65840947200,65840947200,6.07,0.021,0.9,0.1,0.35,0.65,0.35,0.65
Qwen/Qwen2.5-7B-Instruct,NVIDIA GeForce RTX 5060 Ti,42,MultiFieldQA-en,5,16,62,semantic,71.7345,0.0,66.1057,0.0,0,1,0,1,136,392,392,392,61681958912,61681958912,61681958912,6.07,0.021,0.9,0.1,0.35,0.65,0.35,0.65
Qwen/Qwen2.5-7B-Instruct,NVIDIA GeForce RTX 5060 Ti,42,MultiFieldQA-en,5,16,63,multi-hop,41.7052,44.5187,47.1214,0.0,0,0,0,1,68,324,324,324,42138206208,42138206208,42138206208,6.07,0.021,0.9,0.1,0.35,0.65,0.35,0.65
Qwen/Qwen2.5-7B-Instruct,NVIDIA GeForce RTX 5060 Ti,42,MultiFieldQA-en,5,16,64,multi-hop,48.0183,0.0,0.0,52.5899,0,1,1,0,144,400,400,400,64225280000,64225280000,64225280000,6.07,0.021,0.9,0.1,0.35,0.65,0.35,0.65
Qwen/Qwen2.5-7B-Instruct,NVIDIA GeForce RTX 5060 Ti,42,MultiFieldQA-en,5,16,65,multi-hop,67.887,66.986,65.7689,0.0,0,0,0,1,5,99,95,209,3934199808,3622707200,17533902848,6.07,0.021,0.9,0.1,0.35,0.65,0.35,0.65
Qwen/Qwen2.5-7B-Instruct,NVIDIA GeForce RTX 5060 Ti,42,MultiFieldQA-en,5,16,66,multi-hop,0.0,0.0,0.0,0.0,1,1,1,1,124,378,380,380,57354780672,57963315200,57963315200,6.07,0.021,0.9,0.1,0.35,0.65,0.35,0.65
Qwen/Qwen2.5-7B-Instruct,NVIDIA GeForce RTX 5060 Ti,42,MultiFieldQA-en,5,16,67,semantic,49.8346,0.0,53.9437,52.6359,0,1,0,0,27,283,283,283,32148365312,32148365312,32148365312,6.07,0.021,0.9,0.1,0.35,0.65,0.35,0.65
Qwen/Qwen2.5-7B-Instruct,NVIDIA GeForce RTX 5060 Ti,42,MultiFieldQA-en,5,16,68,structural,48.3292,50.0306,49.0196,47.9929,0,0,0,0,85,341,341,341,46676123648,46676123648,46676123648,6.07,0.021,0.9,0.1,0.35,0.65,0.35,0.65
Qwen/Qwen2.5-7B-Instruct,NVIDIA GeForce RTX 5060 Ti,42,MultiFieldQA-en,5,16,69,multi-hop,60.0455,0.0,55.5653,55.2585,0,1,0,0,111,367,367,367,54065242112,54065242112,54065242112,6.07,0.021,0.9,0.1,0.35,0.65,0.35,0.65
Qwen/Qwen2.5-7B-Instruct,NVIDIA GeForce RTX 5060 Ti,42,MultiFieldQA-en,5,16,70,structural,71.267,0.0,78.7391,0.0,0,1,0,1,11,267,267,267,28615974912,28615974912,28615974912,6.07,0.021,0.9,0.1,0.35,0.65,0.35,0.65
Qwen/Qwen2.5-7B-Instruct,NVIDIA GeForce RTX 5060 Ti,42,MultiFieldQA-en,5,16,71,multi-hop,46.4672,47.4907,45.7726,0.0,0,0,0,1,47,303,303,303,36852867072,36852867072,36852867072,6.07,0.021,0.9,0.1,0.35,0.65,0.35,0.65
Qwen/Qwen2.5-7B-Instruct,NVIDIA GeForce RTX 5060 Ti,42,MultiFieldQA-en,5,16,72,semantic,71.1624,0.0,0.0,0.0,0,1,1,1,127,383,383,383,58882138112,58882138112,58882138112,6.07,0.021,0.9,0.1,0.35,0.65,0.35,0.65
Qwen/Qwen2.5-7B-Instruct,NVIDIA GeForce RTX 5060 Ti,42,MultiFieldQA-en,5,16,73,multi-hop,55.6832,0.0,0.0,0.0,0,1,1,1,143,399,399,399,63904555008,63904555008,63904555008,6.07,0.021,0.9,0.1,0.35,0.65,0.35,0.65
Qwen/Qwen2.5-7B-Instruct,NVIDIA GeForce RTX 5060 Ti,42,MultiFieldQA-en,5,16,74,multi-hop,57.6457,0.0,0.0,0.0,0,1,1,1,73,329,329,329,43448803328,43448803328,43448803328,6.07,0.021,0.9,0.1,0.35,0.65,0.35,0.65
Qwen/Qwen2.5-7B-Instruct,NVIDIA GeForce RTX 5060 Ti,42,MultiFieldQA-en,5,16,75,structural,45.9429,48.6058,54.3111,46.4834,0,0,0,0,109,365,365,365,53477580800,53477580800,53477580800,6.07,0.021,0.9,0.1,0.35,0.65,0.35,0.65
Qwen/Qwen2.5-7B-Instruct,NVIDIA GeForce RTX 5060 Ti,42,MultiFieldQA-en,5,16,76,multi-hop,50.6811,0.0,51.6926,50.214,0,1,0,0,125,381,381,381,58268786688,58268786688,58268786688,6.07,0.021,0.9,0.1,0.35,0.65,0.35,0.65
Qwen/Qwen2.5-7B-Instruct,NVIDIA GeForce RTX 5060 Ti,42,MultiFieldQA-en,5,16,77,semantic,50.6096,0.0,53.3781,51.7212,0,1,0,0,110,366,366,366,53771010048,53771010048,53771010048,6.07,0.021,0.9,0.1,0.35,0.65,0.35,0.65
Qwen/Qwen2.5-7B-Instruct,NVIDIA GeForce RTX 5060 Ti,42,MultiFieldQA-en,5,16,78,semantic,44.8815,0.0,45.1464,45.1135,0,1,0,0,45,301,301,301,36367966208,36367966208,36367966208,6.07,0.021,0.9,0.1,0.35,0.65,0.35,0.65
Qwen/Qwen2.5-7B-Instruct,NVIDIA GeForce RTX 5060 Ti,42,MultiFieldQA-en,5,16,79,semantic,43.9185,0.0,0.0,0.0,0,1,1,1,37,293,293,293,34460475392,34460475392,34460475392,6.07,0.021,0.9,0.1,0.35,0.65,0.35,0.65
Qwen/Qwen2.5-7B-Instruct,NVIDIA GeForce RTX 5060 Ti,42,MultiFieldQA-en,5,16,80,structural,67.0404,69.9168,69.4127,0.0,0,0,0,1,96,352,352,352,49736056832,49736056832,49736056832,6.07,0.021,0.9,0.1,0.35,0.65,0.35,0.65
Qwen/Qwen2.5-7B-Instruct,NVIDIA GeForce RTX 5060 Ti,42,MultiFieldQA-en,5,16,81,multi-hop,67.1972,0.0,0.0,0.0,0,1,1,1,23,279,279,279,31246000128,31246000128,31246000128,6.07,0.021,0.9,0.1,0.35,0.65,0.35,0.65
Qwen/Qwen2.5-7B-Instruct,NVIDIA GeForce RTX 5060 Ti,42,MultiFieldQA-en,5,16,82,multi-hop,52.0914,55.0805,55.0167,54.7114,0,0,0,0,101,357,357,357,51159048192,51159048192,51159048192,6.07,0.021,0.9,0.1,0.35,0.65,0.35,0.65
Qwen/Qwen2.5-7B-Instruct,NVIDIA GeForce RTX 5060 Ti,42,MultiFieldQA-en,5,16,83,structural,51.9709,60.1756,0.0,0.0,0,0,1,1,13,269,269,269,29046284288,29046284288,29046284288,6.07,0.021,0.9,0.1,0.35,0.65,0.35,0.65
Qwen/Qwen2.5-7B-Instruct,NVIDIA GeForce RTX 5060 Ti,42,MultiFieldQA-en,5,16,84,semantic,53.9696,0.0,54.9496,0.0,0,1,0,1,83,339,339,339,46130208768,46130208768,46130208768,6.07,0.021,0.9,0.1,0.35,0.65,0.35,0.65
Qwen/Qwen2.5-7B-Instruct,NVIDIA GeForce RTX 5060 Ti,42,MultiFieldQA-en,5,16,85,semantic,52.0021,0.0,0.0,0.0,0,1,1,1,91,347,347,347,48333135872,48333135872,48333135872,6.07,0.021,0.9,0.1,0.35,0.65,0.35,0.65
Qwen/Qwen2.5-7B-Instruct,NVIDIA GeForce RTX 5060 Ti,42,MultiFieldQA-en,5,16,86,multi-hop,46.4782,0.0,45.9445,47.4187,0,1,0,0,21,277,277,277,30799634432,30799634432,30799634432,6.07,0.021,0.9,0.1,0.35,0.65,0.35,0.65
Qwen/Qwen2.5-7B-Instruct,NVIDIA GeForce RTX 5060 Ti,42,MultiFieldQA-en,5,16,87,multi-hop,51.0835,0.0,0.0,0.0,0,1,1,1,114,370,370,370,54952755200,54952755200,54952755200,6.07,0.021,0.9,0.1,0.35,0.65,0.35,0.65
Qwen/Qwen2.5-7B-Instruct,NVIDIA GeForce RTX 5060 Ti,42,MultiFieldQA-en,5,16,88,multi-hop,53.8204,60.5512,52.6669,48.699,0,0,0,0,25,281,281,281,31695577088,31695577088,31695577088,6.07,0.021,0.9,0.1,0.35,0.65,0.35,0.65
Qwen/Qwen2.5-7B-Instruct,NVIDIA GeForce RTX 5060 Ti,42,MultiFieldQA-en,5,16,89,multi-hop,47.6382,0.0,0.0,56.4669,0,1,1,0,85,341,341,341,46676123648,46676123648,46676123648,6.07,0.021,0.9,0.1,0.35,0.65,0.35,0.65
Qwen/Qwen2.5-7B-Instruct,NVIDIA GeForce RTX 5060 Ti,42,MultiFieldQA-en,5,16,90,semantic,51.2357,0.0,0.0,50.8468,0,1,1,0,94,350,350,350,49172480000,49172480000,49172480000,6.07,0.021,0.9,0.1,0.35,0.65,0.35,0.65
Qwen/Qwen2.5-7B-Instruct,NVIDIA GeForce RTX 5060 Ti,42,MultiFieldQA-en,5,16,91,multi-hop,49.3157,51.8854,0.0,50.0737,0,0,1,0,87,343,343,343,47225249792,47225249792,47225249792,6.07,0.021,0.9,0.1,0.35,0.65,0.35,0.65
Qwen/Qwen2.5-7B-Instruct,NVIDIA GeForce RTX 5060 Ti,42,MultiFieldQA-en,5,16,92,semantic,83.5083,0.0,86.6676,86.8998,0,1,0,0,4,260,260,260,27135180800,27135180800,27135180800,6.07,0.021,0.9,0.1,0.35,0.65,0.35,0.65
Qwen/Qwen2.5-7B-Instruct,NVIDIA GeForce RTX 5060 Ti,42,MultiFieldQA-en,5,16,93,semantic,0.0,0.0,0.0,0.0,1,1,1,1,100,356,356,356,50872844288,50872844288,50872844288,6.07,0.021,0.9,0.1,0.35,0.65,0.35,0.65
Qwen/Qwen2.5-7B-Instruct,NVIDIA GeForce RTX 5060 Ti,42,MultiFieldQA-en,5,16,94,semantic,47.8531,0.0,48.8533,49.2775,0,1,0,0,127,383,383,383,58882138112,58882138112,58882138112,6.07,0.021,0.9,0.1,0.35,0.65,0.35,0.65
Qwen/Qwen2.5-7B-Instruct,NVIDIA GeForce RTX 5060 Ti,42,MultiFieldQA-en,5,16,95,semantic,48.7194,0.0,0.0,0.0,0,1,1,1,101,357,357,357,51159048192,51159048192,51159048192,6.07,0.021,0.9,0.1,0.35,0.65,0.35,0.65
Qwen/Qwen2.5-7B-Instruct,NVIDIA GeForce RTX 5060 Ti,42,MultiFieldQA-en,5,16,96,multi-hop,0.0,49.7045,0.0,0.0,1,0,1,1,114,370,370,370,54952755200,54952755200,54952755200,6.07,0.021,0.9,0.1,0.35,0.65,0.35,0.65
Qwen/Qwen2.5-7B-Instruct,NVIDIA GeForce RTX 5060 Ti,42,MultiFieldQA-en,5,16,97,structural,50.3443,0.0,50.4949,49.8908,0,1,0,0,86,342,342,342,46950285312,46950285312,46950285312,6.07,0.021,0.9,0.1,0.35,0.65,0.35,0.65
Qwen/Qwen2.5-7B-Instruct,NVIDIA GeForce RTX 5060 Ti,42,MultiFieldQA-en,5,16,98,multi-hop,43.0615,0.0,0.0,43.5991,0,1,1,0,73,329,329,329,43448803328,43448803328,43448803328,6.07,0.021,0.9,0.1,0.35,0.65,0.35,0.65
Qwen/Qwen2.5-7B-Instruct,NVIDIA GeForce RTX 5060 Ti,42,MultiFieldQA-en,5,16,99,semantic,48.6866,0.0,0.0,0.0,0,1,1,1,114,370,370,370,54952755200,54952755200,54952755200,6.07,0.021,0.9,0.1,0.35,0.65,0.35,0.65
Qwen/Qwen2.5-7B-Instruct,NVIDIA GeForce RTX 5060 Ti,42,MultiFieldQA-en,5,16,100,semantic,64.7017,0.0,72.3802,72.8526,0,1,0,0,138,394,394,394,62312972288,62312972288,62312972288,6.07,0.021,0.9,0.1,0.35,0.65,0.35,0.65
Qwen/Qwen2.5-7B-Instruct,NVIDIA GeForce RTX 5060 Ti,42,MultiFieldQA-en,5,16,101,multi-hop,73.4148,77.0442,0.0,0.0,0,0,1,1,39,295,295,295,34932531200,34932531200,34932531200,6.07,0.021,0.9,0.1,0.35,0.65,0.35,0.65
Qwen/Qwen2.5-7B-Instruct,NVIDIA GeForce RTX 5060 Ti,42,MultiFieldQA-en,5,16,102,multi-hop,67.5,0.0,67.6054,66.3329,0,1,0,0,158,414,414,414,68799725568,68799725568,68799725568,6.07,0.021,0.9,0.1,0.35,0.65,0.35,0.65
Qwen/Qwen2.5-7B-Instruct,NVIDIA GeForce RTX 5060 Ti,42,MultiFieldQA-en,5,16,103,semantic,48.898,0.0,0.0,0.0,0,1,1,1,78,334,334,334,44779470848,44779470848,44779470848,6.07,0.021,0.9,0.1,0.35,0.65,0.35,0.65
Qwen/Qwen2.5-7B-Instruct,NVIDIA GeForce RTX 5060 Ti,42,MultiFieldQA-en,5,16,104,multi-hop,50.0687,0.0,0.0,57.1535,0,1,1,0,109,365,365,365,53477580800,53477580800,53477580800,6.07,0.021,0.9,0.1,0.35,0.65,0.35,0.65
Qwen/Qwen2.5-7B-Instruct,NVIDIA GeForce RTX 5060 Ti,42,MultiFieldQA-en,5,16,105,semantic,48.5913,0.0,50.1805,0.0,0,1,0,1,142,398,398,398,63584632832,63584632832,63584632832,6.07,0.021,0.9,0.1,0.35,0.65,0.35,0.65
Qwen/Qwen2.5-7B-Instruct,NVIDIA GeForce RTX 5060 Ti,42,MultiFieldQA-en,5,16,106,semantic,47.4983,0.0,0.0,0.0,0,1,1,1,103,359,359,359,51733864448,51733864448,51733864448,6.07,0.021,0.9,0.1,0.35,0.65,0.35,0.65
Qwen/Qwen2.5-7B-Instruct,NVIDIA GeForce RTX 5060 Ti,42,MultiFieldQA-en,5,16,107,structural,67.0889,64.1464,64.1123,62.7864,0,0,0,0,1,10,10,10,40140800,40140800,40140800,6.07,0.021,0.9,0.1,0.35,0.65,0.35,0.65
Qwen/Qwen2.5-7B-Instruct,NVIDIA GeForce RTX 5060 Ti,42,MultiFieldQA-en,5,16,108,structural,41.7476,0.0,0.0,0.0,0,1,1,1,107,363,363,363,52893130752,52893130752,52893130752,6.07,0.021,0.9,0.1,0.35,0.65,0.35,0.65
Qwen/Qwen2.5-7B-Instruct,NVIDIA GeForce RTX 5060 Ti,42,MultiFieldQA-en,5,16,109,multi-hop,48.8667,0.0,0.0,0.0,0,1,1,1,86,342,342,342,46950285312,46950285312,46950285312,6.07,0.021,0.9,0.1,0.35,0.65,0.35,0.65
Qwen/Qwen2.5-7B-Instruct,NVIDIA GeForce RTX 5060 Ti,42,MultiFieldQA-en,5,16,110,multi-hop,53.7749,54.8779,0.0,0.0,0,0,1,1,58,314,314,314,39577223168,39577223168,39577223168,6.07,0.021,0.9,0.1,0.35,0.65,0.35,0.65
Qwen/Qwen2.5-7B-Instruct,NVIDIA GeForce RTX 5060 Ti,42,MultiFieldQA-en,5,16,111,multi-hop,43.079,45.6229,45.6339,0.0,0,0,0,1,113,369,369,369,54656114688,54656114688,54656114688,6.07,0.021,0.9,0.1,0.35,0.65,0.35,0.65
Qwen/Qwen2.5-7B-Instruct,NVIDIA GeForce RTX 5060 Ti,42,MultiFieldQA-en,5,16,112,semantic,50.9993,0.0,53.2476,55.2083,0,1,0,0,110,366,366,366,53771010048,53771010048,53771010048,6.07,0.021,0.9,0.1,0.35,0.65,0.35,0.65
Qwen/Qwen2.5-7B-Instruct,NVIDIA GeForce RTX 5060 Ti,42,MultiFieldQA-en,5,16,113,multi-hop,47.5255,0.0,0.0,0.0,0,1,1,1,97,353,353,353,50019049472,50019049472,50019049472,6.07,0.021,0.9,0.1,0.35,0.65,0.35,0.65
Qwen/Qwen2.5-7B-Instruct,NVIDIA GeForce RTX 5060 Ti,42,MultiFieldQA-en,5,16,114,multi-hop,70.1857,0.0,73.6238,70.6997,0,1,0,0,48,304,304,304,37096521728,37096521728,37096521728,6.07,0.021,0.9,0.1,0.35,0.65,0.35,0.65
Qwen/Qwen2.5-7B-Instruct,NVIDIA GeForce RTX 5060 Ti,42,MultiFieldQA-en,5,16,115,multi-hop,72.6563,71.7849,73.2442,0.0,0,0,0,1,23,125,125,279,6272000000,6272000000,31246000128,6.07,0.021,0.9,0.1,0.35,0.65,0.35,0.65
Qwen/Qwen2.5-7B-Instruct,NVIDIA GeForce RTX 5060 Ti,42,MultiFieldQA-en,5,16,116,semantic,49.6131,0.0,50.7167,51.9587,0,1,0,0,27,283,283,283,32148365312,32148365312,32148365312,6.07,0.021,0.9,0.1,0.35,0.65,0.35,0.65
Qwen/Qwen2.5-7B-Instruct,NVIDIA GeForce RTX 5060 Ti,42,MultiFieldQA-en,5,16,117,multi-hop,71.6778,0.0,0.0,0.0,0,1,1,1,125,381,381,381,58268786688,58268786688,58268786688,6.07,0.021,0.9,0.1,0.35,0.65,0.35,0.65
Qwen/Qwen2.5-7B-Instruct,NVIDIA GeForce RTX 5060 Ti,42,MultiFieldQA-en,5,16,118,multi-hop,48.8017,0.0,50.889,50.9363,0,1,0,0,61,317,317,317,40337088512,40337088512,40337088512,6.07,0.021,0.9,0.1,0.35,0.65,0.35,0.65
Qwen/Qwen2.5-7B-Instruct,NVIDIA GeForce RTX 5060 Ti,42,MultiFieldQA-en,5,16,119,multi-hop,51.1443,51.1282,50.5918,0.0,0,0,0,1,86,342,342,342,46950285312,46950285312,46950285312,6.07,0.021,0.9,0.1,0.35,0.65,0.35,0.65
Qwen/Qwen2.5-7B-Instruct,NVIDIA GeForce RTX 5060 Ti,42,MultiFieldQA-en,5,16,120,structural,54.1644,50.1275,0.0,0.0,0,0,1,1,55,311,311,311,38824583168,38824583168,38824583168,6.07,0.021,0.9,0.1,0.35,0.65,0.35,0.65
Qwen/Qwen2.5-7B-Instruct,NVIDIA GeForce RTX 5060 Ti,42,MultiFieldQA-en,5,16,121,multi-hop,68.0181,0.0,0.0,0.0,0,1,1,1,152,408,408,408,66819981312,66819981312,66819981312,6.07,0.021,0.9,0.1,0.35,0.65,0.35,0.65
Qwen/Qwen2.5-7B-Instruct,NVIDIA GeForce RTX 5060 Ti,42,MultiFieldQA-en,5,16,122,semantic,49.0109,0.0,0.0,0.0,0,1,1,1,108,364,364,364,53184954368,53184954368,53184954368,6.07,0.021,0.9,0.1,0.35,0.65,0.35,0.65
Qwen/Qwen2.5-7B-Instruct,NVIDIA GeForce RTX 5060 Ti,42,MultiFieldQA-en,5,16,123,semantic,55.8466,0.0,0.0,0.0,0,1,1,1,151,407,407,407,66492833792,66492833792,66492833792,6.07,0.021,0.9,0.1,0.35,0.65,0.35,0.65
Qwen/Qwen2.5-7B-Instruct,NVIDIA GeForce RTX 5060 Ti,42,MultiFieldQA-en,5,16,124,multi-hop,53.4551,0.0,0.0,0.0,0,1,1,1,91,347,347,347,48333135872,48333135872,48333135872,6.07,0.021,0.9,0.1,0.35,0.65,0.35,0.65
Qwen/Qwen2.5-7B-Instruct,NVIDIA GeForce RTX 5060 Ti,42,MultiFieldQA-en,5,16,125,semantic,52.8833,0.0,0.0,0.0,0,1,1,1,96,352,352,352,49736056832,49736056832,49736056832,6.07,0.021,0.9,0.1,0.35,0.65,0.35,0.65
Qwen/Qwen2.5-7B-Instruct,NVIDIA GeForce RTX 5060 Ti,42,MultiFieldQA-en,5,16,126,semantic,73.9201,0.0,74.1813,73.1677,0,1,0,0,125,381,381,381,58268786688,58268786688,58268786688,6.07,0.021,0.9,0.1,0.35,0.65,0.35,0.65
Qwen/Qwen2.5-7B-Instruct,NVIDIA GeForce RTX 5060 Ti,42,MultiFieldQA-en,5,16,127,multi-hop,52.9347,51.0014,51.2646,49.8571,0,0,0,0,1,10,10,10,40140800,40140800,40140800,6.07,0.021,0.9,0.1,0.35,0.65,0.35,0.65
Qwen/Qwen2.5-7B-Instruct,NVIDIA GeForce RTX 5060 Ti,42,MultiFieldQA-en,5,16,128,multi-hop,46.7514,47.783,45.9631,44.7003,0,0,0,0,94,350,350,350,49172480000,49172480000,49172480000,6.07,0.021,0.9,0.1,0.35,0.65,0.35,0.65
Qwen/Qwen2.5-7B-Instruct,NVIDIA GeForce RTX 5060 Ti,42,MultiFieldQA-en,5,16,129,structural,46.5998,47.5813,48.8622,0.0,0,0,0,1,138,394,394,394,62312972288,62312972288,62312972288,6.07,0.021,0.9,0.1,0.35,0.65,0.35,0.65
Qwen/Qwen2.5-7B-Instruct,NVIDIA GeForce RTX 5060 Ti,42,MultiFieldQA-en,5,16,130,semantic,68.7521,0.0,70.2195,70.7006,0,1,0,0,114,370,370,370,54952755200,54952755200,54952755200,6.07,0.021,0.9,0.1,0.35,0.65,0.35,0.65
Qwen/Qwen2.5-7B-Instruct,NVIDIA GeForce RTX 5060 Ti,42,MultiFieldQA-en,5,16,131,semantic,69.0226,0.0,69.2463,0.0,0,1,0,1,117,373,373,373,55847493632,55847493632,55847493632,6.07,0.021,0.9,0.1,0.35,0.65,0.35,0.65
Qwen/Qwen2.5-7B-Instruct,NVIDIA GeForce RTX 5060 Ti,42,MultiFieldQA-en,5,16,132,semantic,89.5748,0.0,92.6953,93.1785,0,1,0,0,58,314,314,314,39577223168,39577223168,39577223168,6.07,0.021,0.9,0.1,0.35,0.65,0.35,0.65
Qwen/Qwen2.5-7B-Instruct,NVIDIA GeForce RTX 5060 Ti,42,MultiFieldQA-en,5,16,133,multi-hop,52.686,0.0,0.0,0.0,0,1,1,1,101,357,357,357,51159048192,51159048192,51159048192,6.07,0.021,0.9,0.1,0.35,0.65,0.35,0.65
Qwen/Qwen2.5-7B-Instruct,NVIDIA GeForce RTX 5060 Ti,42,MultiFieldQA-en,5,16,134,structural,52.8791,0.0,0.0,0.0,0,1,1,1,99,355,355,355,50587443200,50587443200,50587443200,6.07,0.021,0.9,0.1,0.35,0.65,0.35,0.65
Qwen/Qwen2.5-7B-Instruct,NVIDIA GeForce RTX 5060 Ti,42,MultiFieldQA-en,5,16,135,multi-hop,72.0902,0.0,0.0,76.1384,0,1,1,0,150,406,406,406,66166489088,66166489088,66166489088,6.07,0.021,0.9,0.1,0.35,0.65,0.35,0.65
Qwen/Qwen2.5-7B-Instruct,NVIDIA GeForce RTX 5060 Ti,42,MultiFieldQA-en,5,16,136,semantic,47.8297,0.0,45.8272,46.9221,0,1,0,0,71,327,327,327,42922156032,42922156032,42922156032,6.07,0.021,0.9,0.1,0.35,0.65,0.35,0.65
Qwen/Qwen2.5-7B-Instruct,NVIDIA GeForce RTX 5060 Ti,42,MultiFieldQA-en,5,16,137,semantic,52.8995,0.0,48.3508,47.6836,0,1,0,0,15,271,271,271,29479804928,29479804928,29479804928,6.07,0.021,0.9,0.1,0.35,0.65,0.35,0.65
Qwen/Qwen2.5-7B-Instruct,NVIDIA GeForce RTX 5060 Ti,42,MultiFieldQA-en,5,16,138,semantic,51.2929,0.0,54.0754,53.9567,0,1,0,0,85,341,341,341,46676123648,46676123648,46676123648,6.07,0.021,0.9,0.1,0.35,0.65,0.35,0.65
Qwen/Qwen2.5-7B-Instruct,NVIDIA GeForce RTX 5060 Ti,42,MultiFieldQA-en,5,16,139,multi-hop,53.3698,56.5891,56.1809,54.3372,0,0,0,0,130,386,386,386,59808186368,59808186368,59808186368,6.07,0.021,0.9,0.1,0.35,0.65,0.35,0.65
Qwen/Qwen2.5-7B-Instruct,NVIDIA GeForce RTX 5060 Ti,42,MultiFieldQA-en,5,16,140,structural,0.0,73.4383,0.0,0.0,1,0,1,1,26,282,282,282,31921569792,31921569792,31921569792,6.07,0.021,0.9,0.1,0.35,0.65,0.35,0.65
Qwen/Qwen2.5-7B-Instruct,NVIDIA GeForce RTX 5060 Ti,42,MultiFieldQA-en,5,16,141,semantic,56.3591,0.0,50.2633,0.0,0,1,0,1,102,358,358,358,51446054912,51446054912,51446054912,6.07,0.021,0.9,0.1,0.35,0.65,0.35,0.65
Qwen/Qwen2.5-7B-Instruct,NVIDIA GeForce RTX 5060 Ti,42,MultiFieldQA-en,5,16,142,multi-hop,50.6874,49.8145,54.8433,50.5817,0,0,0,0,1,10,10,10,40140800,40140800,40140800,6.07,0.021,0.9,0.1,0.35,0.65,0.35,0.65
Qwen/Qwen2.5-7B-Instruct,NVIDIA GeForce RTX 5060 Ti,42,MultiFieldQA-en,5,16,143,semantic,49.4034,0.0,0.0,0.0,0,1,1,1,156,412,412,412,68136599552,68136599552,68136599552,6.07,0.021,0.9,0.1,0.35,0.65,0.35,0.65
Qwen/Qwen2.5-7B-Instruct,NVIDIA GeForce RTX 5060 Ti,42,MultiFieldQA-en,5,16,144,multi-hop,0.0,58.6018,49.13,51.1469,1,0,0,0,102,358,358,358,51446054912,51446054912,51446054912,6.07,0.021,0.9,0.1,0.35,0.65,0.35,0.65
Qwen/Qwen2.5-7B-Instruct,NVIDIA GeForce RTX 5060 Ti,42,MultiFieldQA-en,5,16,145,multi-hop,49.615,0.0,0.0,49.6405,0,1,1,0,65,321,321,321,41361481728,41361481728,41361481728,6.07,0.021,0.9,0.1,0.35,0.65,0.35,0.65
Qwen/Qwen2.5-7B-Instruct,NVIDIA GeForce RTX 5060 Ti,42,MultiFieldQA-en,5,16,146,multi-hop,50.4938,0.0,51.14,49.9176,0,1,0,0,100,356,356,356,50872844288,50872844288,50872844288,6.07,0.021,0.9,0.1,0.35,0.65,0.35,0.65
Qwen/Qwen2.5-7B-Instruct,NVIDIA GeForce RTX 5060 Ti,42,MultiFieldQA-en,5,16,147,multi-hop,52.6852,0.0,0.0,50.5838,0,1,1,0,103,359,359,359,51733864448,51733864448,51733864448,6.07,0.021,0.9,0.1,0.35,0.65,0.35,0.65
Qwen/Qwen2.5-7B-Instruct,NVIDIA GeForce RTX 5060 Ti,42,MultiFieldQA-en,5,16,148,multi-hop,83.0743,86.4978,93.2795,0.0,0,0,0,1,146,402,402,402,64869138432,64869138432,64869138432,6.07,0.021,0.9,0.1,0.35,0.65,0.35,0.65
Qwen/Qwen2.5-7B-Instruct,NVIDIA GeForce RTX 5060 Ti,42,MultiFieldQA-en,5,16,149,multi-hop,60.4792,49.8576,47.8669,0.0,0,0,0,1,65,321,321,321,41361481728,41361481728,41361481728,6.07,0.021,0.9,0.1,0.35,0.65,0.35,0.65
Qwen/Qwen2.5-7B-Instruct,NVIDIA GeForce RTX 5060 Ti,42,MultiFieldQA-en,5,16,150,semantic,55.6281,0.0,50.4188,0.0,0,1,0,1,104,360,360,360,52022476800,52022476800,52022476800,6.07,0.021,0.9,0.1,0.35,0.65,0.35,0.65
Qwen/Qwen2.5-7B-Instruct,NVIDIA GeForce RTX 5060 Ti,42,MultiFieldQA-en,5,16,151,structural,41.4207,44.2603,44.9252,0.0,0,0,0,1,114,370,370,370,54952755200,54952755200,54952755200,6.07,0.021,0.9,0.1,0.35,0.65,0.35,0.65
Qwen/Qwen2.5-7B-Instruct,NVIDIA GeForce RTX 5060 Ti,42,MultiFieldQA-en,5,16,152,structural,53.012,55.6337,0.0,0.0,0,0,1,1,95,351,351,351,49453867008,49453867008,49453867008,6.07,0.021,0.9,0.1,0.35,0.65,0.35,0.65
Qwen/Qwen2.5-7B-Instruct,NVIDIA GeForce RTX 5060 Ti,42,MultiFieldQA-en,5,16,153,structural,59.1988,52.429,53.2689,51.8654,0,0,0,0,1,10,10,10,40140800,40140800,40140800,6.07,0.021,0.9,0.1,0.35,0.65,0.35,0.65
Qwen/Qwen2.5-7B-Instruct,NVIDIA GeForce RTX 5060 Ti,42,MultiFieldQA-en,5,16,154,multi-hop,0.0,0.0,42.5449,0.0,1,1,0,1,114,370,370,370,54952755200,54952755200,54952755200,6.07,0.021,0.9,0.1,0.35,0.65,0.35,0.65
Qwen/Qwen2.5-7B-Instruct,NVIDIA GeForce RTX 5060 Ti,42,MultiFieldQA-en,5,16,155,multi-hop,0.0,0.0,0.0,50.424,1,1,1,0,107,363,363,363,52893130752,52893130752,52893130752,6.07,0.021,0.9,0.1,0.35,0.65,0.35,0.65
Qwen/Qwen2.5-7B-Instruct,NVIDIA GeForce RTX 5060 Ti,42,MultiFieldQA-en,5,16,156,structural,50.118,50.5853,0.0,0.0,0,0,1,1,88,344,344,344,47501017088,47501017088,47501017088,6.07,0.021,0.9,0.1,0.35,0.65,0.35,0.65
Qwen/Qwen2.5-7B-Instruct,NVIDIA GeForce RTX 5060 Ti,42,MultiFieldQA-en,5,16,157,multi-hop,38.4111,0.0,44.3392,37.9794,0,1,0,0,1,10,10,57,40140800,40140800,1304174592,6.07,0.021,0.9,0.1,0.35,0.65,0.35,0.65
Qwen/Qwen2.5-7B-Instruct,NVIDIA GeForce RTX 5060 Ti,42,MultiFieldQA-en,5,16,158,multi-hop,66.7036,0.0,0.0,0.0,0,1,1,1,163,419,419,419,70471589888,70471589888,70471589888,6.07,0.021,0.9,0.1,0.35,0.65,0.35,0.65
Qwen/Qwen2.5-7B-Instruct,NVIDIA GeForce RTX 5060 Ti,42,MultiFieldQA-en,5,16,159,structural,43.3891,44.3749,42.6842,0.0,0,0,0,1,78,334,334,334,44779470848,44779470848,44779470848,6.07,0.021,0.9,0.1,0.35,0.65,0.35,0.65
Qwen/Qwen2.5-7B-Instruct,NVIDIA GeForce RTX 5060 Ti,42,MultiFieldQA-en,5,16,160,semantic,47.8533,0.0,0.0,54.5294,0,1,1,0,122,378,378,378,57354780672,57354780672,57354780672,6.07,0.021,0.9,0.1,0.35,0.65,0.35,0.65
Qwen/Qwen2.5-7B-Instruct,NVIDIA GeForce RTX 5060 Ti,42,MultiFieldQA-en,5,16,161,multi-hop,42.4552,0.0,44.1605,47.7131,0,1,0,0,86,342,342,342,46950285312,46950285312,46950285312,6.07,0.021,0.9,0.1,0.35,0.65,0.35,0.65
Qwen/Qwen2.5-7B-Instruct,NVIDIA GeForce RTX 5060 Ti,42,MultiFieldQA-en,5,16,162,multi-hop,63.4868,56.3981,54.4948,0.0,0,0,0,1,92,348,348,348,48612114432,48612114432,48612114432,6.07,0.021,0.9,0.1,0.35,0.65,0.35,0.65
Qwen/Qwen2.5-7B-Instruct,NVIDIA GeForce RTX 5060 Ti,42,MultiFieldQA-en,5,16,163,multi-hop,45.4784,48.5119,47.8314,0.0,0,0,0,1,158,414,414,414,68799725568,68799725568,68799725568,6.07,0.021,0.9,0.1,0.35,0.65,0.35,0.65
Qwen/Qwen2.5-7B-Instruct,NVIDIA GeForce RTX 5060 Ti,42,MultiFieldQA-en,5,16,164,semantic,0.0,0.0,42.6582,41.9203,1,1,0,0,1,10,10,10,40140800,40140800,40140800,6.07,0.021,0.9,0.1,0.35,0.65,0.35,0.65
Qwen/Qwen2.5-7B-Instruct,NVIDIA GeForce RTX 5060 Ti,42,MultiFieldQA-en,5,16,165,multi-hop,57.1628,0.0,0.0,53.9507,0,1,1,0,91,347,347,347,48333135872,48333135872,48333135872,6.07,0.021,0.9,0.1,0.35,0.65,0.35,0.65
Qwen/Qwen2.5-7B-Instruct,NVIDIA GeForce RTX 5060 Ti,42,MultiFieldQA-en,5,16,166,multi-hop,46.344,0.0,0.0,46.4199,0,1,1,0,35,232,125,291,21605384192,6272000000,33991630848,6.07,0.021,0.9,0.1,0.35,0.65,0.35,0.65
Qwen/Qwen2.5-7B-Instruct,NVIDIA GeForce RTX 5060 Ti,42,MultiFieldQA-en,5,16,167,multi-hop,53.7061,51.8791,50.8744,50.773,0,0,0,0,1,10,10,10,40140800,40140800,40140800,6.07,0.021,0.9,0.1,0.35,0.65,0.35,0.65
Qwen/Qwen2.5-7B-Instruct,NVIDIA GeForce RTX 5060 Ti,42,MultiFieldQA-en,5,16,168,semantic,53.6498,0.0,0.0,0.0,0,1,1,1,106,362,362,362,52602109952,52602109952,52602109952,6.07,0.021,0.9,0.1,0.35,0.65,0.35,0.65
Qwen/Qwen2.5-7B-Instruct,NVIDIA GeForce RTX 5060 Ti,42,MultiFieldQA-en,5,16,169,multi-hop,0.0,39.427,39.321,0.0,1,0,0,1,136,392,392,257,61681958912,61681958912,26512596992,6.07,0.021,0.9,0.1,0.35,0.65,0.35,0.65
Qwen/Qwen2.5-7B-Instruct,NVIDIA GeForce RTX 5060 Ti,42,MultiFieldQA-en,5,16,170,multi-hop,67.0239,69.0493,67.2756,0.0,0,0,0,1,150,406,406,406,66166489088,66166489088,66166489088,6.07,0.021,0.9,0.1,0.35,0.65,0.35,0.65
Qwen/Qwen2.5-7B-Instruct,NVIDIA GeForce RTX 5060 Ti,42,MultiFieldQA-en,5,16,171,multi-hop,0.0,0.0,38.1988,38.3934,1,1,0,0,1,10,10,10,40140800,40140800,40140800,6.07,0.021,0.9,0.1,0.35,0.65,0.35,0.65
Qwen/Qwen2.5-7B-Instruct,NVIDIA GeForce RTX 5060 Ti,42,MultiFieldQA-en,5,16,172,structural,43.1194,43.8876,44.691,43.8737,0,0,0,0,92,348,348,348,48612114432,48612114432,48612114432,6.07,0.021,0.9,0.1,0.35,0.65,0.35,0.65
Qwen/Qwen2.5-7B-Instruct,NVIDIA GeForce RTX 5060 Ti,42,MultiFieldQA-en,5,16,173,multi-hop,48.2885,49.8695,48.2552,0.0,0,0,0,1,19,275,275,275,30356480000,30356480000,30356480000,6.07,0.021,0.9,0.1,0.35,0.65,0.35,0.65
Qwen/Qwen2.5-7B-Instruct,NVIDIA GeForce RTX 5060 Ti,42,MultiFieldQA-en,5,16,174,semantic,49.6203,0.0,52.3127,0.0,0,1,0,1,86,342,342,342,46950285312,46950285312,46950285312,6.07,0.021,0.9,0.1,0.35,0.65,0.35,0.65
Qwen/Qwen2.5-7B-Instruct,NVIDIA GeForce RTX 5060 Ti,42,MultiFieldQA-en,5,16,175,multi-hop,53.0576,54.0889,0.0,0.0,0,0,1,1,106,362,362,362,52602109952,52602109952,52602109952,6.07,0.021,0.9,0.1,0.35,0.65,0.35,0.65
Qwen/Qwen2.5-7B-Instruct,NVIDIA GeForce RTX 5060 Ti,42,MultiFieldQA-en,5,16,176,multi-hop,52.9276,0.0,54.0852,53.3369,0,1,0,0,110,366,366,366,53771010048,53771010048,53771010048,6.07,0.021,0.9,0.1,0.35,0.65,0.35,0.65
Qwen/Qwen2.5-7B-Instruct,NVIDIA GeForce RTX 5060 Ti,42,MultiFieldQA-en,5,16,177,multi-hop,59.3628,0.0,0.0,52.9536,0,1,1,0,81,337,337,337,45587505152,45587505152,45587505152,6.07,0.021,0.9,0.1,0.35,0.65,0.35,0.65
Qwen/Qwen2.5-7B-Instruct,NVIDIA GeForce RTX 5060 Ti,42,MultiFieldQA-en,5,16,178,structural,70.6531,73.826,71.5838,0.0,0,0,0,1,21,277,277,277,30799634432,30799634432,30799634432,6.07,0.021,0.9,0.1,0.35,0.65,0.35,0.65
Qwen/Qwen2.5-7B-Instruct,NVIDIA GeForce RTX 5060 Ti,42,MultiFieldQA-en,5,16,179,structural,52.433,0.0,0.0,0.0,0,1,1,1,119,375,375,375,56448000000,56448000000,56448000000,6.07,0.021,0.9,0.1,0.35,0.65,0.35,0.65
Qwen/Qwen2.5-7B-Instruct,NVIDIA GeForce RTX 5060 Ti,42,MultiFieldQA-en,5,16,180,semantic,0.0,47.4383,50.4609,0.0,1,0,0,1,116,372,372,372,55548444672,55548444672,55548444672,6.07,0.021,0.9,0.1,0.35,0.65,0.35,0.65
Qwen/Qwen2.5-7B-Instruct,NVIDIA GeForce RTX 5060 Ti,42,MultiFieldQA-en,5,16,181,structural,52.8995,61.7665,0.0,53.7218,0,0,1,0,142,398,398,398,63584632832,63584632832,63584632832,6.07,0.021,0.9,0.1,0.35,0.65,0.35,0.65
Qwen/Qwen2.5-7B-Instruct,NVIDIA GeForce RTX 5060 Ti,42,MultiFieldQA-en,5,16,182,multi-hop,51.7158,0.0,51.5415,52.2876,0,1,0,0,68,324,324,324,42138206208,42138206208,42138206208,6.07,0.021,0.9,0.1,0.35,0.65,0.35,0.65
Qwen/Qwen2.5-7B-Instruct,NVIDIA GeForce RTX 5060 Ti,42,MultiFieldQA-en,5,16,183,multi-hop,40.4577,0.0,0.0,0.0,0,1,1,1,1,10,10,57,40140800,40140800,1304174592,6.07,0.021,0.9,0.1,0.35,0.65,0.35,0.65
Qwen/Qwen2.5-7B-Instruct,NVIDIA GeForce RTX 5060 Ti,42,MultiFieldQA-en,5,16,184,structural,51.689,53.0412,52.6424,0.0,0,0,0,1,60,316,316,316,40082997248,40082997248,40082997248,6.07,0.021,0.9,0.1,0.35,0.65,0.35,0.65
Qwen/Qwen2.5-7B-Instruct,NVIDIA GeForce RTX 5060 Ti,42,MultiFieldQA-en,5,16,185,multi-hop,51.0954,0.0,52.1163,50.569,0,1,0,0,51,307,307,307,37832302592,37832302592,37832302592,6.07,0.021,0.9,0.1,0.35,0.65,0.35,0.65
Qwen/Qwen2.5-7B-Instruct,NVIDIA GeForce RTX 5060 Ti,42,MultiFieldQA-en,5,16,186,semantic,44.002,0.0,47.105,0.0,0,1,0,1,84,340,340,340,46402764800,46402764800,46402764800,6.07,0.021,0.9,0.1,0.35,0.65,0.35,0.65
Qwen/Qwen2.5-7B-Instruct,NVIDIA GeForce RTX 5060 Ti,42,MultiFieldQA-en,5,16,187,multi-hop,68.2903,70.7642,70.3524,0.0,0,0,0,1,99,355,355,355,50587443200,50587443200,50587443200,6.07,0.021,0.9,0.1,0.35,0.65,0.35,0.65
Qwen/Qwen2.5-7B-Instruct,NVIDIA GeForce RTX 5060 Ti,42,MultiFieldQA-en,5,16,188,multi-hop,46.9281,0.0,47.7855,46.033,0,1,0,0,15,271,271,271,29479804928,29479804928,29479804928,6.07,0.021,0.9,0.1,0.35,0.65,0.35,0.65
Qwen/Qwen2.5-7B-Instruct,NVIDIA GeForce RTX 5060 Ti,42,MultiFieldQA-en,5,16,189,structural,45.3544,47.6652,47.954,47.8083,0,0,0,0,11,267,267,267,28615974912,28615974912,28615974912,6.07,0.021,0.9,0.1,0.35,0.65,0.35,0.65
Qwen/Qwen2.5-7B-Instruct,NVIDIA GeForce RTX 5060 Ti,42,MultiFieldQA-en,5,16,190,structural,52.1313,55.4666,54.8861,0.0,0,0,0,1,106,362,362,362,52602109952,52602109952,52602109952,6.07,0.021,0.9,0.1,0.35,0.65,0.35,0.65
Qwen/Qwen2.5-7B-Instruct,NVIDIA GeForce RTX 5060 Ti,42,MultiFieldQA-en,5,16,191,structural,52.5879,0.0,54.8744,53.4618,0,1,0,0,112,368,368,368,54360276992,54360276992,54360276992,6.07,0.021,0.9,0.1,0.35,0.65,0.35,0.65
Qwen/Qwen2.5-7B-Instruct,NVIDIA GeForce RTX 5060 Ti,42,MultiFieldQA-en,5,16,192,multi-hop,50.9913,0.0,0.0,0.0,0,1,1,1,59,315,315,315,39829708800,39829708800,39829708800,6.07,0.021,0.9,0.1,0.35,0.65,0.35,0.65
Qwen/Qwen2.5-7B-Instruct,NVIDIA GeForce RTX 5060 Ti,42,MultiFieldQA-en,5,16,193,semantic,51.4642,0.0,52.8487,0.0,0,1,0,1,116,372,372,372,55548444672,55548444672,55548444672,6.07,0.021,0.9,0.1,0.35,0.65,0.35,0.65
Qwen/Qwen2.5-7B-Instruct,NVIDIA GeForce RTX 5060 Ti,42,MultiFieldQA-en,5,16,194,multi-hop,52.3287,54.6408,48.2023,47.5466,0,0,0,0,19,275,275,275,30356480000,30356480000,30356480000,6.07,0.021,0.9,0.1,0.35,0.65,0.35,0.65
Qwen/Qwen2.5-7B-Instruct,NVIDIA GeForce RTX 5060 Ti,42,MultiFieldQA-en,5,16,195,multi-hop,48.3263,0.0,0.0,0.0,0,1,1,1,93,349,349,349,48891895808,48891895808,48891895808,6.07,0.021,0.9,0.1,0.35,0.65,0.35,0.65
Qwen/Qwen2.5-7B-Instruct,NVIDIA GeForce RTX 5060 Ti,42,MultiFieldQA-en,5,16,196,multi-hop,47.5997,0.0,0.0,48.6945,0,1,1,0,109,365,365,365,53477580800,53477580800,53477580800,6.07,0.021,0.9,0.1,0.35,0.65,0.35,0.65
Qwen/Qwen2.5-7B-Instruct,NVIDIA GeForce RTX 5060 Ti,42,MultiFieldQA-en,5,16,197,semantic,47.5863,0.0,0.0,0.0,0,1,1,1,80,336,336,336,45317357568,45317357568,45317357568,6.07,0.021,0.9,0.1,0.35,0.65,0.35,0.65
Qwen/Qwen2.5-7B-Instruct,NVIDIA GeForce RTX 5060 Ti,42,MultiFieldQA-en,5,16,198,semantic,47.0805,0.0,0.0,0.0,0,1,1,1,92,348,348,348,48612114432,48612114432,48612114432,6.07,0.021,0.9,0.1,0.35,0.65,0.35,0.65
Qwen/Qwen2.5-7B-Instruct,NVIDIA GeForce RTX 5060 Ti,42,MultiFieldQA-en,5,16,199,semantic,47.451,0.0,0.0,0.0,0,1,1,1,76,332,332,332,44244795392,44244795392,44244795392,6.07,0.021,0.9,0.1,0.35,0.65,0.35,0.65
Qwen/Qwen2.5-7B-Instruct,NVIDIA GeForce RTX 5060 Ti,42,MultiFieldQA-en,5,16,200,multi-hop,38.7338,45.7635,38.0167,37.8444,0,0,0,0,151,407,407,407,66492833792,66492833792,66492833792,6.07,0.021,0.9,0.1,0.35,0.65,0.35,0.65
Qwen/Qwen2.5-7B-Instruct,NVIDIA GeForce RTX 5060 Ti,42,MultiFieldQA-en,5,16,201,multi-hop,64.1236,0.0,66.6024,66.7723,0,1,0,0,138,394,394,394,62312972288,62312972288,62312972288,6.07,0.021,0.9,0.1,0.35,0.65,0.35,0.65
Qwen/Qwen2.5-7B-Instruct,NVIDIA GeForce RTX 5060 Ti,42,MultiFieldQA-en,5,16,202,semantic,47.7308,0.0,48.5147,49.0525,0,1,0,0,23,279,279,279,31246000128,31246000128,31246000128,6.07,0.021,0.9,0.1,0.35,0.65,0.35,0.65
Qwen/Qwen2.5-7B-Instruct,NVIDIA GeForce RTX 5060 Ti,42,MultiFieldQA-en,5,16,203,semantic,64.08,0.0,0.0,0.0,0,1,1,1,53,309,309,309,38326837248,38326837248,38326837248,6.07,0.021,0.9,0.1,0.35,0.65,0.35,0.65
Qwen/Qwen2.5-7B-Instruct,NVIDIA GeForce RTX 5060 Ti,42,MultiFieldQA-en,5,16,204,multi-hop,52.5051,48.5719,0.0,0.0,0,0,1,1,104,360,360,360,52022476800,52022476800,52022476800,6.07,0.021,0.9,0.1,0.35,0.65,0.35,0.65
Qwen/Qwen2.5-7B-Instruct,NVIDIA GeForce RTX 5060 Ti,42,MultiFieldQA-en,5,16,205,multi-hop,43.1724,43.7084,42.4034,0.0,0,0,0,1,119,375,375,375,56448000000,56448000000,56448000000,6.07,0.021,0.9,0.1,0.35,0.65,0.35,0.65
Qwen/Qwen2.5-7B-Instruct,NVIDIA GeForce RTX 5060 Ti,42,MultiFieldQA-en,5,16,206,multi-hop,49.0128,0.0,0.0,53.9974,0,1,1,0,105,361,361,361,52311891968,52311891968,52311891968,6.07,0.021,0.9,0.1,0.35,0.65,0.35,0.65
Qwen/Qwen2.5-7B-Instruct,NVIDIA GeForce RTX 5060 Ti,42,MultiFieldQA-en,5,16,207,multi-hop,51.866,0.0,0.0,53.1089,0,1,1,0,92,348,348,348,48612114432,48612114432,48612114432,6.07,0.021,0.9,0.1,0.35,0.65,0.35,0.65
Qwen/Qwen2.5-7B-Instruct,NVIDIA GeForce RTX 5060 Ti,42,MultiFieldQA-en,5,16,208,semantic,42.3494,0.0,0.0,0.0,0,1,1,1,5,99,95,95,3934199808,3622707200,3622707200,6.07,0.021,0.9,0.1,0.35,0.65,0.35,0.65
Qwen/Qwen2.5-7B-Instruct,NVIDIA GeForce RTX 5060 Ti,42,MultiFieldQA-en,5,16,209,semantic,42.4493,0.0,42.8751,49.5542,0,1,0,0,247,503,503,503,101559836672,101559836672,101559836672,6.07,0.021,0.9,0.1,0.35,0.65,0.35,0.65
Qwen/Qwen2.5-7B-Instruct,NVIDIA GeForce RTX 5060 Ti,42,MultiFieldQA-en,5,16,210,multi-hop,47.645,0.0,47.3803,47.8037,0,1,0,0,78,334,334,334,44779470848,44779470848,44779470848,6.07,0.021,0.9,0.1,0.35,0.65,0.35,0.65
Qwen/Qwen2.5-7B-Instruct,NVIDIA GeForce RTX 5060 Ti,42,MultiFieldQA-en,5,16,211,multi-hop,48.2352,46.2803,45.9602,46.174,0,0,0,0,1,10,10,10,40140800,40140800,40140800,6.07,0.021,0.9,0.1,0.35,0.65,0.35,0.65
Qwen/Qwen2.5-7B-Instruct,NVIDIA GeForce RTX 5060 Ti,42,MultiFieldQA-en,5,16,212,semantic,46.3806,0.0,48.2005,0.0,0,1,0,1,19,275,275,275,30356480000,30356480000,30356480000,6.07,0.021,0.9,0.1,0.35,0.65,0.35,0.65
Qwen/Qwen2.5-7B-Instruct,NVIDIA GeForce RTX 5060 Ti,42,MultiFieldQA-en,5,16,213,structural,52.8799,0.0,0.0,0.0,0,1,1,1,86,342,342,342,46950285312,46950285312,46950285312,6.07,0.021,0.9,0.1,0.35,0.65,0.35,0.65
Qwen/Qwen2.5-7B-Instruct,NVIDIA GeForce RTX 5060 Ti,42,MultiFieldQA-en,5,16,214,multi-hop,47.6162,0.0,0.0,49.7032,0,1,1,0,77,333,333,333,44511731712,44511731712,44511731712,6.07,0.021,0.9,0.1,0.35,0.65,0.35,0.65
Qwen/Qwen2.5-7B-Instruct,NVIDIA GeForce RTX 5060 Ti,42,MultiFieldQA-en,5,16,215,multi-hop,53.0612,50.3932,0.0,0.0,0,0,1,1,92,348,348,348,48612114432,48612114432,48612114432,6.07,0.021,0.9,0.1,0.35,0.65,0.35,0.65
Qwen/Qwen2.5-7B-Instruct,NVIDIA GeForce RTX 5060 Ti,42,MultiFieldQA-en,5,16,216,multi-hop,52.4549,0.0,56.1466,54.532,0,1,0,0,101,357,357,357,51159048192,51159048192,51159048192,6.07,0.021,0.9,0.1,0.35,0.65,0.35,0.65
Qwen/Qwen2.5-7B-Instruct,NVIDIA GeForce RTX 5060 Ti,42,MultiFieldQA-en,5,16,217,semantic,58.5625,0.0,0.0,56.686,0,1,1,0,94,350,350,350,49172480000,49172480000,49172480000,6.07,0.021,0.9,0.1,0.35,0.65,0.35,0.65
Qwen/Qwen2.5-7B-Instruct,NVIDIA GeForce RTX 5060 Ti,42,MultiFieldQA-en,5,16,218,semantic,52.3916,0.0,0.0,0.0,0,1,1,1,138,394,394,394,62312972288,62312972288,62312972288,6.07,0.021,0.9,0.1,0.35,0.65,0.35,0.65
Qwen/Qwen2.5-7B-Instruct,NVIDIA GeForce RTX 5060 Ti,42,MultiFieldQA-en,5,16,219,structural,42.2475,0.0,0.0,0.0,0,1,1,1,1,10,10,57,40140800,40140800,1304174592,6.07,0.021,0.9,0.1,0.35,0.65,0.35,0.65
Qwen/Qwen2.5-7B-Instruct,NVIDIA GeForce RTX 5060 Ti,42,MultiFieldQA-en,5,16,220,multi-hop,72.287,0.0,0.0,0.0,0,1,1,1,11,267,267,267,28615974912,28615974912,28615974912,6.07,0.021,0.9,0.1,0.35,0.65,0.35,0.65
Qwen/Qwen2.5-7B-Instruct,NVIDIA GeForce RTX 5060 Ti,42,MultiFieldQA-en,5,16,221,semantic,52.8267,0.0,0.0,0.0,0,1,1,1,65,321,321,321,41361481728,41361481728,41361481728,6.07,0.021,0.9,0.1,0.35,0.65,0.35,0.65
Qwen/Qwen2.5-7B-Instruct,NVIDIA GeForce RTX 5060 Ti,42,MultiFieldQA-en,5,16,222,structural,52.559,54.3333,49.4837,0.0,0,0,0,1,142,398,398,398,63584632832,63584632832,63584632832,6.07,0.021,0.9,0.1,0.35,0.65,0.35,0.65
Qwen/Qwen2.5-7B-Instruct,NVIDIA GeForce RTX 5060 Ti,42,MultiFieldQA-en,5,16,223,multi-hop,66.5027,0.0,66.3579,66.8694,0,1,0,0,48,304,304,304,37096521728,37096521728,37096521728,6.07,0.021,0.9,0.1,0.35,0.65,0.35,0.65
Qwen/Qwen2.5-7B-Instruct,NVIDIA GeForce RTX 5060 Ti,42,MultiFieldQA-en,5,16,224,multi-hop,41.7725,43.6227,0.0,0.0,0,0,1,1,121,377,377,377,57051717632,57051717632,57051717632,6.07,0.021,0.9,0.1,0.35,0.65,0.35,0.65
Qwen/Qwen2.5-7B-Instruct,NVIDIA GeForce RTX 5060 Ti,42,MultiFieldQA-en,5,16,225,structural,46.7583,47.6126,43.3539,0.0,0,0,0,1,124,380,380,380,57963315200,57963315200,57963315200,6.07,0.021,0.9,0.1,0.35,0.65,0.35,0.65
Qwen/Qwen2.5-7B-Instruct,NVIDIA GeForce RTX 5060 Ti,42,MultiFieldQA-en,5,16,226,semantic,42.6172,0.0,0.0,0.0,0,1,1,1,37,293,293,293,34460475392,34460475392,34460475392,6.07,0.021,0.9,0.1,0.35,0.65,0.35,0.65
Qwen/Qwen2.5-7B-Instruct,NVIDIA GeForce RTX 5060 Ti,42,MultiFieldQA-en,5,16,227,semantic,65.5355,0.0,66.6853,67.2843,0,1,0,0,125,381,381,381,58268786688,58268786688,58268786688,6.07,0.021,0.9,0.1,0.35,0.65,0.35,0.65
Qwen/Qwen2.5-7B-Instruct,NVIDIA GeForce RTX 5060 Ti,42,MultiFieldQA-en,5,16,228,structural,39.6471,0.0,0.0,0.0,0,1,1,1,112,368,368,368,54360276992,54360276992,54360276992,6.07,0.021,0.9,0.1,0.35,0.65,0.35,0.65
Qwen/Qwen2.5-7B-Instruct,NVIDIA GeForce RTX 5060 Ti,42,MultiFieldQA-en,5,16,229,multi-hop,44.805,0.0,47.3262,47.1163,0,1,0,0,45,301,301,301,36367966208,36367966208,36367966208,6.07,0.021,0.9,0.1,0.35,0.65,0.35,0.65
Qwen/Qwen2.5-7B-Instruct,NVIDIA GeForce RTX 5060 Ti,42,MultiFieldQA-en,5,16,230,structural,45.4496,52.3301,47.1166,45.3275,0,0,0,0,18,274,274,274,30136107008,30136107008,30136107008,6.07,0.021,0.9,0.1,0.35,0.65,0.35,0.65
Qwen/Qwen2.5-7B-Instruct,NVIDIA GeForce RTX 5060 Ti,42,MultiFieldQA-en,5,16,231,semantic,70.1167,0.0,0.0,0.0,0,1,1,1,177,433,433,433,75259584512,75259584512,75259584512,6.07,0.021,0.9,0.1,0.35,0.65,0.35,0.65
Qwen/Qwen2.5-7B-Instruct,NVIDIA GeForce RTX 5060 Ti,42,MultiFieldQA-en,5,16,232,structural,52.5054,58.686,53.3026,0.0,0,0,0,1,11,267,267,267,28615974912,28615974912,28615974912,6.07,0.021,0.9,0.1,0.35,0.65,0.35,0.65
Qwen/Qwen2.5-7B-Instruct,NVIDIA GeForce RTX 5060 Ti,42,MultiFieldQA-en,5,16,233,structural,52.1258,54.5946,52.8538,0.0,0,0,0,1,92,348,348,348,48612114432,48612114432,48612114432,6.07,0.021,0.9,0.1,0.35,0.65,0.35,0.65
Qwen/Qwen2.5-7B-Instruct,NVIDIA GeForce RTX 5060 Ti,42,MultiFieldQA-en,5,16,234,semantic,71.4384,0.0,0.0,0.0,0,1,1,1,114,370,370,370,54952755200,54952755200,54952755200,6.07,0.021,0.9,0.1,0.35,0.65,0.35,0.65
Qwen/Qwen2.5-7B-Instruct,NVIDIA GeForce RTX 5060 Ti,42,MultiFieldQA-en,5,16,235,multi-hop,0.0,0.0,74.411,0.0,1,1,0,1,125,381,381,381,58268786688,58268786688,58268786688,6.07,0.021,0.9,0.1,0.35,0.65,0.35,0.65
Qwen/Qwen2.5-7B-Instruct,NVIDIA GeForce RTX 5060 Ti,42,MultiFieldQA-en,5,16,236,multi-hop,59.6803,0.0,52.4057,51.6774,0,1,0,0,136,392,392,257,61681958912,61681958912,26512596992,6.07,0.021,0.9,0.1,0.35,0.65,0.35,0.65
Qwen/Qwen2.5-7B-Instruct,NVIDIA GeForce RTX 5060 Ti,42,MultiFieldQA-en,5,16,237,structural,53.1331,54.0227,0.0,0.0,0,0,1,1,88,344,344,344,47501017088,47501017088,47501017088,6.07,0.021,0.9,0.1,0.35,0.65,0.35,0.65
Qwen/Qwen2.5-7B-Instruct,NVIDIA GeForce RTX 5060 Ti,42,MultiFieldQA-en,5,16,238,multi-hop,51.459,51.9289,50.7372,0.0,0,0,0,1,43,299,299,299,35886276608,35886276608,35886276608,6.07,0.021,0.9,0.1,0.35,0.65,0.35,0.65
Qwen/Qwen2.5-7B-Instruct,NVIDIA GeForce RTX 5060 Ti,42,MultiFieldQA-en,5,16,239,structural,67.3589,70.4904,70.5662,0.0,0,0,0,1,20,276,276,276,30577655808,30577655808,30577655808,6.07,0.021,0.9,0.1,0.35,0.65,0.35,0.65
Qwen/Qwen2.5-7B-Instruct,NVIDIA GeForce RTX 5060 Ti,42,MultiFieldQA-en,5,16,240,multi-hop,50.6635,0.0,0.0,51.0827,0,1,1,0,111,367,367,367,54065242112,54065242112,54065242112,6.07,0.021,0.9,0.1,0.35,0.65,0.35,0.65
Qwen/Qwen2.5-7B-Instruct,NVIDIA GeForce RTX 5060 Ti,42,MultiFieldQA-en,5,16,241,multi-hop,50.3563,0.0,0.0,0.0,0,1,1,1,122,378,378,378,57354780672,57354780672,57354780672,6.07,0.021,0.9,0.1,0.35,0.65,0.35,0.65
Qwen/Qwen2.5-7B-Instruct,NVIDIA GeForce RTX 5060 Ti,42,MultiFieldQA-en,5,16,242,multi-hop,51.9381,55.0722,54.4168,0.0,0,0,0,1,86,342,342,342,46950285312,46950285312,46950285312,6.07,0.021,0.9,0.1,0.35,0.65,0.35,0.65
Qwen/Qwen2.5-7B-Instruct,NVIDIA GeForce RTX 5060 Ti,42,MultiFieldQA-en,5,16,243,multi-hop,0.0,73.3456,72.4021,74.4958,1,0,0,0,23,279,279,279,31246000128,31246000128,31246000128,6.07,0.021,0.9,0.1,0.35,0.65,0.35,0.65
Qwen/Qwen2.5-7B-Instruct,NVIDIA GeForce RTX 5060 Ti,42,MultiFieldQA-en,5,16,244,semantic,91.1739,0.0,0.0,93.8179,0,1,1,0,289,545,545,545,119228211200,119228211200,119228211200,6.07,0.021,0.9,0.1,0.35,0.65,0.35,0.65
Qwen/Qwen2.5-7B-Instruct,NVIDIA GeForce RTX 5060 Ti,42,MultiFieldQA-en,5,16,245,multi-hop,70.1697,73.5305,70.8034,0.0,0,0,0,1,83,339,339,339,46130208768,46130208768,46130208768,6.07,0.021,0.9,0.1,0.35,0.65,0.35,0.65
Qwen/Qwen2.5-7B-Instruct,NVIDIA GeForce RTX 5060 Ti,42,MultiFieldQA-en,5,16,246,structural,53.4406,0.0,0.0,0.0,0,1,1,1,100,356,356,356,50872844288,50872844288,50872844288,6.07,0.021,0.9,0.1,0.35,0.65,0.35,0.65
Qwen/Qwen2.5-7B-Instruct,NVIDIA GeForce RTX 5060 Ti,42,MultiFieldQA-en,5,16,247,structural,52.9857,55.744,0.0,0.0,0,0,1,1,37,293,293,293,34460475392,34460475392,34460475392,6.07,0.021,0.9,0.1,0.35,0.65,0.35,0.65
Qwen/Qwen2.5-7B-Instruct,NVIDIA GeForce RTX 5060 Ti,42,MultiFieldQA-en,5,16,248,semantic,48.135,0.0,51.3747,50.2598,0,1,0,0,127,383,383,383,58882138112,58882138112,58882138112,6.07,0.021,0.9,0.1,0.35,0.65,0.35,0.65
Qwen/Qwen2.5-7B-Instruct,NVIDIA GeForce RTX 5060 Ti,42,MultiFieldQA-en,5,16,249,multi-hop,47.6517,0.0,48.6314,48.2376,0,1,0,0,33,289,289,289,33525997568,33525997568,33525997568,6.07,0.021,0.9,0.1,0.35,0.65,0.35,0.65
Qwen/Qwen2.5-7B-Instruct,NVIDIA GeForce RTX 5060 Ti,42,MultiFieldQA-en,5,16,250,semantic,66.4416,0.0,0.0,0.0,0,1,1,1,149,405,405,405,65840947200,65840947200,65840947200,6.07,0.021,0.9,0.1,0.35,0.65,0.35,0.65
Qwen/Qwen2.5-7B-Instruct,NVIDIA GeForce RTX 5060 Ti,42,MultiFieldQA-en,5,16,251,multi-hop,49.4989,51.6683,0.0,0.0,0,0,1,1,87,343,343,343,47225249792,47225249792,47225249792,6.07,0.021,0.9,0.1,0.35,0.65,0.35,0.65
Qwen/Qwen2.5-7B-Instruct,NVIDIA GeForce RTX 5060 Ti,42,MultiFieldQA-en,5,16,252,multi-hop,51.7306,0.0,0.0,0.0,0,1,1,1,86,342,342,342,46950285312,46950285312,46950285312,6.07,0.021,0.9,0.1,0.35,0.65,0.35,0.65
Qwen/Qwen2.5-7B-Instruct,NVIDIA GeForce RTX 5060 Ti,42,MultiFieldQA-en,5,16,253,multi-hop,50.7527,51.0954,0.0,0.0,0,0,1,1,119,375,375,375,56448000000,56448000000,56448000000,6.07,0.021,0.9,0.1,0.35,0.65,0.35,0.65
Qwen/Qwen2.5-7B-Instruct,NVIDIA GeForce RTX 5060 Ti,42,MultiFieldQA-en,5,16,254,multi-hop,48.286,55.0364,48.7851,47.6239,0,0,0,0,79,335,335,335,45048012800,45048012800,45048012800,6.07,0.021,0.9,0.1,0.35,0.65,0.35,0.65
Qwen/Qwen2.5-7B-Instruct,NVIDIA GeForce RTX 5060 Ti,42,MultiFieldQA-en,5,16,255,multi-hop,48.9948,51.0344,0.0,0.0,0,0,1,1,48,304,304,304,37096521728,37096521728,37096521728,6.07,0.021,0.9,0.1,0.35,0.65,0.35,0.65
Qwen/Qwen2.5-7B-Instruct,NVIDIA GeForce RTX 5060 Ti,42,MultiFieldQA-en,5,16,256,multi-hop,48.2461,51.7673,49.6333,0.0,0,0,0,1,106,362,362,362,52602109952,52602109952,52602109952,6.07,0.021,0.9,0.1,0.35,0.65,0.35,0.65
Qwen/Qwen2.5-7B-Instruct,NVIDIA GeForce RTX 5060 Ti,42,MultiFieldQA-en,5,16,257,semantic,48.2653,0.0,50.184,0.0,0,1,0,1,109,365,365,365,53477580800,53477580800,53477580800,6.07,0.021,0.9,0.1,0.35,0.65,0.35,0.65
Qwen/Qwen2.5-7B-Instruct,NVIDIA GeForce RTX 5060 Ti,42,MultiFieldQA-en,5,16,258,multi-hop,63.2118,0.0,67.702,71.0172,0,1,0,0,48,304,304,304,37096521728,37096521728,37096521728,6.07,0.021,0.9,0.1,0.35,0.65,0.35,0.65
Qwen/Qwen2.5-7B-Instruct,NVIDIA GeForce RTX 5060 Ti,42,MultiFieldQA-en,5,16,259,multi-hop,41.0076,0.0,45.8354,47.4236,0,1,0,0,118,374,374,374,56147345408,56147345408,56147345408,6.07,0.021,0.9,0.1,0.35,0.65,0.35,0.65
Qwen/Qwen2.5-7B-Instruct,NVIDIA GeForce RTX 5060 Ti,42,MultiFieldQA-en,5,16,260,structural,46.5387,53.0019,46.1708,46.8267,0,0,0,0,110,366,366,366,53771010048,53771010048,53771010048,6.07,0.021,0.9,0.1,0.35,0.65,0.35,0.65
Qwen/Qwen2.5-7B-Instruct,NVIDIA GeForce RTX 5060 Ti,42,MultiFieldQA-en,5,16,261,semantic,50.0872,0.0,0.0,0.0,0,1,1,1,101,357,357,357,51159048192,51159048192,51159048192,6.07,0.021,0.9,0.1,0.35,0.65,0.35,0.65
Qwen/Qwen2.5-7B-Instruct,NVIDIA GeForce RTX 5060 Ti,42,MultiFieldQA-en,5,16,262,multi-hop,52.3843,49.168,49.4238,0.0,0,0,0,1,6,83,262,262,2765299712,27554250752,27554250752,6.07,0.021,0.9,0.1,0.35,0.65,0.35,0.65
Qwen/Qwen2.5-7B-Instruct,NVIDIA GeForce RTX 5060 Ti,42,MultiFieldQA-en,5,16,263,semantic,65.6314,0.0,65.8144,66.4851,0,1,0,0,37,293,293,293,34460475392,34460475392,34460475392,6.07,0.021,0.9,0.1,0.35,0.65,0.35,0.65
Qwen/Qwen2.5-7B-Instruct,NVIDIA GeForce RTX 5060 Ti,42,MultiFieldQA-en,5,16,264,semantic,38.547,0.0,38.4116,38.4377,0,1,0,0,1,10,10,10,40140800,40140800,40140800,6.07,0.021,0.9,0.1,0.35,0.65,0.35,0.65
Qwen/Qwen2.5-7B-Instruct,NVIDIA GeForce RTX 5060 Ti,42,MultiFieldQA-en,5,16,265,semantic,51.8075,0.0,48.1513,47.8663,0,1,0,0,125,381,381,381,58268786688,58268786688,58268786688,6.07,0.021,0.9,0.1,0.35,0.65,0.35,0.65
Qwen/Qwen2.5-7B-Instruct,NVIDIA GeForce RTX 5060 Ti,42,MultiFieldQA-en,5,16,266,semantic,48.689,0.0,49.3105,48.2933,0,1,0,0,69,325,325,325,42398720000,42398720000,42398720000,6.07,0.021,0.9,0.1,0.35,0.65,0.35,0.65
Qwen/Qwen2.5-7B-Instruct,NVIDIA GeForce RTX 5060 Ti,42,MultiFieldQA-en,5,16,267,structural,47.5176,48.7376,48.5746,0.0,0,0,0,1,107,363,363,363,52893130752,52893130752,52893130752,6.07,0.021,0.9,0.1,0.35,0.65,0.35,0.65
Qwen/Qwen2.5-7B-Instruct,NVIDIA GeForce RTX 5060 Ti,42,MultiFieldQA-en,5,16,268,structural,49.179,0.0,0.0,0.0,0,1,1,1,93,349,349,349,48891895808,48891895808,48891895808,6.07,0.021,0.9,0.1,0.35,0.65,0.35,0.65
Qwen/Qwen2.5-7B-Instruct,NVIDIA GeForce RTX 5060 Ti,42,MultiFieldQA-en,5,16,269,semantic,45.7772,0.0,47.1932,45.749,0,1,0,0,3,259,259,259,26926850048,26926850048,26926850048,6.07,0.021,0.9,0.1,0.35,0.65,0.35,0.65
Qwen/Qwen2.5-7B-Instruct,NVIDIA GeForce RTX 5060 Ti,42,MultiFieldQA-en,5,16,270,multi-hop,56.0472,0.0,53.8317,54.8973,0,1,0,0,142,398,398,398,63584632832,63584632832,63584632832,6.07,0.021,0.9,0.1,0.35,0.65,0.35,0.65
Qwen/Qwen2.5-7B-Instruct,NVIDIA GeForce RTX 5060 Ti,42,MultiFieldQA-en,5,16,271,multi-hop,52.4679,0.0,53.4013,61.1361,0,1,0,0,110,366,366,366,53771010048,53771010048,53771010048,6.07,0.021,0.9,0.1,0.35,0.65,0.35,0.65
Qwen/Qwen2.5-7B-Instruct,NVIDIA GeForce RTX 5060 Ti,42,MultiFieldQA-en,5,16,272,semantic,52.8158,0.0,52.6928,0.0,0,1,0,1,110,366,366,366,53771010048,53771010048,53771010048,6.07,0.021,0.9,0.1,0.35,0.65,0.35,0.65
Qwen/Qwen2.5-7B-Instruct,NVIDIA GeForce RTX 5060 Ti,42,MultiFieldQA-en,5,16,273,multi-hop,53.3129,54.5051,53.4933,0.0,0,0,0,1,93,349,349,349,48891895808,48891895808,48891895808,6.07,0.021,0.9,0.1,0.35,0.65,0.35,0.65
Qwen/Qwen2.5-7B-Instruct,NVIDIA GeForce RTX 5060 Ti,42,MultiFieldQA-en,5,16,274,multi-hop,51.8795,55.3707,0.0,0.0,0,0,1,1,114,370,370,370,54952755200,54952755200,54952755200,6.07,0.021,0.9,0.1,0.35,0.65,0.35,0.65
Qwen/Qwen2.5-7B-Instruct,NVIDIA GeForce RTX 5060 Ti,42,MultiFieldQA-en,5,16,275,multi-hop,46.9762,0.0,49.0266,48.4978,0,1,0,0,20,276,276,276,30577655808,30577655808,30577655808,6.07,0.021,0.9,0.1,0.35,0.65,0.35,0.65
Qwen/Qwen2.5-7B-Instruct,NVIDIA GeForce RTX 5060 Ti,42,MultiFieldQA-en,5,16,276,multi-hop,47.364,0.0,0.0,48.9175,0,1,1,0,79,335,335,335,45048012800,45048012800,45048012800,6.07,0.021,0.9,0.1,0.35,0.65,0.35,0.65
Qwen/Qwen2.5-7B-Instruct,NVIDIA GeForce RTX 5060 Ti,42,MultiFieldQA-en,5,16,277,structural,66.3739,67.7037,0.0,0.0,0,0,1,1,141,397,397,397,63265513472,63265513472,63265513472,6.07,0.021,0.9,0.1,0.35,0.65,0.35,0.65
Qwen/Qwen2.5-7B-Instruct,NVIDIA GeForce RTX 5060 Ti,42,MultiFieldQA-en,5,16,278,multi-hop,63.1517,66.4476,66.2708,65.3401,0,0,0,0,27,283,283,283,32148365312,32148365312,32148365312,6.07,0.021,0.9,0.1,0.35,0.65,0.35,0.65
Qwen/Qwen2.5-7B-Instruct,NVIDIA GeForce RTX 5060 Ti,42,MultiFieldQA-en,5,16,279,structural,46.9133,49.5191,47.931,48.9827,0,0,0,0,120,376,376,376,56749457408,56749457408,56749457408,6.07,0.021,0.9,0.1,0.35,0.65,0.35,0.65
Qwen/Qwen2.5-7B-Instruct,NVIDIA GeForce RTX 5060 Ti,42,MultiFieldQA-en,5,16,280,multi-hop,53.4244,53.2291,54.0072,0.0,0,0,0,1,106,362,362,362,52602109952,52602109952,52602109952,6.07,0.021,0.9,0.1,0.35,0.65,0.35,0.65
Qwen/Qwen2.5-7B-Instruct,NVIDIA GeForce RTX 5060 Ti,42,MultiFieldQA-en,5,16,281,semantic,46.6478,0.0,0.0,0.0,0,1,1,1,135,391,391,391,61367656448,61367656448,61367656448,6.07,0.021,0.9,0.1,0.35,0.65,0.35,0.65
Qwen/Qwen2.5-7B-Instruct,NVIDIA GeForce RTX 5060 Ti,42,MultiFieldQA-en,5,16,282,semantic,54.3163,0.0,59.0447,53.2989,0,1,0,0,67,323,323,323,41878495232,41878495232,41878495232,6.07,0.021,0.9,0.1,0.35,0.65,0.35,0.65
Qwen/Qwen2.5-7B-Instruct,NVIDIA GeForce RTX 5060 Ti,42,MultiFieldQA-en,5,16,283,structural,46.0647,48.5484,47.6967,47.3804,0,0,0,0,119,375,375,375,56448000000,56448000000,56448000000,6.07,0.021,0.9,0.1,0.35,0.65,0.35,0.65
Qwen/Qwen2.5-7B-Instruct,NVIDIA GeForce RTX 5060 Ti,42,MultiFieldQA-en,5,16,284,multi-hop,70.725,70.1571,70.1799,71.8555,0,0,0,0,1,10,10,205,40140800,40140800,16869171200,6.07,0.021,0.9,0.1,0.35,0.65,0.35,0.65
Qwen/Qwen2.5-7B-Instruct,NVIDIA GeForce RTX 5060 Ti,42,MultiFieldQA-en,5,16,285,structural,44.88,47.7632,0.0,0.0,0,0,1,1,34,290,290,290,33758412800,33758412800,33758412800,6.07,0.021,0.9,0.1,0.35,0.65,0.35,0.65
Qwen/Qwen2.5-7B-Instruct,NVIDIA GeForce RTX 5060 Ti,42,MultiFieldQA-en,5,16,286,multi-hop,47.5753,0.0,0.0,0.0,0,1,1,1,101,357,357,357,51159048192,51159048192,51159048192,6.07,0.021,0.9,0.1,0.35,0.65,0.35,0.65
Qwen/Qwen2.5-7B-Instruct,NVIDIA GeForce RTX 5060 Ti,42,MultiFieldQA-en,5,16,287,structural,47.0567,60.4571,46.193,0.0,0,0,0,1,108,364,364,364,53184954368,53184954368,53184954368,6.07,0.021,0.9,0.1,0.35,0.65,0.35,0.65
Qwen/Qwen2.5-7B-Instruct,NVIDIA GeForce RTX 5060 Ti,42,MultiFieldQA-en,5,16,288,multi-hop,45.1237,0.0,45.2265,53.6552,0,1,0,0,84,340,340,340,46402764800,46402764800,46402764800,6.07,0.021,0.9,0.1,0.35,0.65,0.35,0.65
Qwen/Qwen2.5-7B-Instruct,NVIDIA GeForce RTX 5060 Ti,42,MultiFieldQA-en,5,16,289,multi-hop,51.9808,0.0,51.147,51.3436,0,1,0,0,23,279,279,279,31246000128,31246000128,31246000128,6.07,0.021,0.9,0.1,0.35,0.65,0.35,0.65
Qwen/Qwen2.5-7B-Instruct,NVIDIA GeForce RTX 5060 Ti,42,MultiFieldQA-en,5,16,290,semantic,66.684,0.0,0.0,0.0,0,1,1,1,124,380,380,380,57963315200,57963315200,57963315200,6.07,0.021,0.9,0.1,0.35,0.65,0.35,0.65
Qwen/Qwen2.5-7B-Instruct,NVIDIA GeForce RTX 5060 Ti,42,MultiFieldQA-en,5,16,291,multi-hop,50.8023,52.8054,52.1658,55.2774,0,0,0,0,67,323,323,323,41878495232,41878495232,41878495232,6.07,0.021,0.9,0.1,0.35,0.65,0.35,0.65
Qwen/Qwen2.5-7B-Instruct,NVIDIA GeForce RTX 5060 Ti,42,MultiFieldQA-en,5,16,292,multi-hop,50.6819,0.0,0.0,54.1906,0,1,1,0,110,366,366,366,53771010048,53771010048,53771010048,6.07,0.021,0.9,0.1,0.35,0.65,0.35,0.65
Qwen/Qwen2.5-7B-Instruct,NVIDIA GeForce RTX 5060 Ti,42,MultiFieldQA-en,5,16,293,multi-hop,70.2631,77.274,70.6253,72.1366,0,0,0,0,5,99,95,261,3934199808,3622707200,27344314368,6.07,0.021,0.9,0.1,0.35,0.65,0.35,0.65
Qwen/Qwen2.5-7B-Instruct,NVIDIA GeForce RTX 5060 Ti,42,MultiFieldQA-en,5,16,294,multi-hop,51.1305,53.3986,0.0,0.0,0,0,1,1,104,360,360,360,52022476800,52022476800,52022476800,6.07,0.021,0.9,0.1,0.35,0.65,0.35,0.65
Qwen/Qwen2.5-7B-Instruct,NVIDIA GeForce RTX 5060 Ti,42,MultiFieldQA-en,5,16,295,semantic,46.2034,0.0,48.7173,0.0,0,1,0,1,86,342,342,342,46950285312,46950285312,46950285312,6.07,0.021,0.9,0.1,0.35,0.65,0.35,0.65
Qwen/Qwen2.5-7B-Instruct,NVIDIA GeForce RTX 5060 Ti,42,MultiFieldQA-en,5,16,296,multi-hop,54.7066,54.6819,54.6208,0.0,0,0,0,1,21,277,277,277,30799634432,30799634432,30799634432,6.07,0.021,0.9,0.1,0.35,0.65,0.35,0.65
Qwen/Qwen2.5-7B-Instruct,NVIDIA GeForce RTX 5060 Ti,42,MultiFieldQA-en,5,16,297,multi-hop,48.2598,46.8313,48.3807,0.0,0,0,0,1,289,545,545,545,119228211200,119228211200,119228211200,6.07,0.021,0.9,0.1,0.35,0.65,0.35,0.65
Qwen/Qwen2.5-7B-Instruct,NVIDIA GeForce RTX 5060 Ti,42,MultiFieldQA-en,5,16,298,structural,54.5909,56.5807,53.955,55.4284,0,0,0,0,103,359,359,359,51733864448,51733864448,51733864448,6.07,0.021,0.9,0.1,0.35,0.65,0.35,0.65
Qwen/Qwen2.5-7B-Instruct,NVIDIA GeForce RTX 5060 Ti,42,MultiFieldQA-en,5,16,299,semantic,42.7265,0.0,46.8427,40.4884,0,1,0,0,16,272,272,272,29697769472,29697769472,29697769472,6.07,0.021,0.9,0.1,0.35,0.65,0.35,0.65
Qwen/Qwen2.5-7B-Instruct,NVIDIA GeForce RTX 5060 Ti,42,MultiFieldQA-en,5,16,300,multi-hop,41.9714,0.0,43.5092,41.8302,0,1,0,0,71,327,327,327,42922156032,42922156032,42922156032,6.07,0.021,0.9,0.1,0.35,0.65,0.35,0.65
Qwen/Qwen2.5-7B-Instruct,NVIDIA GeForce RTX 5060 Ti,42,MultiFieldQA-en,5,16,301,multi-hop,53.0216,50.7607,0.0,0.0,0,0,1,1,81,337,337,337,45587505152,45587505152,45587505152,6.07,0.021,0.9,0.1,0.35,0.65,0.35,0.65
Qwen/Qwen2.5-7B-Instruct,NVIDIA GeForce RTX 5060 Ti,42,MultiFieldQA-en,5,16,302,structural,46.6819,52.6931,47.7128,0.0,0,0,0,1,102,358,358,358,51446054912,51446054912,51446054912,6.07,0.021,0.9,0.1,0.35,0.65,0.35,0.65
Qwen/Qwen2.5-7B-Instruct,NVIDIA GeForce RTX 5060 Ti,42,MultiFieldQA-en,5,16,303,semantic,0.0,42.755,42.6107,41.6286,1,0,0,0,21,277,277,277,30799634432,30799634432,30799634432,6.07,0.021,0.9,0.1,0.35,0.65,0.35,0.65
Qwen/Qwen2.5-7B-Instruct,NVIDIA GeForce RTX 5060 Ti,42,MultiFieldQA-en,5,16,304,multi-hop,46.9836,0.0,48.024,48.5325,0,1,0,0,86,342,342,342,46950285312,46950285312,46950285312,6.07,0.021,0.9,0.1,0.35,0.65,0.35,0.65
Qwen/Qwen2.5-7B-Instruct,NVIDIA GeForce RTX 5060 Ti,42,MultiFieldQA-en,5,16,305,multi-hop,49.2487,0.0,48.9217,49.9177,0,1,0,0,106,362,362,362,52602109952,52602109952,52602109952,6.07,0.021,0.9,0.1,0.35,0.65,0.35,0.65
Qwen/Qwen2.5-7B-Instruct,NVIDIA GeForce RTX 5060 Ti,42,MultiFieldQA-en,5,16,306,semantic,40.624,0.0,0.0,0.0,0,1,1,1,6,83,262,83,2765299712,27554250752,2765299712,6.07,0.021,0.9,0.1,0.35,0.65,0.35,0.65
Qwen/Qwen2.5-7B-Instruct,NVIDIA GeForce RTX 5060 Ti,42,MultiFieldQA-en,5,16,307,semantic,47.3276,0.0,0.0,0.0,0,1,1,1,92,348,348,348,48612114432,48612114432,48612114432,6.07,0.021,0.9,0.1,0.35,0.65,0.35,0.65
Qwen/Qwen2.5-7B-Instruct,NVIDIA GeForce RTX 5060 Ti,42,MultiFieldQA-en,5,16,308,multi-hop,43.7074,45.4144,44.21,0.0,0,0,0,1,144,400,400,400,64225280000,64225280000,64225280000,6.07,0.021,0.9,0.1,0.35,0.65,0.35,0.65
Qwen/Qwen2.5-7B-Instruct,NVIDIA GeForce RTX 5060 Ti,42,MultiFieldQA-en,5,16,309,multi-hop,47.4927,0.0,0.0,47.8578,0,1,1,0,13,269,269,269,29046284288,29046284288,29046284288,6.07,0.021,0.9,0.1,0.35,0.65,0.35,0.65
Qwen/Qwen2.5-7B-Instruct,NVIDIA GeForce RTX 5060 Ti,42,MultiFieldQA-en,5,16,310,structural,38.4447,38.0557,44.7268,39.0805,0,0,0,0,20,276,276,276,30577655808,30577655808,30577655808,6.07,0.021,0.9,0.1,0.35,0.65,0.35,0.65
Qwen/Qwen2.5-7B-Instruct,NVIDIA GeForce RTX 5060 Ti,42,MultiFieldQA-en,5,16,311,multi-hop,47.7054,49.4916,49.3296,49.9069,0,0,0,0,88,344,344,344,47501017088,47501017088,47501017088,6.07,0.021,0.9,0.1,0.35,0.65,0.35,0.65
Qwen/Qwen2.5-7B-Instruct,NVIDIA GeForce RTX 5060 Ti,42,MultiFieldQA-en,5,16,312,multi-hop,48.8088,49.1528,48.959,49.2251,0,0,0,0,85,341,341,341,46676123648,46676123648,46676123648,6.07,0.021,0.9,0.1,0.35,0.65,0.35,0.65
Qwen/Qwen2.5-7B-Instruct,NVIDIA GeForce RTX 5060 Ti,42,MultiFieldQA-en,5,16,313,structural,42.5659,46.0219,0.0,42.6522,0,0,1,0,95,351,351,351,49453867008,49453867008,49453867008,6.07,0.021,0.9,0.1,0.35,0.65,0.35,0.65
Qwen/Qwen2.5-7B-Instruct,NVIDIA GeForce RTX 5060 Ti,42,MultiFieldQA-en,5,16,314,structural,48.3692,49.2785,0.0,48.3233,0,0,1,0,77,333,333,333,44511731712,44511731712,44511731712,6.07,0.021,0.9,0.1,0.35,0.65,0.35,0.65
Qwen/Qwen2.5-7B-Instruct,NVIDIA GeForce RTX 5060 Ti,42,MultiFieldQA-en,5,16,315,multi-hop,67.1182,66.5187,66.0852,0.0,0,0,0,1,83,339,339,339,46130208768,46130208768,46130208768,6.07,0.021,0.9,0.1,0.35,0.65,0.35,0.65
Qwen/Qwen2.5-7B-Instruct,NVIDIA GeForce RTX 5060 Ti,42,MultiFieldQA-en,5,16,316,semantic,65.1033,0.0,0.0,65.9015,0,1,1,0,135,391,391,391,61367656448,61367656448,61367656448,6.07,0.021,0.9,0.1,0.35,0.65,0.35,0.65
Qwen/Qwen2.5-7B-Instruct,NVIDIA GeForce RTX 5060 Ti,42,MultiFieldQA-en,5,16,317,multi-hop,48.3759,0.0,48.8795,49.6996,0,1,0,0,106,362,362,362,52602109952,52602109952,52602109952,6.07,0.021,0.9,0.1,0.35,0.65,0.35,0.65
Qwen/Qwen2.5-7B-Instruct,NVIDIA GeForce RTX 5060 Ti,42,MultiFieldQA-en,5,16,318,multi-hop,49.5822,51.6038,0.0,0.0,0,0,1,1,137,393,393,393,61997064192,61997064192,61997064192,6.07,0.021,0.9,0.1,0.35,0.65,0.35,0.65
Qwen/Qwen2.5-7B-Instruct,NVIDIA GeForce RTX 5060 Ti,42,MultiFieldQA-en,5,16,319,semantic,48.5692,0.0,0.0,0.0,0,1,1,1,73,329,329,329,43448803328,43448803328,43448803328,6.07,0.021,0.9,0.1,0.35,0.65,0.35,0.65
Qwen/Qwen2.5-7B-Instruct,NVIDIA GeForce RTX 5060 Ti,42,MultiFieldQA-en,5,16,320,multi-hop,65.7411,0.0,0.0,0.0,0,1,1,1,177,433,433,433,75259584512,75259584512,75259584512,6.07,0.021,0.9,0.1,0.35,0.65,0.35,0.65
Qwen/Qwen2.5-7B-Instruct,NVIDIA GeForce RTX 5060 Ti,42,MultiFieldQA-en,5,16,321,multi-hop,50.6601,51.7206,0.0,0.0,0,0,1,1,119,375,375,375,56448000000,56448000000,56448000000,6.07,0.021,0.9,0.1,0.35,0.65,0.35,0.65
Qwen/Qwen2.5-7B-Instruct,NVIDIA GeForce RTX 5060 Ti,42,MultiFieldQA-en,5,16,322,multi-hop,49.5596,48.6494,49.7686,53.1141,0,0,0,0,88,344,344,344,47501017088,47501017088,47501017088,6.07,0.021,0.9,0.1,0.35,0.65,0.35,0.65
Qwen/Qwen2.5-7B-Instruct,NVIDIA GeForce RTX 5060 Ti,42,MultiFieldQA-en,5,16,323,structural,0.0,0.0,0.0,0.0,1,1,1,1,141,397,397,397,63265513472,63265513472,63265513472,6.07,0.021,0.9,0.1,0.35,0.65,0.35,0.65
Qwen/Qwen2.5-7B-Instruct,NVIDIA GeForce RTX 5060 Ti,42,MultiFieldQA-en,5,16,324,semantic,53.6994,0.0,0.0,0.0,0,1,1,1,10,266,266,266,28402024448,28402024448,28402024448,6.07,0.021,0.9,0.1,0.35,0.65,0.35,0.65
Qwen/Qwen2.5-7B-Instruct,NVIDIA GeForce RTX 5060 Ti,42,MultiFieldQA-en,5,16,325,semantic,55.5427,0.0,54.009,53.5682,0,1,0,0,127,383,383,383,58882138112,58882138112,58882138112,6.07,0.021,0.9,0.1,0.35,0.65,0.35,0.65
Qwen/Qwen2.5-7B-Instruct,NVIDIA GeForce RTX 5060 Ti,42,MultiFieldQA-en,5,16,326,multi-hop,48.4656,45.1945,44.7671,0.0,0,0,0,1,116,372,372,372,55548444672,55548444672,55548444672,6.07,0.021,0.9,0.1,0.35,0.65,0.35,0.65
Qwen/Qwen2.5-7B-Instruct,NVIDIA GeForce RTX 5060 Ti,42,MultiFieldQA-en,5,16,327,structural,51.8743,0.0,0.0,0.0,0,1,1,1,151,407,407,407,66492833792,66492833792,66492833792,6.07,0.021,0.9,0.1,0.35,0.65,0.35,0.65
Qwen/Qwen2.5-7B-Instruct,NVIDIA GeForce RTX 5060 Ti,42,MultiFieldQA-en,5,16,328,multi-hop,49.0698,0.0,50.9037,51.3224,0,1,0,0,26,282,282,282,31921569792,31921569792,31921569792,6.07,0.021,0.9,0.1,0.35,0.65,0.35,0.65
Qwen/Qwen2.5-7B-Instruct,NVIDIA GeForce RTX 5060 Ti,42,MultiFieldQA-en,5,16,329,multi-hop,47.8583,50.9288,49.3967,50.6666,0,0,0,0,104,360,360,360,52022476800,52022476800,52022476800,6.07,0.021,0.9,0.1,0.35,0.65,0.35,0.65
Qwen/Qwen2.5-7B-Instruct,NVIDIA GeForce RTX 5060 Ti,42,MultiFieldQA-en,5,16,330,structural,50.0532,50.7989,49.3367,51.1183,0,0,0,0,181,437,437,437,76656484352,76656484352,76656484352,6.07,0.021,0.9,0.1,0.35,0.65,0.35,0.65
Qwen/Qwen2.5-7B-Instruct,NVIDIA GeForce RTX 5060 Ti,42,MultiFieldQA-en,5,16,331,multi-hop,54.7886,0.0,53.0274,51.7012,0,1,0,0,23,279,279,279,31246000128,31246000128,31246000128,6.07,0.021,0.9,0.1,0.35,0.65,0.35,0.65
Qwen/Qwen2.5-7B-Instruct,NVIDIA GeForce RTX 5060 Ti,42,MultiFieldQA-en,5,16,332,multi-hop,52.2682,0.0,0.0,0.0,0,1,1,1,107,363,363,363,52893130752,52893130752,52893130752,6.07,0.021,0.9,0.1,0.35,0.65,0.35,0.65
Qwen/Qwen2.5-7B-Instruct,NVIDIA GeForce RTX 5060 Ti,42,MultiFieldQA-en,5,16,333,semantic,0.0,0.0,68.5106,68.1816,1,1,0,0,117,373,373,373,55847493632,55847493632,55847493632,6.07,0.021,0.9,0.1,0.35,0.65,0.35,0.65
Qwen/Qwen2.5-7B-Instruct,NVIDIA GeForce RTX 5060 Ti,42,MultiFieldQA-en,5,16,334,semantic,43.8645,0.0,51.3974,47.2377,0,1,0,0,21,277,277,277,30799634432,30799634432,30799634432,6.07,0.021,0.9,0.1,0.35,0.65,0.35,0.65
Qwen/Qwen2.5-7B-Instruct,NVIDIA GeForce RTX 5060 Ti,42,MultiFieldQA-en,5,16,335,multi-hop,71.5549,72.1121,72.6245,71.9499,0,0,0,0,135,391,391,391,61367656448,61367656448,61367656448,6.07,0.021,0.9,0.1,0.35,0.65,0.35,0.65
Qwen/Qwen2.5-7B-Instruct,NVIDIA GeForce RTX 5060 Ti,42,MultiFieldQA-en,5,16,336,multi-hop,54.2688,0.0,57.1535,56.1405,0,1,0,0,96,352,352,352,49736056832,49736056832,49736056832,6.07,0.021,0.9,0.1,0.35,0.65,0.35,0.65
Qwen/Qwen2.5-7B-Instruct,NVIDIA GeForce RTX 5060 Ti,42,MultiFieldQA-en,5,16,337,structural,55.7943,55.0006,53.7896,0.0,0,0,0,1,100,356,356,356,50872844288,50872844288,50872844288,6.07,0.021,0.9,0.1,0.35,0.65,0.35,0.65
Qwen/Qwen2.5-7B-Instruct,NVIDIA GeForce RTX 5060 Ti,42,MultiFieldQA-en,5,16,338,multi-hop,0.0,0.0,0.0,72.1807,1,1,1,0,114,370,370,370,54952755200,54952755200,54952755200,6.07,0.021,0.9,0.1,0.35,0.65,0.35,0.65
Qwen/Qwen2.5-7B-Instruct,NVIDIA GeForce RTX 5060 Ti,42,MultiFieldQA-en,5,16,339,multi-hop,64.713,0.0,55.014,52.4716,0,1,0,0,72,328,328,328,43185078272,43185078272,43185078272,6.07,0.021,0.9,0.1,0.35,0.65,0.35,0.65
Qwen/Qwen2.5-7B-Instruct,NVIDIA GeForce RTX 5060 Ti,42,MultiFieldQA-en,5,16,340,semantic,51.9812,0.0,0.0,0.0,0,1,1,1,108,364,364,364,53184954368,53184954368,53184954368,6.07,0.021,0.9,0.1,0.35,0.65,0.35,0.65
Qwen/Qwen2.5-7B-Instruct,NVIDIA GeForce RTX 5060 Ti,42,MultiFieldQA-en,5,16,341,semantic,51.5425,0.0,0.0,0.0,0,1,1,1,89,345,345,345,47777587200,47777587200,47777587200,6.07,0.021,0.9,0.1,0.35,0.65,0.35,0.65
Qwen/Qwen2.5-7B-Instruct,NVIDIA GeForce RTX 5060 Ti,42,MultiFieldQA-en,5,16,342,multi-hop,69.8976,0.0,0.0,0.0,0,1,1,1,100,356,356,356,50872844288,50872844288,50872844288,6.07,0.021,0.9,0.1,0.35,0.65,0.35,0.65
Qwen/Qwen2.5-7B-Instruct,NVIDIA GeForce RTX 5060 Ti,42,MultiFieldQA-en,5,16,343,structural,48.9947,51.7624,49.8111,0.0,0,0,0,1,95,351,351,351,49453867008,49453867008,49453867008,6.07,0.021,0.9,0.1,0.35,0.65,0.35,0.65
Qwen/Qwen2.5-7B-Instruct,NVIDIA GeForce RTX 5060 Ti,42,MultiFieldQA-en,5,16,344,multi-hop,71.5277,73.9603,70.5376,0.0,0,0,0,1,201,457,457,457,83833659392,83833659392,83833659392,6.07,0.021,0.9,0.1,0.35,0.65,0.35,0.65
Qwen/Qwen2.5-7B-Instruct,NVIDIA GeForce RTX 5060 Ti,42,MultiFieldQA-en,5,16,345,semantic,68.3455,0.0,0.0,0.0,0,1,1,1,53,309,309,309,38326837248,38326837248,38326837248,6.07,0.021,0.9,0.1,0.35,0.65,0.35,0.65
Qwen/Qwen2.5-7B-Instruct,NVIDIA GeForce RTX 5060 Ti,42,MultiFieldQA-en,5,16,346,semantic,55.3612,0.0,51.4829,0.0,0,1,0,1,99,355,355,355,50587443200,50587443200,50587443200,6.07,0.021,0.9,0.1,0.35,0.65,0.35,0.65
Qwen/Qwen2.5-7B-Instruct,NVIDIA GeForce RTX 5060 Ti,42,MultiFieldQA-en,5,16,347,structural,71.2286,72.2915,0.0,0.0,0,0,1,1,96,352,352,352,49736056832,49736056832,49736056832,6.07,0.021,0.9,0.1,0.35,0.65,0.35,0.65
Qwen/Qwen2.5-7B-Instruct,NVIDIA GeForce RTX 5060 Ti,42,MultiFieldQA-en,5,16,348,structural,70.3793,71.7363,71.2505,0.0,0,0,0,1,128,384,384,384,59190018048,59190018048,59190018048,6.07,0.021,0.9,0.1,0.35,0.65,0.35,0.65
Qwen/Qwen2.5-7B-Instruct,NVIDIA GeForce RTX 5060 Ti,42,MultiFieldQA-en,5,16,349,semantic,0.0,54.4618,54.6496,53.9124,1,0,0,0,99,355,355,355,50587443200,50587443200,50587443200,6.07,0.021,0.9,0.1,0.35,0.65,0.35,0.65
Qwen/Qwen2.5-7B-Instruct,NVIDIA GeForce RTX 5060 Ti,42,MultiFieldQA-en,5,16,350,semantic,54.1301,0.0,0.0,0.0,0,1,1,1,116,372,372,372,55548444672,55548444672,55548444672,6.07,0.021,0.9,0.1,0.35,0.65,0.35,0.65
Qwen/Qwen2.5-7B-Instruct,NVIDIA GeForce RTX 5060 Ti,42,MultiFieldQA-en,5,16,351,multi-hop,45.0121,44.609,42.6374,0.0,0,0,0,1,104,360,360,360,52022476800,52022476800,52022476800,6.07,0.021,0.9,0.1,0.35,0.65,0.35,0.65
Qwen/Qwen2.5-7B-Instruct,NVIDIA GeForce RTX 5060 Ti,42,MultiFieldQA-en,5,16,352,structural,47.767,49.5164,48.6073,0.0,0,0,0,1,100,356,356,356,50872844288,50872844288,50872844288,6.07,0.021,0.9,0.1,0.35,0.65,0.35,0.65
Qwen/Qwen2.5-7B-Instruct,NVIDIA GeForce RTX 5060 Ti,42,MultiFieldQA-en,5,16,353,semantic,46.6305,0.0,48.308,48.8572,0,1,0,0,110,366,366,366,53771010048,53771010048,53771010048,6.07,0.021,0.9,0.1,0.35,0.65,0.35,0.65
Qwen/Qwen2.5-7B-Instruct,NVIDIA GeForce RTX 5060 Ti,42,MultiFieldQA-en,5,16,354,semantic,67.0018,0.0,0.0,0.0,0,1,1,1,149,405,405,405,65840947200,65840947200,65840947200,6.07,0.021,0.9,0.1,0.35,0.65,0.35,0.65
Qwen/Qwen2.5-7B-Instruct,NVIDIA GeForce RTX 5060 Ti,42,MultiFieldQA-en,5,16,355,semantic,0.0,0.0,0.0,0.0,1,1,1,1,149,405,405,405,65840947200,65840947200,65840947200,6.07,0.021,0.9,0.1,0.35,0.65,0.35,0.65
Qwen/Qwen2.5-7B-Instruct,NVIDIA GeForce RTX 5060 Ti,42,MultiFieldQA-en,5,16,356,multi-hop,42.0687,44.6408,43.1361,0.0,0,0,0,1,71,327,327,327,42922156032,42922156032,42922156032,6.07,0.021,0.9,0.1,0.35,0.65,0.35,0.65
Qwen/Qwen2.5-7B-Instruct,NVIDIA GeForce RTX 5060 Ti,42,MultiFieldQA-en,5,16,357,structural,47.7753,49.5918,54.5395,0.0,0,0,0,1,78,334,334,334,44779470848,44779470848,44779470848,6.07,0.021,0.9,0.1,0.35,0.65,0.35,0.65
Qwen/Qwen2.5-7B-Instruct,NVIDIA GeForce RTX 5060 Ti,42,MultiFieldQA-en,5,16,358,multi-hop,48.1676,50.0678,48.5948,0.0,0,0,0,1,72,328,328,328,43185078272,43185078272,43185078272,6.07,0.021,0.9,0.1,0.35,0.65,0.35,0.65
Qwen/Qwen2.5-7B-Instruct,NVIDIA GeForce RTX 5060 Ti,42,MultiFieldQA-en,5,16,359,structural,47.4601,53.9794,53.0313,0.0,0,0,0,1,95,351,351,351,49453867008,49453867008,49453867008,6.07,0.021,0.9,0.1,0.35,0.65,0.35,0.65
Qwen/Qwen2.5-7B-Instruct,NVIDIA GeForce RTX 5060 Ti,42,MultiFieldQA-en,5,16,360,structural,52.097,55.0602,0.0,0.0,0,0,1,1,125,381,381,381,58268786688,58268786688,58268786688,6.07,0.021,0.9,0.1,0.35,0.65,0.35,0.65
Qwen/Qwen2.5-7B-Instruct,NVIDIA GeForce RTX 5060 Ti,42,MultiFieldQA-en,5,16,361,semantic,53.5261,0.0,48.8234,0.0,0,1,0,1,43,299,299,299,35886276608,35886276608,35886276608,6.07,0.021,0.9,0.1,0.35,0.65,0.35,0.65
Qwen/Qwen2.5-7B-Instruct,NVIDIA GeForce RTX 5060 Ti,42,MultiFieldQA-en,5,16,362,multi-hop,51.2013,55.5651,53.6316,0.0,0,0,0,1,101,357,357,357,51159048192,51159048192,51159048192,6.07,0.021,0.9,0.1,0.35,0.65,0.35,0.65
Qwen/Qwen2.5-7B-Instruct,NVIDIA GeForce RTX 5060 Ti,42,MultiFieldQA-en,5,16,363,structural,70.597,0.0,0.0,0.0,0,1,1,1,136,392,392,392,61681958912,61681958912,61681958912,6.07,0.021,0.9,0.1,0.35,0.65,0.35,0.65
Qwen/Qwen2.5-7B-Instruct,NVIDIA GeForce RTX 5060 Ti,42,MultiFieldQA-en,5,16,364,semantic,53.8237,0.0,0.0,0.0,0,1,1,1,55,311,311,311,38824583168,38824583168,38824583168,6.07,0.021,0.9,0.1,0.35,0.65,0.35,0.65
Qwen/Qwen2.5-7B-Instruct,NVIDIA GeForce RTX 5060 Ti,42,MultiFieldQA-en,5,16,365,semantic,49.7355,0.0,0.0,54.4694,0,1,1,0,95,351,351,351,49453867008,49453867008,49453867008,6.07,0.021,0.9,0.1,0.35,0.65,0.35,0.65
Qwen/Qwen2.5-7B-Instruct,NVIDIA GeForce RTX 5060 Ti,42,MultiFieldQA-en,5,16,366,multi-hop,47.9634,50.1614,48.8198,0.0,0,0,0,1,33,289,289,289,33525997568,33525997568,33525997568,6.07,0.021,0.9,0.1,0.35,0.65,0.35,0.65
Qwen/Qwen2.5-7B-Instruct,NVIDIA GeForce RTX 5060 Ti,42,MultiFieldQA-en,5,16,367,semantic,48.2535,0.0,48.8413,47.5881,0,1,0,0,86,342,342,342,46950285312,46950285312,46950285312,6.07,0.021,0.9,0.1,0.35,0.65,0.35,0.65
Qwen/Qwen2.5-7B-Instruct,NVIDIA GeForce RTX 5060 Ti,42,MultiFieldQA-en,5,16,368,semantic,40.6023,0.0,0.0,0.0,0,1,1,1,121,377,377,377,57051717632,57051717632,57051717632,6.07,0.021,0.9,0.1,0.35,0.65,0.35,0.65
Qwen/Qwen2.5-7B-Instruct,NVIDIA GeForce RTX 5060 Ti,42,MultiFieldQA-en,5,16,369,semantic,48.2542,0.0,0.0,0.0,0,1,1,1,86,342,342,342,46950285312,46950285312,46950285312,6.07,0.021,0.9,0.1,0.35,0.65,0.35,0.65
Qwen/Qwen2.5-7B-Instruct,NVIDIA GeForce RTX 5060 Ti,42,MultiFieldQA-en,5,16,370,multi-hop,41.0003,0.0,0.0,40.3895,0,1,1,0,10,124,83,266,6172049408,2765299712,28402024448,6.07,0.021,0.9,0.1,0.35,0.65,0.35,0.65
Qwen/Qwen2.5-7B-Instruct,NVIDIA GeForce RTX 5060 Ti,42,MultiFieldQA-en,5,16,371,semantic,45.6024,0.0,0.0,0.0,0,1,1,1,48,304,304,304,37096521728,37096521728,37096521728,6.07,0.021,0.9,0.1,0.35,0.65,0.35,0.65
Qwen/Qwen2.5-7B-Instruct,NVIDIA GeForce RTX 5060 Ti,42,MultiFieldQA-en,5,16,372,multi-hop,48.8584,0.0,50.9592,51.0301,0,1,0,0,106,362,362,362,52602109952,52602109952,52602109952,6.07,0.021,0.9,0.1,0.35,0.65,0.35,0.65
Qwen/Qwen2.5-7B-Instruct,NVIDIA GeForce RTX 5060 Ti,42,MultiFieldQA-en,5,16,373,multi-hop,51.0668,0.0,54.4473,54.6272,0,1,0,0,100,356,356,356,50872844288,50872844288,50872844288,6.07,0.021,0.9,0.1,0.35,0.65,0.35,0.65
Qwen/Qwen2.5-7B-Instruct,NVIDIA GeForce RTX 5060 Ti,42,MultiFieldQA-en,5,16,374,structural,53.0514,59.6376,54.2105,0.0,0,0,0,1,150,406,406,406,66166489088,66166489088,66166489088,6.07,0.021,0.9,0.1,0.35,0.65,0.35,0.65
Qwen/Qwen2.5-7B-Instruct,NVIDIA GeForce RTX 5060 Ti,42,MultiFieldQA-en,5,16,375,structural,47.1432,48.4413,46.6928,50.7292,0,0,0,0,92,348,348,348,48612114432,48612114432,48612114432,6.07,0.021,0.9,0.1,0.35,0.65,0.35,0.65
Qwen/Qwen2.5-7B-Instruct,NVIDIA GeForce RTX 5060 Ti,42,MultiFieldQA-en,5,16,376,multi-hop,53.2605,57.7051,0.0,0.0,0,0,1,1,95,351,351,351,49453867008,49453867008,49453867008,6.07,0.021,0.9,0.1,0.35,0.65,0.35,0.65
Qwen/Qwen2.5-7B-Instruct,NVIDIA GeForce RTX 5060 Ti,42,MultiFieldQA-en,5,16,377,structural,46.5054,56.8772,46.1755,44.9786,0,0,0,0,86,342,342,342,46950285312,46950285312,46950285312,6.07,0.021,0.9,0.1,0.35,0.65,0.35,0.65
Qwen/Qwen2.5-7B-Instruct,NVIDIA GeForce RTX 5060 Ti,42,MultiFieldQA-en,5,16,378,multi-hop,39.8447,42.6096,40.6879,41.7682,0,0,0,0,143,399,399,399,63904555008,63904555008,63904555008,6.07,0.021,0.9,0.1,0.35,0.65,0.35,0.65
Qwen/Qwen2.5-7B-Instruct,NVIDIA GeForce RTX 5060 Ti,42,MultiFieldQA-en,5,16,379,structural,49.0786,50.7626,0.0,0.0,0,0,1,1,92,348,348,348,48612114432,48612114432,48612114432,6.07,0.021,0.9,0.1,0.35,0.65,0.35,0.65
Qwen/Qwen2.5-7B-Instruct,NVIDIA GeForce RTX 5060 Ti,42,MultiFieldQA-en,5,16,380,semantic,67.3825,0.0,0.0,0.0,0,1,1,1,150,406,406,406,66166489088,66166489088,66166489088,6.07,0.021,0.9,0.1,0.35,0.65,0.35,0.65
Qwen/Qwen2.5-7B-Instruct,NVIDIA GeForce RTX 5060 Ti,42,MultiFieldQA-en,5,16,381,structural,47.0942,50.3512,0.0,0.0,0,0,1,1,111,367,367,367,54065242112,54065242112,54065242112,6.07,0.021,0.9,0.1,0.35,0.65,0.35,0.65
Qwen/Qwen2.5-7B-Instruct,NVIDIA GeForce RTX 5060 Ti,42,MultiFieldQA-en,5,16,382,semantic,38.9928,0.0,0.0,0.0,0,1,1,1,1,10,10,10,40140800,40140800,40140800,6.07,0.021,0.9,0.1,0.35,0.65,0.35,0.65
Qwen/Qwen2.5-7B-Instruct,NVIDIA GeForce RTX 5060 Ti,42,MultiFieldQA-en,5,16,383,multi-hop,84.6901,0.0,0.0,84.7771,0,1,1,0,19,275,275,275,30356480000,30356480000,30356480000,6.07,0.021,0.9,0.1,0.35,0.65,0.35,0.65
Qwen/Qwen2.5-7B-Instruct,NVIDIA GeForce RTX 5060 Ti,42,MultiFieldQA-en,5,16,384,structural,45.0207,43.8724,42.5243,44.6665,0,0,0,0,116,372,372,372,55548444672,55548444672,55548444672,6.07,0.021,0.9,0.1,0.35,0.65,0.35,0.65
Qwen/Qwen2.5-7B-Instruct,NVIDIA GeForce RTX 5060 Ti,42,MultiFieldQA-en,5,16,385,multi-hop,68.9624,0.0,0.0,0.0,0,1,1,1,184,440,440,440,77712588800,77712588800,77712588800,6.07,0.021,0.9,0.1,0.35,0.65,0.35,0.65
Qwen/Qwen2.5-7B-Instruct,NVIDIA GeForce RTX 5060 Ti,42,MultiFieldQA-en,5,16,386,semantic,51.2654,0.0,51.6254,53.3973,0,1,0,0,85,341,341,341,46676123648,46676123648,46676123648,6.07,0.021,0.9,0.1,0.35,0.65,0.35,0.65
Qwen/Qwen2.5-7B-Instruct,NVIDIA GeForce RTX 5060 Ti,42,MultiFieldQA-en,5,16,387,semantic,59.9526,0.0,0.0,0.0,0,1,1,1,70,326,326,326,42660036608,42660036608,42660036608,6.07,0.021,0.9,0.1,0.35,0.65,0.35,0.65
Qwen/Qwen2.5-7B-Instruct,NVIDIA GeForce RTX 5060 Ti,42,MultiFieldQA-en,5,16,388,multi-hop,53.201,0.0,0.0,59.2802,0,1,1,0,99,355,355,355,50587443200,50587443200,50587443200,6.07,0.021,0.9,0.1,0.35,0.65,0.35,0.65
Qwen/Qwen2.5-7B-Instruct,NVIDIA GeForce RTX 5060 Ti,42,MultiFieldQA-en,5,16,389,semantic,55.0178,0.0,54.5506,54.7661,0,1,0,0,81,337,337,337,45587505152,45587505152,45587505152,6.07,0.021,0.9,0.1,0.35,0.65,0.35,0.65
Qwen/Qwen2.5-7B-Instruct,NVIDIA GeForce RTX 5060 Ti,42,MultiFieldQA-en,5,16,390,multi-hop,45.747,0.0,0.0,45.759,0,1,1,0,67,323,323,323,41878495232,41878495232,41878495232,6.07,0.021,0.9,0.1,0.35,0.65,0.35,0.65
Qwen/Qwen2.5-7B-Instruct,NVIDIA GeForce RTX 5060 Ti,42,MultiFieldQA-en,5,16,391,multi-hop,54.7636,0.0,52.7173,53.2169,0,1,0,0,96,352,352,352,49736056832,49736056832,49736056832,6.07,0.021,0.9,0.1,0.35,0.65,0.35,0.65
Qwen/Qwen2.5-7B-Instruct,NVIDIA GeForce RTX 5060 Ti,42,MultiFieldQA-en,5,16,392,multi-hop,51.5498,0.0,54.9205,52.5781,0,1,0,0,53,309,309,309,38326837248,38326837248,38326837248,6.07,0.021,0.9,0.1,0.35,0.65,0.35,0.65
Qwen/Qwen2.5-7B-Instruct,NVIDIA GeForce RTX 5060 Ti,42,MultiFieldQA-en,5,16,393,semantic,50.3412,0.0,0.0,0.0,0,1,1,1,107,363,363,363,52893130752,52893130752,52893130752,6.07,0.021,0.9,0.1,0.35,0.65,0.35,0.65
Qwen/Qwen2.5-7B-Instruct,NVIDIA GeForce RTX 5060 Ti,42,MultiFieldQA-en,5,16,394,multi-hop,45.2524,45.1473,0.0,0.0,0,0,1,1,108,364,364,364,53184954368,53184954368,53184954368,6.07,0.021,0.9,0.1,0.35,0.65,0.35,0.65
Qwen/Qwen2.5-7B-Instruct,NVIDIA GeForce RTX 5060 Ti,42,MultiFieldQA-en,5,16,395,multi-hop,51.5462,52.2761,0.0,0.0,0,0,1,1,137,393,393,393,61997064192,61997064192,61997064192,6.07,0.021,0.9,0.1,0.35,0.65,0.35,0.65
Qwen/Qwen2.5-7B-Instruct,NVIDIA GeForce RTX 5060 Ti,42,MultiFieldQA-en,5,16,396,multi-hop,51.9922,52.4538,0.0,0.0,0,0,1,1,58,314,314,314,39577223168,39577223168,39577223168,6.07,0.021,0.9,0.1,0.35,0.65,0.35,0.65
Qwen/Qwen2.5-7B-Instruct,NVIDIA GeForce RTX 5060 Ti,42,MultiFieldQA-en,5,16,397,structural,51.0568,0.0,51.6062,53.4818,0,1,0,0,106,362,362,362,52602109952,52602109952,52602109952,6.07,0.021,0.9,0.1,0.35,0.65,0.35,0.65
Qwen/Qwen2.5-7B-Instruct,NVIDIA GeForce RTX 5060 Ti,42,MultiFieldQA-en,5,16,398,multi-hop,51.9555,50.1639,50.2999,0.0,0,0,0,1,10,124,83,266,6172049408,2765299712,28402024448,6.07,0.021,0.9,0.1,0.35,0.65,0.35,0.65
Qwen/Qwen2.5-7B-Instruct,NVIDIA GeForce RTX 5060 Ti,42,MultiFieldQA-en,5,16,399,multi-hop,51.6873,0.0,54.735,53.6073,0,1,0,0,60,316,316,316,40082997248,40082997248,40082997248,6.07,0.021,0.9,0.1,0.35,0.65,0.35,0.65
Qwen/Qwen2.5-7B-Instruct,NVIDIA GeForce RTX 5060 Ti,42,MultiFieldQA-en,5,16,400,multi-hop,51.4027,0.0,54.2342,53.9939,0,1,0,0,23,279,279,279,31246000128,31246000128,31246000128,6.07,0.021,0.9,0.1,0.35,0.65,0.35,0.65
Qwen/Qwen2.5-7B-Instruct,NVIDIA GeForce RTX 5060 Ti,42,MultiFieldQA-en,5,16,401,structural,70.3503,70.536,68.2289,68.3752,0,0,0,0,1,10,10,10,40140800,40140800,40140800,6.07,0.021,0.9,0.1,0.35,0.65,0.35,0.65
Qwen/Qwen2.5-7B-Instruct,NVIDIA GeForce RTX 5060 Ti,42,MultiFieldQA-en,5,16,402,semantic,51.4584,0.0,0.0,0.0,0,1,1,1,128,384,384,384,59190018048,59190018048,59190018048,6.07,0.021,0.9,0.1,0.35,0.65,0.35,0.65
Qwen/Qwen2.5-7B-Instruct,NVIDIA GeForce RTX 5060 Ti,42,MultiFieldQA-en,5,16,403,multi-hop,94.4022,95.7892,98.7938,0.0,0,0,0,1,194,450,450,450,81285120000,81285120000,81285120000,6.07,0.021,0.9,0.1,0.35,0.65,0.35,0.65
Qwen/Qwen2.5-7B-Instruct,NVIDIA GeForce RTX 5060 Ti,42,MultiFieldQA-en,5,16,404,semantic,49.7369,0.0,0.0,0.0,0,1,1,1,73,329,329,329,43448803328,43448803328,43448803328,6.07,0.021,0.9,0.1,0.35,0.65,0.35,0.65
Qwen/Qwen2.5-7B-Instruct,NVIDIA GeForce RTX 5060 Ti,42,MultiFieldQA-en,5,16,405,structural,48.4481,49.935,0.0,0.0,0,0,1,1,53,309,309,309,38326837248,38326837248,38326837248,6.07,0.021,0.9,0.1,0.35,0.65,0.35,0.65
Qwen/Qwen2.5-7B-Instruct,NVIDIA GeForce RTX 5060 Ti,42,MultiFieldQA-en,5,16,406,semantic,64.3668,0.0,0.0,0.0,0,1,1,1,115,371,371,371,55250198528,55250198528,55250198528,6.07,0.021,0.9,0.1,0.35,0.65,0.35,0.65
Qwen/Qwen2.5-7B-Instruct,NVIDIA GeForce RTX 5060 Ti,42,MultiFieldQA-en,5,16,407,multi-hop,41.6033,43.1046,47.8977,0.0,0,0,0,1,43,299,299,299,35886276608,35886276608,35886276608,6.07,0.021,0.9,0.1,0.35,0.65,0.35,0.65
Qwen/Qwen2.5-7B-Instruct,NVIDIA GeForce RTX 5060 Ti,42,MultiFieldQA-en,5,16,408,multi-hop,41.9463,0.0,45.3805,43.8816,0,1,0,0,43,299,299,299,35886276608,35886276608,35886276608,6.07,0.021,0.9,0.1,0.35,0.65,0.35,0.65
Qwen/Qwen2.5-7B-Instruct,NVIDIA GeForce RTX 5060 Ti,42,MultiFieldQA-en,5,16,409,semantic,49.0399,0.0,50.0252,0.0,0,1,0,1,109,365,365,365,53477580800,53477580800,53477580800,6.07,0.021,0.9,0.1,0.35,0.65,0.35,0.65
Qwen/Qwen2.5-7B-Instruct,NVIDIA GeForce RTX 5060 Ti,42,MultiFieldQA-en,5,16,410,multi-hop,0.0,0.0,48.7903,50.2096,1,1,0,0,137,393,393,393,61997064192,61997064192,61997064192,6.07,0.021,0.9,0.1,0.35,0.65,0.35,0.65
Qwen/Qwen2.5-7B-Instruct,NVIDIA GeForce RTX 5060 Ti,42,MultiFieldQA-en,5,16,411,structural,54.0587,48.6378,48.194,47.5895,0,0,0,0,1,10,10,10,40140800,40140800,40140800,6.07,0.021,0.9,0.1,0.35,0.65,0.35,0.65
Qwen/Qwen2.5-7B-Instruct,NVIDIA GeForce RTX 5060 Ti,42,MultiFieldQA-en,5,16,412,multi-hop,50.8321,0.0,52.3239,52.2322,0,1,0,0,159,415,415,415,69132492800,69132492800,69132492800,6.07,0.021,0.9,0.1,0.35,0.65,0.35,0.65
Qwen/Qwen2.5-7B-Instruct,NVIDIA GeForce RTX 5060 Ti,42,MultiFieldQA-en,5,16,413,multi-hop,52.9396,48.1524,47.8113,53.5958,0,0,0,0,1,10,10,10,40140800,40140800,40140800,6.07,0.021,0.9,0.1,0.35,0.65,0.35,0.65
Qwen/Qwen2.5-7B-Instruct,NVIDIA GeForce RTX 5060 Ti,42,MultiFieldQA-en,5,16,414,multi-hop,49.254,0.0,49.7474,49.1622,0,1,0,0,85,341,341,341,46676123648,46676123648,46676123648,6.07,0.021,0.9,0.1,0.35,0.65,0.35,0.65
Qwen/Qwen2.5-7B-Instruct,NVIDIA GeForce RTX 5060 Ti,42,MultiFieldQA-en,5,16,415,semantic,47.9131,0.0,45.1368,0.0,0,1,0,1,111,367,367,367,54065242112,54065242112,54065242112,6.07,0.021,0.9,0.1,0.35,0.65,0.35,0.65
Qwen/Qwen2.5-7B-Instruct,NVIDIA GeForce RTX 5060 Ti,42,MultiFieldQA-en,5,16,416,semantic,51.9295,0.0,0.0,0.0,0,1,1,1,78,334,334,334,44779470848,44779470848,44779470848,6.07,0.021,0.9,0.1,0.35,0.65,0.35,0.65
Qwen/Qwen2.5-7B-Instruct,NVIDIA GeForce RTX 5060 Ti,42,MultiFieldQA-en,5,16,417,semantic,53.2337,0.0,0.0,0.0,0,1,1,1,23,125,125,125,6272000000,6272000000,6272000000,6.07,0.021,0.9,0.1,0.35,0.65,0.35,0.65
Qwen/Qwen2.5-7B-Instruct,NVIDIA GeForce RTX 5060 Ti,42,MultiFieldQA-en,5,16,418,multi-hop,59.4168,57.246,49.1739,0.0,0,0,0,1,101,357,357,357,51159048192,51159048192,51159048192,6.07,0.021,0.9,0.1,0.35,0.65,0.35,0.65
Qwen/Qwen2.5-7B-Instruct,NVIDIA GeForce RTX 5060 Ti,42,MultiFieldQA-en,5,16,419,multi-hop,49.3437,54.952,57.6636,0.0,0,0,0,1,103,359,359,359,51733864448,51733864448,51733864448,6.07,0.021,0.9,0.1,0.35,0.65,0.35,0.65
Qwen/Qwen2.5-7B-Instruct,NVIDIA GeForce RTX 5060 Ti,42,MultiFieldQA-en,5,16,420,structural,49.5562,49.2919,47.8945,0.0,0,0,0,1,46,302,302,302,36610015232,36610015232,36610015232,6.07,0.021,0.9,0.1,0.35,0.65,0.35,0.65
Qwen/Qwen2.5-7B-Instruct,NVIDIA GeForce RTX 5060 Ti,42,MultiFieldQA-en,5,16,421,multi-hop,47.7568,42.675,43.4898,0.0,0,0,0,1,120,376,376,376,56749457408,56749457408,56749457408,6.07,0.021,0.9,0.1,0.35,0.65,0.35,0.65
Qwen/Qwen2.5-7B-Instruct,NVIDIA GeForce RTX 5060 Ti,42,MultiFieldQA-en,5,16,422,multi-hop,49.4828,0.0,0.0,0.0,0,1,1,1,59,315,315,315,39829708800,39829708800,39829708800,6.07,0.021,0.9,0.1,0.35,0.65,0.35,0.65
Qwen/Qwen2.5-7B-Instruct,NVIDIA GeForce RTX 5060 Ti,42,MultiFieldQA-en,5,16,423,semantic,38.9162,0.0,0.0,0.0,0,1,1,1,8,95,83,83,3622707200,2765299712,2765299712,6.07,0.021,0.9,0.1,0.35,0.65,0.35,0.65
Qwen/Qwen2.5-7B-Instruct,NVIDIA GeForce RTX 5060 Ti,42,MultiFieldQA-en,5,16,424,structural,66.7521,67.9386,0.0,66.8832,0,0,1,0,155,411,411,411,67806240768,67806240768,67806240768,6.07,0.021,0.9,0.1,0.35,0.65,0.35,0.65
Qwen/Qwen2.5-7B-Instruct,NVIDIA GeForce RTX 5060 Ti,42,MultiFieldQA-en,5,16,425,semantic,47.7924,0.0,0.0,0.0,0,1,1,1,79,335,335,335,45048012800,45048012800,45048012800,6.07,0.021,0.9,0.1,0.35,0.65,0.35,0.65
Qwen/Qwen2.5-7B-Instruct,NVIDIA GeForce RTX 5060 Ti,42,MultiFieldQA-en,5,16,426,multi-hop,45.2466,52.8647,45.7148,0.0,0,0,0,1,158,414,414,414,68799725568,68799725568,68799725568,6.07,0.021,0.9,0.1,0.35,0.65,0.35,0.65
Qwen/Qwen2.5-7B-Instruct,NVIDIA GeForce RTX 5060 Ti,42,MultiFieldQA-en,5,16,427,semantic,52.5496,0.0,0.0,0.0,0,1,1,1,33,289,289,289,33525997568,33525997568,33525997568,6.07,0.021,0.9,0.1,0.35,0.65,0.35,0.65
Qwen/Qwen2.5-7B-Instruct,NVIDIA GeForce RTX 5060 Ti,42,MultiFieldQA-en,5,16,428,semantic,45.1167,0.0,47.6683,48.7939,0,1,0,0,94,350,350,350,49172480000,49172480000,49172480000,6.07,0.021,0.9,0.1,0.35,0.65,0.35,0.65
Qwen/Qwen2.5-7B-Instruct,NVIDIA GeForce RTX 5060 Ti,42,MultiFieldQA-en,5,16,429,multi-hop,51.5436,57.9008,0.0,0.0,0,0,1,1,129,385,385,385,59498700800,59498700800,59498700800,6.07,0.021,0.9,0.1,0.35,0.65,0.35,0.65
Qwen/Qwen2.5-7B-Instruct,NVIDIA GeForce RTX 5060 Ti,42,MultiFieldQA-en,5,16,430,semantic,52.3325,0.0,52.4838,0.0,0,1,0,1,93,349,349,349,48891895808,48891895808,48891895808,6.07,0.021,0.9,0.1,0.35,0.65,0.35,0.65
Qwen/Qwen2.5-7B-Instruct,NVIDIA GeForce RTX 5060 Ti,42,MultiFieldQA-en,5,16,431,multi-hop,53.057,54.0384,55.9667,0.0,0,0,0,1,15,271,271,271,29479804928,29479804928,29479804928,6.07,0.021,0.9,0.1,0.35,0.65,0.35,0.65
Qwen/Qwen2.5-7B-Instruct,NVIDIA GeForce RTX 5060 Ti,42,MultiFieldQA-en,5,16,432,structural,50.7596,51.525,51.734,0.0,0,0,0,1,66,322,322,322,41619587072,41619587072,41619587072,6.07,0.021,0.9,0.1,0.35,0.65,0.35,0.65
Qwen/Qwen2.5-7B-Instruct,NVIDIA GeForce RTX 5060 Ti,42,MultiFieldQA-en,5,16,433,structural,47.3706,43.8635,45.2834,0.0,0,0,0,1,41,297,297,297,35407798272,35407798272,35407798272,6.07,0.021,0.9,0.1,0.35,0.65,0.35,0.65
Qwen/Qwen2.5-7B-Instruct,NVIDIA GeForce RTX 5060 Ti,42,MultiFieldQA-en,5,16,434,multi-hop,41.9836,43.995,42.7684,0.0,0,0,0,1,111,367,367,367,54065242112,54065242112,54065242112,6.07,0.021,0.9,0.1,0.35,0.65,0.35,0.65
Qwen/Qwen2.5-7B-Instruct,NVIDIA GeForce RTX 5060 Ti,42,MultiFieldQA-en,5,16,435,structural,51.2604,52.3757,0.0,0.0,0,0,1,1,105,361,361,361,52311891968,52311891968,52311891968,6.07,0.021,0.9,0.1,0.35,0.65,0.35,0.65
Qwen/Qwen2.5-7B-Instruct,NVIDIA GeForce RTX 5060 Ti,42,MultiFieldQA-en,5,16,436,multi-hop,49.308,0.0,49.2763,50.0903,0,1,0,0,17,273,273,273,29916536832,29916536832,29916536832,6.07,0.021,0.9,0.1,0.35,0.65,0.35,0.65
Qwen/Qwen2.5-7B-Instruct,NVIDIA GeForce RTX 5060 Ti,42,MultiFieldQA-en,5,16,437,multi-hop,47.2743,0.0,0.0,44.2767,0,1,1,0,134,390,390,390,61054156800,61054156800,61054156800,6.07,0.021,0.9,0.1,0.35,0.65,0.35,0.65
Qwen/Qwen2.5-7B-Instruct,NVIDIA GeForce RTX 5060 Ti,42,MultiFieldQA-en,5,16,438,multi-hop,40.6263,41.0385,42.0608,0.0,0,0,0,1,45,301,301,301,36367966208,36367966208,36367966208,6.07,0.021,0.9,0.1,0.35,0.65,0.35,0.65
Qwen/Qwen2.5-7B-Instruct,NVIDIA GeForce RTX 5060 Ti,42,MultiFieldQA-en,5,16,439,semantic,48.5668,0.0,49.7892,58.2905,0,1,0,0,21,149,277,220,8911659008,30799634432,19428147200,6.07,0.021,0.9,0.1,0.35,0.65,0.35,0.65
Qwen/Qwen2.5-7B-Instruct,NVIDIA GeForce RTX 5060 Ti,42,MultiFieldQA-en,5,16,440,multi-hop,51.111,0.0,0.0,0.0,0,1,1,1,63,319,319,319,40847679488,40847679488,40847679488,6.07,0.021,0.9,0.1,0.35,0.65,0.35,0.65
Qwen/Qwen2.5-7B-Instruct,NVIDIA GeForce RTX 5060 Ti,42,MultiFieldQA-en,5,16,441,multi-hop,72.3237,0.0,0.0,0.0,0,1,1,1,111,367,367,367,54065242112,54065242112,54065242112,6.07,0.021,0.9,0.1,0.35,0.65,0.35,0.65
Qwen/Qwen2.5-7B-Instruct,NVIDIA GeForce RTX 5060 Ti,42,MultiFieldQA-en,5,16,442,semantic,53.6424,0.0,0.0,0.0,0,1,1,1,156,412,412,412,68136599552,68136599552,68136599552,6.07,0.021,0.9,0.1,0.35,0.65,0.35,0.65
Qwen/Qwen2.5-7B-Instruct,NVIDIA GeForce RTX 5060 Ti,42,MultiFieldQA-en,5,16,443,structural,70.4825,72.0706,71.2375,0.0,0,0,0,1,11,267,267,267,28615974912,28615974912,28615974912,6.07,0.021,0.9,0.1,0.35,0.65,0.35,0.65
Qwen/Qwen2.5-7B-Instruct,NVIDIA GeForce RTX 5060 Ti,42,MultiFieldQA-en,5,16,444,multi-hop,71.2783,0.0,73.3634,70.5096,0,1,0,0,150,406,406,406,66166489088,66166489088,66166489088,6.07,0.021,0.9,0.1,0.35,0.65,0.35,0.65
Qwen/Qwen2.5-7B-Instruct,NVIDIA GeForce RTX 5060 Ti,42,MultiFieldQA-en,5,16,445,structural,43.4509,43.5985,43.3,44.9644,0,0,0,0,1,10,10,10,40140800,40140800,40140800,6.07,0.021,0.9,0.1,0.35,0.65,0.35,0.65
Qwen/Qwen2.5-7B-Instruct,NVIDIA GeForce RTX 5060 Ti,42,MultiFieldQA-en,5,16,446,structural,49.5761,52.0352,50.8366,0.0,0,0,0,1,106,362,362,362,52602109952,52602109952,52602109952,6.07,0.021,0.9,0.1,0.35,0.65,0.35,0.65
Qwen/Qwen2.5-7B-Instruct,NVIDIA GeForce RTX 5060 Ti,42,MultiFieldQA-en,5,16,447,multi-hop,50.6997,52.6579,0.0,0.0,0,0,1,1,103,359,359,359,51733864448,51733864448,51733864448,6.07,0.021,0.9,0.1,0.35,0.65,0.35,0.65
Qwen/Qwen2.5-7B-Instruct,NVIDIA GeForce RTX 5060 Ti,42,MultiFieldQA-en,5,16,448,multi-hop,49.0483,51.412,0.0,0.0,0,0,1,1,81,337,337,337,45587505152,45587505152,45587505152,6.07,0.021,0.9,0.1,0.35,0.65,0.35,0.65
Qwen/Qwen2.5-7B-Instruct,NVIDIA GeForce RTX 5060 Ti,42,MultiFieldQA-en,5,16,449,semantic,50.924,0.0,0.0,0.0,0,1,1,1,83,339,339,339,46130208768,46130208768,46130208768,6.07,0.021,0.9,0.1,0.35,0.65,0.35,0.65
Qwen/Qwen2.5-7B-Instruct,NVIDIA GeForce RTX 5060 Ti,42,MultiFieldQA-en,5,16,450,structural,51.0419,52.5472,51.3338,0.0,0,0,0,1,76,332,332,332,44244795392,44244795392,44244795392,6.07,0.021,0.9,0.1,0.35,0.65,0.35,0.65
Qwen/Qwen2.5-7B-Instruct,NVIDIA GeForce RTX 5060 Ti,42,MultiFieldQA-en,5,16,451,semantic,52.1832,0.0,0.0,0.0,0,1,1,1,97,353,353,353,50019049472,50019049472,50019049472,6.07,0.021,0.9,0.1,0.35,0.65,0.35,0.65
Qwen/Qwen2.5-7B-Instruct,NVIDIA GeForce RTX 5060 Ti,42,MultiFieldQA-en,5,16,452,structural,51.3217,52.7828,52.6057,0.0,0,0,0,1,110,366,366,366,53771010048,53771010048,53771010048,6.07,0.021,0.9,0.1,0.35,0.65,0.35,0.65
Qwen/Qwen2.5-7B-Instruct,NVIDIA GeForce RTX 5060 Ti,42,MultiFieldQA-en,5,16,453,multi-hop,58.2443,0.0,51.6256,54.0403,0,1,0,0,96,352,352,352,49736056832,49736056832,49736056832,6.07,0.021,0.9,0.1,0.35,0.65,0.35,0.65
Qwen/Qwen2.5-7B-Instruct,NVIDIA GeForce RTX 5060 Ti,42,MultiFieldQA-en,5,16,454,multi-hop,53.7529,55.4657,53.2194,0.0,0,0,0,1,96,352,352,352,49736056832,49736056832,49736056832,6.07,0.021,0.9,0.1,0.35,0.65,0.35,0.65
Qwen/Qwen2.5-7B-Instruct,NVIDIA GeForce RTX 5060 Ti,42,MultiFieldQA-en,5,16,455,semantic,70.0553,0.0,0.0,0.0,0,1,1,1,163,419,419,419,70471589888,70471589888,70471589888,6.07,0.021,0.9,0.1,0.35,0.65,0.35,0.65
Qwen/Qwen2.5-7B-Instruct,NVIDIA GeForce RTX 5060 Ti,42,MultiFieldQA-en,5,16,456,semantic,52.0743,0.0,54.788,55.976,0,1,0,0,20,276,276,276,30577655808,30577655808,30577655808,6.07,0.021,0.9,0.1,0.35,0.65,0.35,0.65
Qwen/Qwen2.5-7B-Instruct,NVIDIA GeForce RTX 5060 Ti,42,MultiFieldQA-en,5,16,457,multi-hop,46.0624,0.0,46.2552,42.3314,0,1,0,0,137,393,393,393,61997064192,61997064192,61997064192,6.07,0.021,0.9,0.1,0.35,0.65,0.35,0.65
Qwen/Qwen2.5-7B-Instruct,NVIDIA GeForce RTX 5060 Ti,42,MultiFieldQA-en,5,16,458,multi-hop,66.4368,0.0,67.1492,66.8572,0,1,0,0,150,406,406,406,66166489088,66166489088,66166489088,6.07,0.021,0.9,0.1,0.35,0.65,0.35,0.65
Qwen/Qwen2.5-7B-Instruct,NVIDIA GeForce RTX 5060 Ti,42,MultiFieldQA-en,5,16,459,multi-hop,40.8108,0.0,41.6639,41.3836,0,1,0,0,26,282,282,282,31921569792,31921569792,31921569792,6.07,0.021,0.9,0.1,0.35,0.65,0.35,0.65
Qwen/Qwen2.5-7B-Instruct,NVIDIA GeForce RTX 5060 Ti,42,MultiFieldQA-en,5,16,460,structural,47.6394,49.7712,0.0,0.0,0,0,1,1,111,367,367,367,54065242112,54065242112,54065242112,6.07,0.021,0.9,0.1,0.35,0.65,0.35,0.65
Qwen/Qwen2.5-7B-Instruct,NVIDIA GeForce RTX 5060 Ti,42,MultiFieldQA-en,5,16,461,semantic,66.5249,0.0,66.8864,0.0,0,1,0,1,158,414,414,414,68799725568,68799725568,68799725568,6.07,0.021,0.9,0.1,0.35,0.65,0.35,0.65
Qwen/Qwen2.5-7B-Instruct,NVIDIA GeForce RTX 5060 Ti,42,MultiFieldQA-en,5,16,462,structural,51.8136,50.6756,54.9118,0.0,0,0,0,1,107,363,363,363,52893130752,52893130752,52893130752,6.07,0.021,0.9,0.1,0.35,0.65,0.35,0.65
Qwen/Qwen2.5-7B-Instruct,NVIDIA GeForce RTX 5060 Ti,42,MultiFieldQA-en,5,16,463,semantic,41.2382,0.0,0.0,0.0,0,1,1,1,73,329,329,329,43448803328,43448803328,43448803328,6.07,0.021,0.9,0.1,0.35,0.65,0.35,0.65
Qwen/Qwen2.5-7B-Instruct,NVIDIA GeForce RTX 5060 Ti,42,MultiFieldQA-en,5,16,464,multi-hop,41.0869,44.1897,43.2723,0.0,0,0,0,1,47,303,303,303,36852867072,36852867072,36852867072,6.07,0.021,0.9,0.1,0.35,0.65,0.35,0.65
Qwen/Qwen2.5-7B-Instruct,NVIDIA GeForce RTX 5060 Ti,42,MultiFieldQA-en,5,16,465,semantic,0.0,0.0,68.6004,68.0953,1,1,0,0,102,358,358,358,51446054912,51446054912,51446054912,6.07,0.021,0.9,0.1,0.35,0.65,0.35,0.65
Qwen/Qwen2.5-7B-Instruct,NVIDIA GeForce RTX 5060 Ti,42,MultiFieldQA-en,5,16,466,semantic,0.0,0.0,50.6116,0.0,1,1,0,1,99,355,355,355,50587443200,50587443200,50587443200,6.07,0.021,0.9,0.1,0.35,0.65,0.35,0.65
Qwen/Qwen2.5-7B-Instruct,NVIDIA GeForce RTX 5060 Ti,42,MultiFieldQA-en,5,16,467,structural,0.0,49.2257,0.0,0.0,1,0,1,1,116,372,372,372,55548444672,55548444672,55548444672,6.07,0.021,0.9,0.1,0.35,0.65,0.35,0.65
Qwen/Qwen2.5-7B-Instruct,NVIDIA GeForce RTX 5060 Ti,42,MultiFieldQA-en,5,16,468,structural,48.0197,48.7418,47.8832,48.745,0,0,0,0,37,293,293,293,34460475392,34460475392,34460475392,6.07,0.021,0.9,0.1,0.35,0.65,0.35,0.65
Qwen/Qwen2.5-7B-Instruct,NVIDIA GeForce RTX 5060 Ti,42,MultiFieldQA-en,5,16,469,multi-hop,40.1082,46.0875,43.7324,43.6811,0,0,0,0,91,347,347,347,48333135872,48333135872,48333135872,6.07,0.021,0.9,0.1,0.35,0.65,0.35,0.65
Qwen/Qwen2.5-7B-Instruct,NVIDIA GeForce RTX 5060 Ti,42,MultiFieldQA-en,5,16,470,multi-hop,53.185,0.0,52.3415,53.7084,0,1,0,0,135,391,391,391,61367656448,61367656448,61367656448,6.07,0.021,0.9,0.1,0.35,0.65,0.35,0.65
Qwen/Qwen2.5-7B-Instruct,NVIDIA GeForce RTX 5060 Ti,42,MultiFieldQA-en,5,16,471,structural,48.7605,48.4883,50.2663,0.0,0,0,0,1,63,319,319,319,40847679488,40847679488,40847679488,6.07,0.021,0.9,0.1,0.35,0.65,0.35,0.65
Qwen/Qwen2.5-7B-Instruct,NVIDIA GeForce RTX 5060 Ti,42,MultiFieldQA-en,5,16,472,multi-hop,49.6688,52.5378,0.0,0.0,0,0,1,1,116,372,372,372,55548444672,55548444672,55548444672,6.07,0.021,0.9,0.1,0.35,0.65,0.35,0.65
Qwen/Qwen2.5-7B-Instruct,NVIDIA GeForce RTX 5060 Ti,42,MultiFieldQA-en,5,16,473,semantic,63.2136,0.0,65.8015,65.5016,0,1,0,0,114,370,370,370,54952755200,54952755200,54952755200,6.07,0.021,0.9,0.1,0.35,0.65,0.35,0.65
Qwen/Qwen2.5-7B-Instruct,NVIDIA GeForce RTX 5060 Ti,42,MultiFieldQA-en,5,16,474,multi-hop,48.0138,0.0,48.6766,47.6021,0,1,0,0,86,342,342,342,46950285312,46950285312,46950285312,6.07,0.021,0.9,0.1,0.35,0.65,0.35,0.65
Qwen/Qwen2.5-7B-Instruct,NVIDIA GeForce RTX 5060 Ti,42,MultiFieldQA-en,5,16,475,multi-hop,49.1774,0.0,50.1785,49.6457,0,1,0,0,137,393,393,393,61997064192,61997064192,61997064192,6.07,0.021,0.9,0.1,0.35,0.65,0.35,0.65
Qwen/Qwen2.5-7B-Instruct,NVIDIA GeForce RTX 5060 Ti,42,MultiFieldQA-en,5,16,476,multi-hop,46.6374,49.4762,0.0,0.0,0,0,1,1,61,317,317,317,40337088512,40337088512,40337088512,6.07,0.021,0.9,0.1,0.35,0.65,0.35,0.65
Qwen/Qwen2.5-7B-Instruct,NVIDIA GeForce RTX 5060 Ti,42,MultiFieldQA-en,5,16,477,multi-hop,63.6003,74.3145,0.0,0.0,0,0,1,1,47,303,303,303,36852867072,36852867072,36852867072,6.07,0.021,0.9,0.1,0.35,0.65,0.35,0.65
Qwen/Qwen2.5-7B-Instruct,NVIDIA GeForce RTX 5060 Ti,42,MultiFieldQA-en,5,16,478,structural,48.9219,52.8567,52.4025,54.406,0,0,0,0,5,99,95,261,3934199808,3622707200,27344314368,6.07,0.021,0.9,0.1,0.35,0.65,0.35,0.65
Qwen/Qwen2.5-7B-Instruct,NVIDIA GeForce RTX 5060 Ti,42,MultiFieldQA-en,5,16,479,structural,55.1677,54.1783,53.1717,0.0,0,0,0,1,96,352,352,352,49736056832,49736056832,49736056832,6.07,0.021,0.9,0.1,0.35,0.65,0.35,0.65
Qwen/Qwen2.5-7B-Instruct,NVIDIA GeForce RTX 5060 Ti,42,MultiFieldQA-en,5,16,480,semantic,50.4956,0.0,0.0,0.0,0,1,1,1,78,334,334,334,44779470848,44779470848,44779470848,6.07,0.021,0.9,0.1,0.35,0.65,0.35,0.65
Qwen/Qwen2.5-7B-Instruct,NVIDIA GeForce RTX 5060 Ti,42,MultiFieldQA-en,5,16,481,multi-hop,72.3444,77.9264,71.6574,0.0,0,0,0,1,150,406,406,406,66166489088,66166489088,66166489088,6.07,0.021,0.9,0.1,0.35,0.65,0.35,0.65
Qwen/Qwen2.5-7B-Instruct,NVIDIA GeForce RTX 5060 Ti,42,MultiFieldQA-en,5,16,482,structural,70.7623,72.4543,0.0,0.0,0,0,1,1,114,370,370,370,54952755200,54952755200,54952755200,6.07,0.021,0.9,0.1,0.35,0.65,0.35,0.65
Qwen/Qwen2.5-7B-Instruct,NVIDIA GeForce RTX 5060 Ti,42,MultiFieldQA-en,5,16,483,structural,40.6178,45.8531,41.8969,42.2568,0,0,0,0,5,99,95,261,3934199808,3622707200,27344314368,6.07,0.021,0.9,0.1,0.35,0.65,0.35,0.65
Qwen/Qwen2.5-7B-Instruct,NVIDIA GeForce RTX 5060 Ti,42,MultiFieldQA-en,5,16,484,multi-hop,43.0565,44.4894,0.0,0.0,0,0,1,1,111,367,367,367,54065242112,54065242112,54065242112,6.07,0.021,0.9,0.1,0.35,0.65,0.35,0.65
Qwen/Qwen2.5-7B-Instruct,NVIDIA GeForce RTX 5060 Ti,42,MultiFieldQA-en,5,16,485,multi-hop,53.7048,51.1917,0.0,0.0,0,0,1,1,110,366,366,366,53771010048,53771010048,53771010048,6.07,0.021,0.9,0.1,0.35,0.65,0.35,0.65
Qwen/Qwen2.5-7B-Instruct,NVIDIA GeForce RTX 5060 Ti,42,MultiFieldQA-en,5,16,486,multi-hop,47.8244,0.0,48.9894,54.9929,0,1,0,0,110,366,366,366,53771010048,53771010048,53771010048,6.07,0.021,0.9,0.1,0.35,0.65,0.35,0.65
Qwen/Qwen2.5-7B-Instruct,NVIDIA GeForce RTX 5060 Ti,42,MultiFieldQA-en,5,16,487,semantic,48.4159,0.0,0.0,49.6965,0,1,1,0,122,378,378,378,57354780672,57354780672,57354780672,6.07,0.021,0.9,0.1,0.35,0.65,0.35,0.65
Qwen/Qwen2.5-7B-Instruct,NVIDIA GeForce RTX 5060 Ti,42,MultiFieldQA-en,5,16,488,multi-hop,49.7529,0.0,0.0,51.3544,0,1,1,0,45,301,301,301,36367966208,36367966208,36367966208,6.07,0.021,0.9,0.1,0.35,0.65,0.35,0.65
Qwen/Qwen2.5-7B-Instruct,NVIDIA GeForce RTX 5060 Ti,42,MultiFieldQA-en,5,16,489,multi-hop,52.3064,0.0,0.0,0.0,0,1,1,1,142,398,398,398,63584632832,63584632832,63584632832,6.07,0.021,0.9,0.1,0.35,0.65,0.35,0.65
Qwen/Qwen2.5-7B-Instruct,NVIDIA GeForce RTX 5060 Ti,42,MultiFieldQA-en,5,16,490,structural,40.7486,40.7583,40.4412,41.0355,0,0,0,0,32,288,288,288,33294385152,33294385152,33294385152,6.07,0.021,0.9,0.1,0.35,0.65,0.35,0.65
Qwen/Qwen2.5-7B-Instruct,NVIDIA GeForce RTX 5060 Ti,42,MultiFieldQA-en,5,16,491,structural,49.9928,53.4191,53.6749,0.0,0,0,0,1,5,85,83,261,2900172800,2765299712,27344314368,6.07,0.021,0.9,0.1,0.35,0.65,0.35,0.65
Qwen/Qwen2.5-7B-Instruct,NVIDIA GeForce RTX 5060 Ti,42,MultiFieldQA-en,5,16,492,structural,45.0372,47.6795,47.4682,46.7258,0,0,0,0,86,342,342,342,46950285312,46950285312,46950285312,6.07,0.021,0.9,0.1,0.35,0.65,0.35,0.65
Qwen/Qwen2.5-7B-Instruct,NVIDIA GeForce RTX 5060 Ti,42,MultiFieldQA-en,5,16,493,multi-hop,64.1277,0.0,0.0,56.7289,0,1,1,0,85,341,341,341,46676123648,46676123648,46676123648,6.07,0.021,0.9,0.1,0.35,0.65,0.35,0.65
Qwen/Qwen2.5-7B-Instruct,NVIDIA GeForce RTX 5060 Ti,42,MultiFieldQA-en,5,16,494,multi-hop,41.2819,42.405,41.7308,42.3422,0,0,0,0,100,356,356,356,50872844288,50872844288,50872844288,6.07,0.021,0.9,0.1,0.35,0.65,0.35,0.65
Qwen/Qwen2.5-7B-Instruct,NVIDIA GeForce RTX 5060 Ti,42,MultiFieldQA-en,5,16,495,structural,0.0,54.6392,0.0,0.0,1,0,1,1,121,377,377,377,57051717632,57051717632,57051717632,6.07,0.021,0.9,0.1,0.35,0.65,0.35,0.65
Qwen/Qwen2.5-7B-Instruct,NVIDIA GeForce RTX 5060 Ti,42,MultiFieldQA-en,5,16,496,structural,53.9893,53.9173,51.9034,0.0,0,0,0,1,34,290,290,290,33758412800,33758412800,33758412800,6.07,0.021,0.9,0.1,0.35,0.65,0.35,0.65
Qwen/Qwen2.5-7B-Instruct,NVIDIA GeForce RTX 5060 Ti,42,MultiFieldQA-en,5,16,497,semantic,74.5194,0.0,72.2635,0.0,0,1,0,1,150,406,406,406,66166489088,66166489088,66166489088,6.07,0.021,0.9,0.1,0.35,0.65,0.35,0.65
Qwen/Qwen2.5-7B-Instruct,NVIDIA GeForce RTX 5060 Ti,42,MultiFieldQA-en,5,16,498,multi-hop,52.4279,0.0,54.4267,52.1824,0,1,0,0,53,309,309,309,38326837248,38326837248,38326837248,6.07,0.021,0.9,0.1,0.35,0.65,0.35,0.65
Qwen/Qwen2.5-7B-Instruct,NVIDIA GeForce RTX 5060 Ti,42,MultiFieldQA-en,5,16,499,semantic,0.0,0.0,45.4327,0.0,1,1,0,1,86,342,342,342,46950285312,46950285312,46950285312,6.07,0.021,0.9,0.1,0.35,0.65,0.35,0.65
Qwen/Qwen2.5-7B-Instruct,NVIDIA GeForce RTX 5060 Ti,42,MultiFieldQA-en,5,16,500,structural,54.0023,50.4854,48.7648,50.7236,0,0,0,0,58,314,314,314,39577223168,39577223168,39577223168,6.07,0.021,0.9,0.1,0.35,0.65,0.35,0.65
Qwen/Qwen2.5-7B-Instruct,NVIDIA GeForce RTX 5060 Ti,42,MultiFieldQA-en,5,16,501,multi-hop,0.0,0.0,69.0874,69.6349,1,1,0,0,94,350,350,350,49172480000,49172480000,49172480000,6.07,0.021,0.9,0.1,0.35,0.65,0.35,0.65
Qwen/Qwen2.5-7B-Instruct,NVIDIA GeForce RTX 5060 Ti,42,MultiFieldQA-en,5,16,502,multi-hop,42.2358,42.616,42.3944,43.9346,0,0,0,0,32,288,288,288,33294385152,33294385152,33294385152,6.07,0.021,0.9,0.1,0.35,0.65,0.35,0.65
Qwen/Qwen2.5-7B-Instruct,NVIDIA GeForce RTX 5060 Ti,42,MultiFieldQA-en,5,16,503,structural,59.7413,56.1,53.4603,51.9973,0,0,0,0,96,352,352,352,49736056832,49736056832,49736056832,6.07,0.021,0.9,0.1,0.35,0.65,0.35,0.65
Qwen/Qwen2.5-7B-Instruct,NVIDIA GeForce RTX 5060 Ti,42,MultiFieldQA-en,5,16,504,structural,52.0338,0.0,0.0,0.0,0,1,1,1,201,457,457,457,83833659392,83833659392,83833659392,6.07,0.021,0.9,0.1,0.35,0.65,0.35,0.65
Qwen/Qwen2.5-7B-Instruct,NVIDIA GeForce RTX 5060 Ti,42,MultiFieldQA-en,5,16,505,multi-hop,52.0678,53.5973,53.7589,0.0,0,0,0,1,106,362,362,362,52602109952,52602109952,52602109952,6.07,0.021,0.9,0.1,0.35,0.65,0.35,0.65
Qwen/Qwen2.5-7B-Instruct,NVIDIA GeForce RTX 5060 Ti,42,MultiFieldQA-en,5,16,506,multi-hop,51.691,0.0,0.0,53.9908,0,1,1,0,111,367,367,367,54065242112,54065242112,54065242112,6.07,0.021,0.9,0.1,0.35,0.65,0.35,0.65
Qwen/Qwen2.5-7B-Instruct,NVIDIA GeForce RTX 5060 Ti,42,MultiFieldQA-en,5,16,507,multi-hop,69.8875,73.1925,71.7169,0.0,0,0,0,1,11,267,267,267,28615974912,28615974912,28615974912,6.07,0.021,0.9,0.1,0.35,0.65,0.35,0.65
Qwen/Qwen2.5-7B-Instruct,NVIDIA GeForce RTX 5060 Ti,42,MultiFieldQA-en,5,16,508,structural,69.4862,0.0,0.0,0.0,0,1,1,1,34,290,290,290,33758412800,33758412800,33758412800,6.07,0.021,0.9,0.1,0.35,0.65,0.35,0.65
Qwen/Qwen2.5-7B-Instruct,NVIDIA GeForce RTX 5060 Ti,42,MultiFieldQA-en,5,16,509,structural,51.4164,53.2868,51.2268,0.0,0,0,0,1,46,302,302,302,36610015232,36610015232,36610015232,6.07,0.021,0.9,0.1,0.35,0.65,0.35,0.65
Qwen/Qwen2.5-7B-Instruct,NVIDIA GeForce RTX 5060 Ti,42,MultiFieldQA-en,5,16,510,semantic,48.4385,0.0,0.0,0.0,0,1,1,1,110,366,366,366,53771010048,53771010048,53771010048,6.07,0.021,0.9,0.1,0.35,0.65,0.35,0.65
Qwen/Qwen2.5-7B-Instruct,NVIDIA GeForce RTX 5060 Ti,42,MultiFieldQA-en,5,16,511,structural,48.4146,0.0,48.3456,53.134,0,1,0,0,90,346,346,346,48054960128,48054960128,48054960128,6.07,0.021,0.9,0.1,0.35,0.65,0.35,0.65
Qwen/Qwen2.5-7B-Instruct,NVIDIA GeForce RTX 5060 Ti,42,MultiFieldQA-en,5,16,512,multi-hop,48.2654,50.1112,0.0,0.0,0,0,1,1,17,273,273,273,29916536832,29916536832,29916536832,6.07,0.021,0.9,0.1,0.35,0.65,0.35,0.65
Qwen/Qwen2.5-7B-Instruct,NVIDIA GeForce RTX 5060 Ti,42,MultiFieldQA-en,5,16,513,multi-hop,48.4704,0.0,53.5962,0.0,0,1,0,1,122,378,378,378,57354780672,57354780672,57354780672,6.07,0.021,0.9,0.1,0.35,0.65,0.35,0.65
Qwen/Qwen2.5-7B-Instruct,NVIDIA GeForce RTX 5060 Ti,42,MultiFieldQA-en,5,16,514,multi-hop,49.4478,43.7251,0.0,0.0,0,0,1,1,91,347,347,347,48333135872,48333135872,48333135872,6.07,0.021,0.9,0.1,0.35,0.65,0.35,0.65
Qwen/Qwen2.5-7B-Instruct,NVIDIA GeForce RTX 5060 Ti,42,MultiFieldQA-en,5,16,515,structural,66.9174,71.2065,0.0,0.0,0,0,1,1,121,377,377,377,57051717632,57051717632,57051717632,6.07,0.021,0.9,0.1,0.35,0.65,0.35,0.65
Qwen/Qwen2.5-7B-Instruct,NVIDIA GeForce RTX 5060 Ti,42,MultiFieldQA-en,5,16,516,multi-hop,48.1783,0.0,0.0,51.2052,0,1,1,0,55,311,311,311,38824583168,38824583168,38824583168,6.07,0.021,0.9,0.1,0.35,0.65,0.35,0.65
Qwen/Qwen2.5-7B-Instruct,NVIDIA GeForce RTX 5060 Ti,42,MultiFieldQA-en,5,16,517,multi-hop,46.5299,0.0,48.8592,48.6826,0,1,0,0,125,381,381,381,58268786688,58268786688,58268786688,6.07,0.021,0.9,0.1,0.35,0.65,0.35,0.65
Qwen/Qwen2.5-7B-Instruct,NVIDIA GeForce RTX 5060 Ti,42,MultiFieldQA-en,5,16,518,multi-hop,83.6363,0.0,86.4642,86.997,0,1,0,0,58,314,314,314,39577223168,39577223168,39577223168,6.07,0.021,0.9,0.1,0.35,0.65,0.35,0.65
Qwen/Qwen2.5-7B-Instruct,NVIDIA GeForce RTX 5060 Ti,42,MultiFieldQA-en,5,16,519,structural,47.5554,49.2308,48.6849,0.0,0,0,0,1,101,357,357,357,51159048192,51159048192,51159048192,6.07,0.021,0.9,0.1,0.35,0.65,0.35,0.65
Qwen/Qwen2.5-7B-Instruct,NVIDIA GeForce RTX 5060 Ti,42,MultiFieldQA-en,5,16,520,semantic,50.5537,0.0,50.1741,51.0025,0,1,0,0,100,356,356,356,50872844288,50872844288,50872844288,6.07,0.021,0.9,0.1,0.35,0.65,0.35,0.65
Qwen/Qwen2.5-7B-Instruct,NVIDIA GeForce RTX 5060 Ti,42,MultiFieldQA-en,5,16,521,structural,41.9185,43.3079,43.0406,0.0,0,0,0,1,119,375,375,375,56448000000,56448000000,56448000000,6.07,0.021,0.9,0.1,0.35,0.65,0.35,0.65
Qwen/Qwen2.5-7B-Instruct,NVIDIA GeForce RTX 5060 Ti,42,MultiFieldQA-en,5,16,522,multi-hop,70.4373,0.0,0.0,0.0,0,1,1,1,34,290,290,290,33758412800,33758412800,33758412800,6.07,0.021,0.9,0.1,0.35,0.65,0.35,0.65
Qwen/Qwen2.5-7B-Instruct,NVIDIA GeForce RTX 5060 Ti,42,MultiFieldQA-en,5,16,523,semantic,71.4896,0.0,69.4954,0.0,0,1,0,1,150,406,406,406,66166489088,66166489088,66166489088,6.07,0.021,0.9,0.1,0.35,0.65,0.35,0.65
Qwen/Qwen2.5-7B-Instruct,NVIDIA GeForce RTX 5060 Ti,42,MultiFieldQA-en,5,16,524,multi-hop,41.1133,43.2394,0.0,0.0,0,0,1,1,60,316,316,316,40082997248,40082997248,40082997248,6.07,0.021,0.9,0.1,0.35,0.65,0.35,0.65
Qwen/Qwen2.5-7B-Instruct,NVIDIA GeForce RTX 5060 Ti,42,MultiFieldQA-en,5,16,525,semantic,50.267,0.0,0.0,0.0,0,1,1,1,108,364,364,364,53184954368,53184954368,53184954368,6.07,0.021,0.9,0.1,0.35,0.65,0.35,0.65
Qwen/Qwen2.5-7B-Instruct,NVIDIA GeForce RTX 5060 Ti,42,MultiFieldQA-en,5,16,526,multi-hop,0.0,0.0,42.3887,43.6933,1,1,0,0,247,503,503,503,101559836672,101559836672,101559836672,6.07,0.021,0.9,0.1,0.35,0.65,0.35,0.65
Qwen/Qwen2.5-7B-Instruct,NVIDIA GeForce RTX 5060 Ti,42,MultiFieldQA-en,5,16,527,semantic,65.7175,0.0,0.0,0.0,0,1,1,1,155,411,411,411,67806240768,67806240768,67806240768,6.07,0.021,0.9,0.1,0.35,0.65,0.35,0.65
Qwen/Qwen2.5-7B-Instruct,NVIDIA GeForce RTX 5060 Ti,42,MultiFieldQA-en,5,16,528,semantic,51.8052,0.0,47.8398,48.5799,0,1,0,0,88,344,344,344,47501017088,47501017088,47501017088,6.07,0.021,0.9,0.1,0.35,0.65,0.35,0.65
Qwen/Qwen2.5-7B-Instruct,NVIDIA GeForce RTX 5060 Ti,42,MultiFieldQA-en,5,16,529,structural,47.5532,0.0,48.9558,0.0,0,1,0,1,73,329,329,329,43448803328,43448803328,43448803328,6.07,0.021,0.9,0.1,0.35,0.65,0.35,0.65
Qwen/Qwen2.5-7B-Instruct,NVIDIA GeForce RTX 5060 Ti,42,MultiFieldQA-en,5,16,530,semantic,47.8239,0.0,0.0,0.0,0,1,1,1,80,336,336,336,45317357568,45317357568,45317357568,6.07,0.021,0.9,0.1,0.35,0.65,0.35,0.65
Qwen/Qwen2.5-7B-Instruct,NVIDIA GeForce RTX 5060 Ti,42,MultiFieldQA-en,5,16,531,structural,48.7736,49.2383,48.6305,0.0,0,0,0,1,68,324,324,324,42138206208,42138206208,42138206208,6.07,0.021,0.9,0.1,0.35,0.65,0.35,0.65
Qwen/Qwen2.5-7B-Instruct,NVIDIA GeForce RTX 5060 Ti,42,MultiFieldQA-en,5,16,532,multi-hop,53.174,0.0,53.5193,54.2649,0,1,0,0,135,391,391,391,61367656448,61367656448,61367656448,6.07,0.021,0.9,0.1,0.35,0.65,0.35,0.65
Qwen/Qwen2.5-7B-Instruct,NVIDIA GeForce RTX 5060 Ti,42,MultiFieldQA-en,5,16,533,semantic,42.8121,0.0,0.0,0.0,0,1,1,1,10,124,83,83,6172049408,2765299712,2765299712,6.07,0.021,0.9,0.1,0.35,0.65,0.35,0.65
Qwen/Qwen2.5-7B-Instruct,NVIDIA GeForce RTX 5060 Ti,42,MultiFieldQA-en,5,16,534,multi-hop,52.114,53.0262,51.9053,0.0,0,0,0,1,100,356,356,356,50872844288,50872844288,50872844288,6.07,0.021,0.9,0.1,0.35,0.65,0.35,0.65
Qwen/Qwen2.5-7B-Instruct,NVIDIA GeForce RTX 5060 Ti,42,MultiFieldQA-en,5,16,535,multi-hop,54.8529,0.0,55.9894,49.9326,0,1,0,0,201,457,457,457,83833659392,83833659392,83833659392,6.07,0.021,0.9,0.1,0.35,0.65,0.35,0.65
Qwen/Qwen2.5-7B-Instruct,NVIDIA GeForce RTX 5060 Ti,42,MultiFieldQA-en,5,16,536,multi-hop,48.5478,50.425,49.5339,0.0,0,0,0,1,144,400,400,400,64225280000,64225280000,64225280000,6.07,0.021,0.9,0.1,0.35,0.65,0.35,0.65
Qwen/Qwen2.5-7B-Instruct,NVIDIA GeForce RTX 5060 Ti,42,MultiFieldQA-en,5,16,537,structural,47.8384,58.445,0.0,0.0,0,0,1,1,103,359,359,359,51733864448,51733864448,51733864448,6.07,0.021,0.9,0.1,0.35,0.65,0.35,0.65
Qwen/Qwen2.5-7B-Instruct,NVIDIA GeForce RTX 5060 Ti,42,MultiFieldQA-en,5,16,538,multi-hop,39.7005,0.0,0.0,0.0,0,1,1,1,5,99,95,261,3934199808,3622707200,27344314368,6.07,0.021,0.9,0.1,0.35,0.65,0.35,0.65
Qwen/Qwen2.5-7B-Instruct,NVIDIA GeForce RTX 5060 Ti,42,MultiFieldQA-en,5,16,539,multi-hop,46.4764,0.0,0.0,52.5405,0,1,1,0,78,334,334,334,44779470848,44779470848,44779470848,6.07,0.021,0.9,0.1,0.35,0.65,0.35,0.65
Qwen/Qwen2.5-7B-Instruct,NVIDIA GeForce RTX 5060 Ti,42,MultiFieldQA-en,5,16,540,multi-hop,42.894,43.539,42.3456,0.0,0,0,0,1,51,307,307,307,37832302592,37832302592,37832302592,6.07,0.021,0.9,0.1,0.35,0.65,0.35,0.65
Qwen/Qwen2.5-7B-Instruct,NVIDIA GeForce RTX 5060 Ti,42,MultiFieldQA-en,5,16,541,multi-hop,42.1711,42.9798,42.7557,0.0,0,0,0,1,43,299,299,299,35886276608,35886276608,35886276608,6.07,0.021,0.9,0.1,0.35,0.65,0.35,0.65
Qwen/Qwen2.5-7B-Instruct,NVIDIA GeForce RTX 5060 Ti,42,MultiFieldQA-en,5,16,542,structural,46.6466,53.9343,51.7982,0.0,0,0,0,1,99,355,355,355,50587443200,50587443200,50587443200,6.07,0.021,0.9,0.1,0.35,0.65,0.35,0.65
Qwen/Qwen2.5-7B-Instruct,NVIDIA GeForce RTX 5060 Ti,42,MultiFieldQA-en,5,16,543,semantic,52.4917,0.0,53.0684,0.0,0,1,0,1,128,384,384,384,59190018048,59190018048,59190018048,6.07,0.021,0.9,0.1,0.35,0.65,0.35,0.65
Qwen/Qwen2.5-7B-Instruct,NVIDIA GeForce RTX 5060 Ti,42,MultiFieldQA-en,5,16,544,structural,42.0875,41.0603,41.0412,42.1267,0,0,0,0,114,370,370,370,54952755200,54952755200,54952755200,6.07,0.021,0.9,0.1,0.35,0.65,0.35,0.65
Qwen/Qwen2.5-7B-Instruct,NVIDIA GeForce RTX 5060 Ti,42,MultiFieldQA-en,5,16,545,multi-hop,45.5274,0.0,47.5877,47.4981,0,1,0,0,103,359,359,359,51733864448,51733864448,51733864448,6.07,0.021,0.9,0.1,0.35,0.65,0.35,0.65
Qwen/Qwen2.5-7B-Instruct,NVIDIA GeForce RTX 5060 Ti,42,MultiFieldQA-en,5,16,546,structural,50.5152,52.4857,52.3147,0.0,0,0,0,1,43,299,299,299,35886276608,35886276608,35886276608,6.07,0.021,0.9,0.1,0.35,0.65,0.35,0.65
Qwen/Qwen2.5-7B-Instruct,NVIDIA GeForce RTX 5060 Ti,42,MultiFieldQA-en,5,16,547,multi-hop,70.8379,0.0,0.0,0.0,0,1,1,1,135,391,391,391,61367656448,61367656448,61367656448,6.07,0.021,0.9,0.1,0.35,0.65,0.35,0.65
Qwen/Qwen2.5-7B-Instruct,NVIDIA GeForce RTX 5060 Ti,42,MultiFieldQA-en,5,16,548,multi-hop,52.2098,0.0,0.0,0.0,0,1,1,1,115,371,371,371,55250198528,55250198528,55250198528,6.07,0.021,0.9,0.1,0.35,0.65,0.35,0.65
Qwen/Qwen2.5-7B-Instruct,NVIDIA GeForce RTX 5060 Ti,42,MultiFieldQA-en,5,16,549,multi-hop,51.7281,52.9893,52.7783,0.0,0,0,0,1,102,358,358,358,51446054912,51446054912,51446054912,6.07,0.021,0.9,0.1,0.35,0.65,0.35,0.65
Qwen/Qwen2.5-7B-Instruct,NVIDIA GeForce RTX 5060 Ti,42,MultiFieldQA-en,5,16,550,multi-hop,51.6772,0.0,0.0,0.0,0,1,1,1,130,386,386,386,59808186368,59808186368,59808186368,6.07,0.021,0.9,0.1,0.35,0.65,0.35,0.65
Qwen/Qwen2.5-7B-Instruct,NVIDIA GeForce RTX 5060 Ti,42,MultiFieldQA-en,5,16,551,semantic,0.0,0.0,0.0,0.0,1,1,1,1,114,370,370,370,54952755200,54952755200,54952755200,6.07,0.021,0.9,0.1,0.35,0.65,0.35,0.65
Qwen/Qwen2.5-7B-Instruct,NVIDIA GeForce RTX 5060 Ti,42,MultiFieldQA-en,5,16,552,structural,51.609,0.0,0.0,0.0,0,1,1,1,108,364,364,364,53184954368,53184954368,53184954368,6.07,0.021,0.9,0.1,0.35,0.65,0.35,0.65
Qwen/Qwen2.5-7B-Instruct,NVIDIA GeForce RTX 5060 Ti,42,MultiFieldQA-en,5,16,553,semantic,43.249,0.0,50.1391,45.75,0,1,0,0,15,271,271,271,29479804928,29479804928,29479804928,6.07,0.021,0.9,0.1,0.35,0.65,0.35,0.65
Qwen/Qwen2.5-7B-Instruct,NVIDIA GeForce RTX 5060 Ti,42,MultiFieldQA-en,5,16,554,multi-hop,50.6055,0.0,0.0,51.9433,0,1,1,0,73,329,329,329,43448803328,43448803328,43448803328,6.07,0.021,0.9,0.1,0.35,0.65,0.35,0.65
Qwen/Qwen2.5-7B-Instruct,NVIDIA GeForce RTX 5060 Ti,42,MultiFieldQA-en,5,16,555,semantic,51.4536,0.0,52.7877,0.0,0,1,0,1,137,393,393,393,61997064192,61997064192,61997064192,6.07,0.021,0.9,0.1,0.35,0.65,0.35,0.65
Qwen/Qwen2.5-7B-Instruct,NVIDIA GeForce RTX 5060 Ti,42,MultiFieldQA-en,5,16,556,multi-hop,50.3095,0.0,0.0,53.26,0,1,1,0,105,361,361,361,52311891968,52311891968,52311891968,6.07,0.021,0.9,0.1,0.35,0.65,0.35,0.65
Qwen/Qwen2.5-7B-Instruct,NVIDIA GeForce RTX 5060 Ti,42,MultiFieldQA-en,5,16,557,multi-hop,69.6749,68.1371,70.3354,71.4997,0,0,0,0,5,99,95,261,3934199808,3622707200,27344314368,6.07,0.021,0.9,0.1,0.35,0.65,0.35,0.65
Qwen/Qwen2.5-7B-Instruct,NVIDIA GeForce RTX 5060 Ti,42,MultiFieldQA-en,5,16,558,structural,42.6432,44.2783,0.0,0.0,0,0,1,1,111,367,367,367,54065242112,54065242112,54065242112,6.07,0.021,0.9,0.1,0.35,0.65,0.35,0.65
Qwen/Qwen2.5-7B-Instruct,NVIDIA GeForce RTX 5060 Ti,42,MultiFieldQA-en,5,16,559,structural,53.2355,58.7304,53.9813,0.0,0,0,0,1,68,324,324,324,42138206208,42138206208,42138206208,6.07,0.021,0.9,0.1,0.35,0.65,0.35,0.65
Qwen/Qwen2.5-7B-Instruct,NVIDIA GeForce RTX 5060 Ti,42,MultiFieldQA-en,5,16,560,multi-hop,50.5119,0.0,0.0,0.0,0,1,1,1,32,288,288,288,33294385152,33294385152,33294385152,6.07,0.021,0.9,0.1,0.35,0.65,0.35,0.65
Qwen/Qwen2.5-7B-Instruct,NVIDIA GeForce RTX 5060 Ti,42,MultiFieldQA-en,5,16,561,structural,46.8824,48.9186,46.0391,0.0,0,0,0,1,95,351,351,351,49453867008,49453867008,49453867008,6.07,0.021,0.9,0.1,0.35,0.65,0.35,0.65
Qwen/Qwen2.5-7B-Instruct,NVIDIA GeForce RTX 5060 Ti,42,MultiFieldQA-en,5,16,562,semantic,53.5894,0.0,0.0,51.2658,0,1,1,0,94,350,350,350,49172480000,49172480000,49172480000,6.07,0.021,0.9,0.1,0.35,0.65,0.35,0.65
Qwen/Qwen2.5-7B-Instruct,NVIDIA GeForce RTX 5060 Ti,42,MultiFieldQA-en,5,16,563,multi-hop,52.8653,49.4176,48.5203,49.6481,0,0,0,0,127,383,383,383,58882138112,58882138112,58882138112,6.07,0.021,0.9,0.1,0.35,0.65,0.35,0.65
Qwen/Qwen2.5-7B-Instruct,NVIDIA GeForce RTX 5060 Ti,42,MultiFieldQA-en,5,16,564,semantic,42.882,0.0,43.5453,41.9247,0,1,0,0,81,337,337,337,45587505152,45587505152,45587505152,6.07,0.021,0.9,0.1,0.35,0.65,0.35,0.65
Qwen/Qwen2.5-7B-Instruct,NVIDIA GeForce RTX 5060 Ti,42,MultiFieldQA-en,5,16,565,semantic,48.2064,0.0,49.232,0.0,0,1,0,1,142,398,398,398,63584632832,63584632832,63584632832,6.07,0.021,0.9,0.1,0.35,0.65,0.35,0.65
Qwen/Qwen2.5-7B-Instruct,NVIDIA GeForce RTX 5060 Ti,42,MultiFieldQA-en,5,16,566,structural,0.0,0.0,0.0,0.0,1,1,1,1,41,297,297,297,35407798272,35407798272,35407798272,6.07,0.021,0.9,0.1,0.35,0.65,0.35,0.65
Qwen/Qwen2.5-7B-Instruct,NVIDIA GeForce RTX 5060 Ti,42,MultiFieldQA-en,5,16,567,semantic,47.2996,0.0,47.0789,48.8929,0,1,0,0,78,334,334,334,44779470848,44779470848,44779470848,6.07,0.021,0.9,0.1,0.35,0.65,0.35,0.65
Qwen/Qwen2.5-7B-Instruct,NVIDIA GeForce RTX 5060 Ti,42,MultiFieldQA-en,5,16,568,multi-hop,47.7778,48.3136,0.0,0.0,0,0,1,1,83,339,339,339,46130208768,46130208768,46130208768,6.07,0.021,0.9,0.1,0.35,0.65,0.35,0.65
Qwen/Qwen2.5-7B-Instruct,NVIDIA GeForce RTX 5060 Ti,42,MultiFieldQA-en,5,16,569,multi-hop,42.9375,0.0,47.5735,42.0544,0,1,0,0,106,362,362,362,52602109952,52602109952,52602109952,6.07,0.021,0.9,0.1,0.35,0.65,0.35,0.65
Qwen/Qwen2.5-7B-Instruct,NVIDIA GeForce RTX 5060 Ti,42,MultiFieldQA-en,5,16,570,multi-hop,54.086,48.3809,51.4762,0.0,0,0,0,1,6,83,262,262,2765299712,27554250752,27554250752,6.07,0.021,0.9,0.1,0.35,0.65,0.35,0.65
Qwen/Qwen2.5-7B-Instruct,NVIDIA GeForce RTX 5060 Ti,42,MultiFieldQA-en,5,16,571,multi-hop,41.6254,46.8624,40.3348,0.0,0,0,0,1,102,358,358,351,51446054912,51446054912,49453867008,6.07,0.021,0.9,0.1,0.35,0.65,0.35,0.65
Qwen/Qwen2.5-7B-Instruct,NVIDIA GeForce RTX 5060 Ti,42,MultiFieldQA-en,5,16,572,multi-hop,49.3809,0.0,0.0,48.9015,0,1,1,0,127,383,383,383,58882138112,58882138112,58882138112,6.07,0.021,0.9,0.1,0.35,0.65,0.35,0.65
Qwen/Qwen2.5-7B-Instruct,NVIDIA GeForce RTX 5060 Ti,42,MultiFieldQA-en,5,16,573,multi-hop,55.7281,0.0,0.0,53.2106,0,1,1,0,96,352,352,352,49736056832,49736056832,49736056832,6.07,0.021,0.9,0.1,0.35,0.65,0.35,0.65
Qwen/Qwen2.5-7B-Instruct,NVIDIA GeForce RTX 5060 Ti,42,MultiFieldQA-en,5,16,574,semantic,54.679,0.0,0.0,0.0,0,1,1,1,72,328,328,328,43185078272,43185078272,43185078272,6.07,0.021,0.9,0.1,0.35,0.65,0.35,0.65
Qwen/Qwen2.5-7B-Instruct,NVIDIA GeForce RTX 5060 Ti,42,MultiFieldQA-en,5,16,575,multi-hop,65.4035,66.7098,66.7684,0.0,0,0,0,1,20,276,276,276,30577655808,30577655808,30577655808,6.07,0.021,0.9,0.1,0.35,0.65,0.35,0.65
Qwen/Qwen2.5-7B-Instruct,NVIDIA GeForce RTX 5060 Ti,42,MultiFieldQA-en,5,16,576,structural,47.2874,49.3781,48.3682,49.0755,0,0,0,0,21,277,277,277,30799634432,30799634432,30799634432,6.07,0.021,0.9,0.1,0.35,0.65,0.35,0.65
Qwen/Qwen2.5-7B-Instruct,NVIDIA GeForce RTX 5060 Ti,42,MultiFieldQA-en,5,16,577,multi-hop,69.7345,0.0,70.4999,66.6321,0,1,0,0,48,304,304,304,37096521728,37096521728,37096521728,6.07,0.021,0.9,0.1,0.35,0.65,0.35,0.65
Qwen/Qwen2.5-7B-Instruct,NVIDIA GeForce RTX 5060 Ti,42,MultiFieldQA-en,5,16,578,structural,42.0447,0.0,0.0,0.0,0,1,1,1,124,378,380,380,57354780672,57963315200,57963315200,6.07,0.021,0.9,0.1,0.35,0.65,0.35,0.65
Qwen/Qwen2.5-7B-Instruct,NVIDIA GeForce RTX 5060 Ti,42,MultiFieldQA-en,5,16,579,multi-hop,47.4877,55.197,53.7545,0.0,0,0,0,1,93,349,349,336,48891895808,48891895808,45317357568,6.07,0.021,0.9,0.1,0.35,0.65,0.35,0.65
Qwen/Qwen2.5-7B-Instruct,NVIDIA GeForce RTX 5060 Ti,42,MultiFieldQA-en,5,16,580,multi-hop,43.6301,0.0,48.8272,43.5185,0,1,0,0,99,355,355,355,50587443200,50587443200,50587443200,6.07,0.021,0.9,0.1,0.35,0.65,0.35,0.65
Qwen/Qwen2.5-7B-Instruct,NVIDIA GeForce RTX 5060 Ti,42,MultiFieldQA-en,5,16,581,semantic,47.7102,0.0,0.0,0.0,0,1,1,1,101,357,357,357,51159048192,51159048192,51159048192,6.07,0.021,0.9,0.1,0.35,0.65,0.35,0.65
Qwen/Qwen2.5-7B-Instruct,NVIDIA GeForce RTX 5060 Ti,42,MultiFieldQA-en,5,16,582,semantic,51.261,0.0,0.0,0.0,0,1,1,1,92,348,348,348,48612114432,48612114432,48612114432,6.07,0.021,0.9,0.1,0.35,0.65,0.35,0.65
Qwen/Qwen2.5-7B-Instruct,NVIDIA GeForce RTX 5060 Ti,42,MultiFieldQA-en,5,16,583,multi-hop,52.2406,55.5497,54.4143,0.0,0,0,0,1,86,342,342,342,46950285312,46950285312,46950285312,6.07,0.021,0.9,0.1,0.35,0.65,0.35,0.65
Qwen/Qwen2.5-7B-Instruct,NVIDIA GeForce RTX 5060 Ti,42,MultiFieldQA-en,5,16,584,multi-hop,53.0207,53.4227,53.3212,54.1944,0,0,0,0,85,341,341,341,46676123648,46676123648,46676123648,6.07,0.021,0.9,0.1,0.35,0.65,0.35,0.65
Qwen/Qwen2.5-7B-Instruct,NVIDIA GeForce RTX 5060 Ti,42,MultiFieldQA-en,5,16,585,multi-hop,53.9141,54.9855,54.8521,53.53,0,0,0,0,101,357,357,357,51159048192,51159048192,51159048192,6.07,0.021,0.9,0.1,0.35,0.65,0.35,0.65
Qwen/Qwen2.5-7B-Instruct,NVIDIA GeForce RTX 5060 Ti,42,MultiFieldQA-en,5,16,586,semantic,71.2926,0.0,0.0,0.0,0,1,1,1,114,370,370,370,54952755200,54952755200,54952755200,6.07,0.021,0.9,0.1,0.35,0.65,0.35,0.65
Qwen/Qwen2.5-7B-Instruct,NVIDIA GeForce RTX 5060 Ti,42,MultiFieldQA-en,5,16,587,semantic,70.9242,0.0,66.1451,0.0,0,1,0,1,125,381,381,381,58268786688,58268786688,58268786688,6.07,0.021,0.9,0.1,0.35,0.65,0.35,0.65
Qwen/Qwen2.5-7B-Instruct,NVIDIA GeForce RTX 5060 Ti,42,MultiFieldQA-en,5,16,588,multi-hop,50.1987,48.4923,47.5119,52.4879,0,0,0,0,1,10,10,10,40140800,40140800,40140800,6.07,0.021,0.9,0.1,0.35,0.65,0.35,0.65
Qwen/Qwen2.5-7B-Instruct,NVIDIA GeForce RTX 5060 Ti,42,MultiFieldQA-en,5,16,589,semantic,66.6745,0.0,0.0,0.0,0,1,1,1,73,329,329,329,43448803328,43448803328,43448803328,6.07,0.021,0.9,0.1,0.35,0.65,0.35,0.65
Qwen/Qwen2.5-7B-Instruct,NVIDIA GeForce RTX 5060 Ti,42,MultiFieldQA-en,5,16,590,structural,64.8714,66.8495,76.8983,0.0,0,0,0,1,42,298,298,298,35646636032,35646636032,35646636032,6.07,0.021,0.9,0.1,0.35,0.65,0.35,0.65
Qwen/Qwen2.5-7B-Instruct,NVIDIA GeForce RTX 5060 Ti,42,MultiFieldQA-en,5,16,591,semantic,46.9732,0.0,0.0,49.6471,0,1,1,0,122,378,378,378,57354780672,57354780672,57354780672,6.07,0.021,0.9,0.1,0.35,0.65,0.35,0.65
Qwen/Qwen2.5-7B-Instruct,NVIDIA GeForce RTX 5060 Ti,42,MultiFieldQA-en,5,16,592,structural,59.0046,52.2936,0.0,0.0,0,0,1,1,51,307,307,307,37832302592,37832302592,37832302592,6.07,0.021,0.9,0.1,0.35,0.65,0.35,0.65
Qwen/Qwen2.5-7B-Instruct,NVIDIA GeForce RTX 5060 Ti,42,MultiFieldQA-en,5,16,593,semantic,52.8874,0.0,56.1795,0.0,0,1,0,1,141,397,397,397,63265513472,63265513472,63265513472,6.07,0.021,0.9,0.1,0.35,0.65,0.35,0.65
Qwen/Qwen2.5-7B-Instruct,NVIDIA GeForce RTX 5060 Ti,42,MultiFieldQA-en,5,16,594,structural,53.4171,51.9574,51.7449,0.0,0,0,0,1,5,85,83,261,2900172800,2765299712,27344314368,6.07,0.021,0.9,0.1,0.35,0.65,0.35,0.65
Qwen/Qwen2.5-7B-Instruct,NVIDIA GeForce RTX 5060 Ti,42,MultiFieldQA-en,5,16,595,multi-hop,52.1633,54.6622,0.0,0.0,0,0,1,1,81,337,337,337,45587505152,45587505152,45587505152,6.07,0.021,0.9,0.1,0.35,0.65,0.35,0.65
Qwen/Qwen2.5-7B-Instruct,NVIDIA GeForce RTX 5060 Ti,42,MultiFieldQA-en,5,16,596,multi-hop,53.1195,55.139,0.0,0.0,0,0,1,1,92,348,348,348,48612114432,48612114432,48612114432,6.07,0.021,0.9,0.1,0.35,0.65,0.35,0.65
Qwen/Qwen2.5-7B-Instruct,NVIDIA GeForce RTX 5060 Ti,42,MultiFieldQA-en,5,16,597,semantic,50.0722,0.0,51.6889,53.0766,0,1,0,0,85,341,341,341,46676123648,46676123648,46676123648,6.07,0.021,0.9,0.1,0.35,0.65,0.35,0.65
Qwen/Qwen2.5-7B-Instruct,NVIDIA GeForce RTX 5060 Ti,42,MultiFieldQA-en,5,16,598,multi-hop,52.3478,53.3762,52.6327,0.0,0,0,0,1,21,277,277,277,30799634432,30799634432,30799634432,6.07,0.021,0.9,0.1,0.35,0.65,0.35,0.65
Qwen/Qwen2.5-7B-Instruct,NVIDIA GeForce RTX 5060 Ti,42,MultiFieldQA-en,5,16,599,multi-hop,47.2564,0.0,46.2411,44.6073,0,1,0,0,83,339,339,339,46130208768,46130208768,46130208768,6.07,0.021,0.9,0.1,0.35,0.65,0.35,0.65
Qwen/Qwen2.5-7B-Instruct,NVIDIA GeForce RTX 5060 Ti,42,MultiFieldQA-en,6,16,0,structural,44.2798,46.1332,51.0497,0.0,0,0,0,1,107,363,363,363,52893130752,52893130752,52893130752,6.07,0.021,0.9,0.1,0.35,0.65,0.35,0.65
Qwen/Qwen2.5-7B-Instruct,NVIDIA GeForce RTX 5060 Ti,42,MultiFieldQA-en,6,16,1,multi-hop,44.3931,46.4735,43.909,0.0,0,0,0,1,114,370,370,370,54952755200,54952755200,54952755200,6.07,0.021,0.9,0.1,0.35,0.65,0.35,0.65
Qwen/Qwen2.5-7B-Instruct,NVIDIA GeForce RTX 5060 Ti,42,MultiFieldQA-en,6,16,2,multi-hop,50.905,0.0,52.9449,52.45,0,1,0,0,91,347,347,347,48333135872,48333135872,48333135872,6.07,0.021,0.9,0.1,0.35,0.65,0.35,0.65
Qwen/Qwen2.5-7B-Instruct,NVIDIA GeForce RTX 5060 Ti,42,MultiFieldQA-en,6,16,3,semantic,41.1722,0.0,0.0,0.0,0,1,1,1,85,341,341,341,46676123648,46676123648,46676123648,6.07,0.021,0.9,0.1,0.35,0.65,0.35,0.65
Qwen/Qwen2.5-7B-Instruct,NVIDIA GeForce RTX 5060 Ti,42,MultiFieldQA-en,6,16,4,structural,50.5708,51.0587,51.1489,0.0,0,0,0,1,65,321,321,321,41361481728,41361481728,41361481728,6.07,0.021,0.9,0.1,0.35,0.65,0.35,0.65
Qwen/Qwen2.5-7B-Instruct,NVIDIA GeForce RTX 5060 Ti,42,MultiFieldQA-en,6,16,5,multi-hop,49.7793,0.0,50.8855,50.4587,0,1,0,0,119,375,375,375,56448000000,56448000000,56448000000,6.07,0.021,0.9,0.1,0.35,0.65,0.35,0.65
Qwen/Qwen2.5-7B-Instruct,NVIDIA GeForce RTX 5060 Ti,42,MultiFieldQA-en,6,16,6,structural,58.2848,55.9198,0.0,0.0,0,0,1,1,156,412,412,412,68136599552,68136599552,68136599552,6.07,0.021,0.9,0.1,0.35,0.65,0.35,0.65
Qwen/Qwen2.5-7B-Instruct,NVIDIA GeForce RTX 5060 Ti,42,MultiFieldQA-en,6,16,7,multi-hop,53.3937,55.2929,53.3284,0.0,0,0,0,1,144,400,400,400,64225280000,64225280000,64225280000,6.07,0.021,0.9,0.1,0.35,0.65,0.35,0.65
Qwen/Qwen2.5-7B-Instruct,NVIDIA GeForce RTX 5060 Ti,42,MultiFieldQA-en,6,16,8,multi-hop,50.4672,0.0,52.3773,52.3909,0,1,0,0,108,364,364,364,53184954368,53184954368,53184954368,6.07,0.021,0.9,0.1,0.35,0.65,0.35,0.65
Qwen/Qwen2.5-7B-Instruct,NVIDIA GeForce RTX 5060 Ti,42,MultiFieldQA-en,6,16,9,structural,53.2138,54.5278,52.903,54.1009,0,0,0,0,102,358,358,358,51446054912,51446054912,51446054912,6.07,0.021,0.9,0.1,0.35,0.65,0.35,0.65
Qwen/Qwen2.5-7B-Instruct,NVIDIA GeForce RTX 5060 Ti,42,MultiFieldQA-en,6,16,10,multi-hop,51.9854,0.0,53.6136,53.5028,0,1,0,0,127,383,383,383,58882138112,58882138112,58882138112,6.07,0.021,0.9,0.1,0.35,0.65,0.35,0.65
Qwen/Qwen2.5-7B-Instruct,NVIDIA GeForce RTX 5060 Ti,42,MultiFieldQA-en,6,16,11,semantic,53.7685,0.0,0.0,0.0,0,1,1,1,91,347,347,347,48333135872,48333135872,48333135872,6.07,0.021,0.9,0.1,0.35,0.65,0.35,0.65
Qwen/Qwen2.5-7B-Instruct,NVIDIA GeForce RTX 5060 Ti,42,MultiFieldQA-en,6,16,12,semantic,48.2905,0.0,49.596,49.5244,0,1,0,0,119,375,375,375,56448000000,56448000000,56448000000,6.07,0.021,0.9,0.1,0.35,0.65,0.35,0.65
Qwen/Qwen2.5-7B-Instruct,NVIDIA GeForce RTX 5060 Ti,42,MultiFieldQA-en,6,16,13,semantic,48.5108,0.0,49.2871,107.141,0,1,0,0,27,283,283,283,32148365312,32148365312,32148365312,6.07,0.021,0.9,0.1,0.35,0.65,0.35,0.65
Qwen/Qwen2.5-7B-Instruct,NVIDIA GeForce RTX 5060 Ti,42,MultiFieldQA-en,6,16,14,multi-hop,55.6494,0.0,49.8547,48.5625,0,1,0,0,101,357,357,357,51159048192,51159048192,51159048192,6.07,0.021,0.9,0.1,0.35,0.65,0.35,0.65
Qwen/Qwen2.5-7B-Instruct,NVIDIA GeForce RTX 5060 Ti,42,MultiFieldQA-en,6,16,15,structural,47.2749,0.0,0.0,0.0,0,1,1,1,43,299,299,299,35886276608,35886276608,35886276608,6.07,0.021,0.9,0.1,0.35,0.65,0.35,0.65
Qwen/Qwen2.5-7B-Instruct,NVIDIA GeForce RTX 5060 Ti,42,MultiFieldQA-en,6,16,16,structural,47.1674,50.2189,0.0,0.0,0,0,1,1,119,375,375,375,56448000000,56448000000,56448000000,6.07,0.021,0.9,0.1,0.35,0.65,0.35,0.65
Qwen/Qwen2.5-7B-Instruct,NVIDIA GeForce RTX 5060 Ti,42,MultiFieldQA-en,6,16,17,semantic,42.4373,0.0,0.0,0.0,0,1,1,1,121,377,377,377,57051717632,57051717632,57051717632,6.07,0.021,0.9,0.1,0.35,0.65,0.35,0.65
Qwen/Qwen2.5-7B-Instruct,NVIDIA GeForce RTX 5060 Ti,42,MultiFieldQA-en,6,16,18,semantic,42.5842,0.0,41.6294,0.0,0,1,0,1,90,346,346,346,48054960128,48054960128,48054960128,6.07,0.021,0.9,0.1,0.35,0.65,0.35,0.65
Qwen/Qwen2.5-7B-Instruct,NVIDIA GeForce RTX 5060 Ti,42,MultiFieldQA-en,6,16,19,multi-hop,42.6178,44.0318,0.0,0.0,0,0,1,1,125,381,381,381,58268786688,58268786688,58268786688,6.07,0.021,0.9,0.1,0.35,0.65,0.35,0.65
Qwen/Qwen2.5-7B-Instruct,NVIDIA GeForce RTX 5060 Ti,42,MultiFieldQA-en,6,16,20,multi-hop,50.2313,50.805,49.3496,50.5584,0,0,0,0,150,406,406,406,66166489088,66166489088,66166489088,6.07,0.021,0.9,0.1,0.35,0.65,0.35,0.65
Qwen/Qwen2.5-7B-Instruct,NVIDIA GeForce RTX 5060 Ti,42,MultiFieldQA-en,6,16,21,multi-hop,42.3462,0.0,0.0,0.0,0,1,1,1,73,329,329,329,43448803328,43448803328,43448803328,6.07,0.021,0.9,0.1,0.35,0.65,0.35,0.65
Qwen/Qwen2.5-7B-Instruct,NVIDIA GeForce RTX 5060 Ti,42,MultiFieldQA-en,6,16,22,structural,46.9347,53.8638,49.3014,0.0,0,0,0,1,83,339,339,339,46130208768,46130208768,46130208768,6.07,0.021,0.9,0.1,0.35,0.65,0.35,0.65
Qwen/Qwen2.5-7B-Instruct,NVIDIA GeForce RTX 5060 Ti,42,MultiFieldQA-en,6,16,23,semantic,47.6174,0.0,0.0,0.0,0,1,1,1,65,321,321,321,41361481728,41361481728,41361481728,6.07,0.021,0.9,0.1,0.35,0.65,0.35,0.65
Qwen/Qwen2.5-7B-Instruct,NVIDIA GeForce RTX 5060 Ti,42,MultiFieldQA-en,6,16,24,semantic,43.3707,0.0,43.8119,0.0,0,1,0,1,43,299,299,299,35886276608,35886276608,35886276608,6.07,0.021,0.9,0.1,0.35,0.65,0.35,0.65
Qwen/Qwen2.5-7B-Instruct,NVIDIA GeForce RTX 5060 Ti,42,MultiFieldQA-en,6,16,25,multi-hop,48.8364,0.0,53.1638,51.8518,0,1,0,0,103,359,359,359,51733864448,51733864448,51733864448,6.07,0.021,0.9,0.1,0.35,0.65,0.35,0.65
Qwen/Qwen2.5-7B-Instruct,NVIDIA GeForce RTX 5060 Ti,42,MultiFieldQA-en,6,16,26,multi-hop,83.9662,0.0,85.2363,86.4037,0,1,0,0,4,260,260,260,27135180800,27135180800,27135180800,6.07,0.021,0.9,0.1,0.35,0.65,0.35,0.65
Qwen/Qwen2.5-7B-Instruct,NVIDIA GeForce RTX 5060 Ti,42,MultiFieldQA-en,6,16,27,multi-hop,48.7463,50.1165,49.9216,0.0,0,0,0,1,110,366,366,366,53771010048,53771010048,53771010048,6.07,0.021,0.9,0.1,0.35,0.65,0.35,0.65
Qwen/Qwen2.5-7B-Instruct,NVIDIA GeForce RTX 5060 Ti,42,MultiFieldQA-en,6,16,28,semantic,37.3319,0.0,39.5056,37.4281,0,1,0,0,1,12,12,12,57802752,57802752,57802752,6.07,0.021,0.9,0.1,0.35,0.65,0.35,0.65
Qwen/Qwen2.5-7B-Instruct,NVIDIA GeForce RTX 5060 Ti,42,MultiFieldQA-en,6,16,29,structural,39.7957,0.0,0.0,0.0,0,1,1,1,26,130,130,197,6783795200,6783795200,15578243072,6.07,0.021,0.9,0.1,0.35,0.65,0.35,0.65
Qwen/Qwen2.5-7B-Instruct,NVIDIA GeForce RTX 5060 Ti,42,MultiFieldQA-en,6,16,30,multi-hop,0.0,0.0,0.0,49.4817,1,1,1,0,119,375,375,375,56448000000,56448000000,56448000000,6.07,0.021,0.9,0.1,0.35,0.65,0.35,0.65
Qwen/Qwen2.5-7B-Instruct,NVIDIA GeForce RTX 5060 Ti,42,MultiFieldQA-en,6,16,31,multi-hop,0.0,0.0,38.1535,38.1836,1,1,0,0,1,12,12,12,57802752,57802752,57802752,6.07,0.021,0.9,0.1,0.35,0.65,0.35,0.65
Qwen/Qwen2.5-7B-Instruct,NVIDIA GeForce RTX 5060 Ti,42,MultiFieldQA-en,6,16,32,semantic,48.5631,0.0,0.0,0.0,0,1,1,1,73,329,329,329,43448803328,43448803328,43448803328,6.07,0.021,0.9,0.1,0.35,0.65,0.35,0.65
Qwen/Qwen2.5-7B-Instruct,NVIDIA GeForce RTX 5060 Ti,42,MultiFieldQA-en,6,16,33,structural,63.9957,0.0,0.0,0.0,0,1,1,1,111,367,367,367,54065242112,54065242112,54065242112,6.07,0.021,0.9,0.1,0.35,0.65,0.35,0.65
Qwen/Qwen2.5-7B-Instruct,NVIDIA GeForce RTX 5060 Ti,42,MultiFieldQA-en,6,16,34,structural,41.5506,43.285,41.7823,0.0,0,0,0,1,107,363,363,363,52893130752,52893130752,52893130752,6.07,0.021,0.9,0.1,0.35,0.65,0.35,0.65
Qwen/Qwen2.5-7B-Instruct,NVIDIA GeForce RTX 5060 Ti,42,MultiFieldQA-en,6,16,35,semantic,47.9164,0.0,0.0,0.0,0,1,1,1,88,344,344,344,47501017088,47501017088,47501017088,6.07,0.021,0.9,0.1,0.35,0.65,0.35,0.65
Qwen/Qwen2.5-7B-Instruct,NVIDIA GeForce RTX 5060 Ti,42,MultiFieldQA-en,6,16,36,structural,62.5953,0.0,0.0,0.0,0,1,1,1,104,360,360,360,52022476800,52022476800,52022476800,6.07,0.021,0.9,0.1,0.35,0.65,0.35,0.65
Qwen/Qwen2.5-7B-Instruct,NVIDIA GeForce RTX 5060 Ti,42,MultiFieldQA-en,6,16,37,multi-hop,41.1202,0.0,44.0123,50.4664,0,1,0,0,106,362,362,362,52602109952,52602109952,52602109952,6.07,0.021,0.9,0.1,0.35,0.65,0.35,0.65
Qwen/Qwen2.5-7B-Instruct,NVIDIA GeForce RTX 5060 Ti,42,MultiFieldQA-en,6,16,38,multi-hop,41.813,0.0,0.0,47.6978,0,1,1,0,134,390,390,390,61054156800,61054156800,61054156800,6.07,0.021,0.9,0.1,0.35,0.65,0.35,0.65
Qwen/Qwen2.5-7B-Instruct,NVIDIA GeForce RTX 5060 Ti,42,MultiFieldQA-en,6,16,39,multi-hop,43.814,45.876,44.4507,43.7691,0,0,0,0,177,433,433,433,75259584512,75259584512,75259584512,6.07,0.021,0.9,0.1,0.35,0.65,0.35,0.65
Qwen/Qwen2.5-7B-Instruct,NVIDIA GeForce RTX 5060 Ti,42,MultiFieldQA-en,6,16,40,semantic,45.7481,0.0,0.0,0.0,0,1,1,1,35,238,130,130,22737354752,6783795200,6783795200,6.07,0.021,0.9,0.1,0.35,0.65,0.35,0.65
Qwen/Qwen2.5-7B-Instruct,NVIDIA GeForce RTX 5060 Ti,42,MultiFieldQA-en,6,16,41,multi-hop,49.1898,50.0907,48.834,50.1404,0,0,0,0,110,366,366,366,53771010048,53771010048,53771010048,6.07,0.021,0.9,0.1,0.35,0.65,0.35,0.65
Qwen/Qwen2.5-7B-Instruct,NVIDIA GeForce RTX 5060 Ti,42,MultiFieldQA-en,6,16,42,semantic,42.0205,0.0,43.79,42.2663,0,1,0,0,107,363,363,363,52893130752,52893130752,52893130752,6.07,0.021,0.9,0.1,0.35,0.65,0.35,0.65
Qwen/Qwen2.5-7B-Instruct,NVIDIA GeForce RTX 5060 Ti,42,MultiFieldQA-en,6,16,43,semantic,63.5557,0.0,50.9851,49.4489,0,1,0,0,93,349,349,349,48891895808,48891895808,48891895808,6.07,0.021,0.9,0.1,0.35,0.65,0.35,0.65
Qwen/Qwen2.5-7B-Instruct,NVIDIA GeForce RTX 5060 Ti,42,MultiFieldQA-en,6,16,44,multi-hop,38.1132,39.2089,81.9312,0.0,0,0,0,1,120,376,376,376,56749457408,56749457408,56749457408,6.07,0.021,0.9,0.1,0.35,0.65,0.35,0.65
Qwen/Qwen2.5-7B-Instruct,NVIDIA GeForce RTX 5060 Ti,42,MultiFieldQA-en,6,16,45,structural,47.8306,0.0,0.0,0.0,0,1,1,1,115,371,371,371,55250198528,55250198528,55250198528,6.07,0.021,0.9,0.1,0.35,0.65,0.35,0.65
Qwen/Qwen2.5-7B-Instruct,NVIDIA GeForce RTX 5060 Ti,42,MultiFieldQA-en,6,16,46,structural,42.1078,43.6666,42.8829,0.0,0,0,0,1,43,299,299,299,35886276608,35886276608,35886276608,6.07,0.021,0.9,0.1,0.35,0.65,0.35,0.65
Qwen/Qwen2.5-7B-Instruct,NVIDIA GeForce RTX 5060 Ti,42,MultiFieldQA-en,6,16,47,semantic,49.3271,0.0,0.0,0.0,0,1,1,1,111,367,367,367,54065242112,54065242112,54065242112,6.07,0.021,0.9,0.1,0.35,0.65,0.35,0.65
Qwen/Qwen2.5-7B-Instruct,NVIDIA GeForce RTX 5060 Ti,42,MultiFieldQA-en,6,16,48,multi-hop,48.3097,0.0,48.9544,50.6412,0,1,0,0,110,366,366,366,53771010048,53771010048,53771010048,6.07,0.021,0.9,0.1,0.35,0.65,0.35,0.65
Qwen/Qwen2.5-7B-Instruct,NVIDIA GeForce RTX 5060 Ti,42,MultiFieldQA-en,6,16,49,structural,47.7805,53.1921,51.9763,0.0,0,0,0,1,113,369,369,369,54656114688,54656114688,54656114688,6.07,0.021,0.9,0.1,0.35,0.65,0.35,0.65
Qwen/Qwen2.5-7B-Instruct,NVIDIA GeForce RTX 5060 Ti,42,MultiFieldQA-en,6,16,50,multi-hop,51.0378,0.0,0.0,0.0,0,1,1,1,80,336,336,336,45317357568,45317357568,45317357568,6.07,0.021,0.9,0.1,0.35,0.65,0.35,0.65
Qwen/Qwen2.5-7B-Instruct,NVIDIA GeForce RTX 5060 Ti,42,MultiFieldQA-en,6,16,51,structural,43.5904,45.904,0.0,0.0,0,0,1,1,112,368,368,368,54360276992,54360276992,54360276992,6.07,0.021,0.9,0.1,0.35,0.65,0.35,0.65
Qwen/Qwen2.5-7B-Instruct,NVIDIA GeForce RTX 5060 Ti,42,MultiFieldQA-en,6,16,52,semantic,44.8306,0.0,49.1792,0.0,0,1,0,1,99,355,355,355,50587443200,50587443200,50587443200,6.07,0.021,0.9,0.1,0.35,0.65,0.35,0.65
Qwen/Qwen2.5-7B-Instruct,NVIDIA GeForce RTX 5060 Ti,42,MultiFieldQA-en,6,16,53,structural,69.4433,69.0775,70.5852,70.8768,0,0,0,0,5,100,130,261,4014080000,6783795200,27344314368,6.07,0.021,0.9,0.1,0.35,0.65,0.35,0.65
Qwen/Qwen2.5-7B-Instruct,NVIDIA GeForce RTX 5060 Ti,42,MultiFieldQA-en,6,16,54,structural,51.5591,53.0196,51.7505,51.5728,0,0,0,0,101,357,357,357,51159048192,51159048192,51159048192,6.07,0.021,0.9,0.1,0.35,0.65,0.35,0.65
Qwen/Qwen2.5-7B-Instruct,NVIDIA GeForce RTX 5060 Ti,42,MultiFieldQA-en,6,16,55,semantic,51.1473,0.0,0.0,0.0,0,1,1,1,55,311,311,311,38824583168,38824583168,38824583168,6.07,0.021,0.9,0.1,0.35,0.65,0.35,0.65
Qwen/Qwen2.5-7B-Instruct,NVIDIA GeForce RTX 5060 Ti,42,MultiFieldQA-en,6,16,56,multi-hop,69.831,0.0,0.0,71.6647,0,1,1,0,121,377,377,377,57051717632,57051717632,57051717632,6.07,0.021,0.9,0.1,0.35,0.65,0.35,0.65
Qwen/Qwen2.5-7B-Instruct,NVIDIA GeForce RTX 5060 Ti,42,MultiFieldQA-en,6,16,57,structural,56.3858,54.827,52.5435,0.0,0,0,0,1,102,358,358,358,51446054912,51446054912,51446054912,6.07,0.021,0.9,0.1,0.35,0.65,0.35,0.65
Qwen/Qwen2.5-7B-Instruct,NVIDIA GeForce RTX 5060 Ti,42,MultiFieldQA-en,6,16,58,multi-hop,45.741,0.0,46.9966,46.3754,0,1,0,0,23,279,279,279,31246000128,31246000128,31246000128,6.07,0.021,0.9,0.1,0.35,0.65,0.35,0.65
Qwen/Qwen2.5-7B-Instruct,NVIDIA GeForce RTX 5060 Ti,42,MultiFieldQA-en,6,16,59,semantic,53.3103,0.0,0.0,0.0,0,1,1,1,102,358,358,358,51446054912,51446054912,51446054912,6.07,0.021,0.9,0.1,0.35,0.65,0.35,0.65
Qwen/Qwen2.5-7B-Instruct,NVIDIA GeForce RTX 5060 Ti,42,MultiFieldQA-en,6,16,60,semantic,44.2863,0.0,45.0663,45.7223,0,1,0,0,10,266,266,266,28402024448,28402024448,28402024448,6.07,0.021,0.9,0.1,0.35,0.65,0.35,0.65
Qwen/Qwen2.5-7B-Instruct,NVIDIA GeForce RTX 5060 Ti,42,MultiFieldQA-en,6,16,61,structural,46.2272,47.3489,48.3987,0.0,0,0,0,1,149,405,405,405,65840947200,65840947200,65840947200,6.07,0.021,0.9,0.1,0.35,0.65,0.35,0.65
Qwen/Qwen2.5-7B-Instruct,NVIDIA GeForce RTX 5060 Ti,42,MultiFieldQA-en,6,16,62,semantic,74.7558,0.0,71.7477,0.0,0,1,0,1,136,392,392,392,61681958912,61681958912,61681958912,6.07,0.021,0.9,0.1,0.35,0.65,0.35,0.65
Qwen/Qwen2.5-7B-Instruct,NVIDIA GeForce RTX 5060 Ti,42,MultiFieldQA-en,6,16,63,multi-hop,46.0006,46.4264,49.3068,0.0,0,0,0,1,68,324,324,324,42138206208,42138206208,42138206208,6.07,0.021,0.9,0.1,0.35,0.65,0.35,0.65
Qwen/Qwen2.5-7B-Instruct,NVIDIA GeForce RTX 5060 Ti,42,MultiFieldQA-en,6,16,64,multi-hop,51.4104,0.0,0.0,51.8519,0,1,1,0,144,400,400,400,64225280000,64225280000,64225280000,6.07,0.021,0.9,0.1,0.35,0.65,0.35,0.65
Qwen/Qwen2.5-7B-Instruct,NVIDIA GeForce RTX 5060 Ti,42,MultiFieldQA-en,6,16,65,multi-hop,69.8726,69.6501,70.0597,0.0,0,0,0,1,5,100,130,261,4014080000,6783795200,27344314368,6.07,0.021,0.9,0.1,0.35,0.65,0.35,0.65
Qwen/Qwen2.5-7B-Instruct,NVIDIA GeForce RTX 5060 Ti,42,MultiFieldQA-en,6,16,66,multi-hop,0.0,0.0,0.0,0.0,1,1,1,1,124,380,380,380,57963315200,57963315200,57963315200,6.07,0.021,0.9,0.1,0.35,0.65,0.35,0.65
Qwen/Qwen2.5-7B-Instruct,NVIDIA GeForce RTX 5060 Ti,42,MultiFieldQA-en,6,16,67,semantic,48.2453,0.0,49.5513,48.209,0,1,0,0,27,283,283,283,32148365312,32148365312,32148365312,6.07,0.021,0.9,0.1,0.35,0.65,0.35,0.65
Qwen/Qwen2.5-7B-Instruct,NVIDIA GeForce RTX 5060 Ti,42,MultiFieldQA-en,6,16,68,structural,47.8357,48.843,47.3044,47.8314,0,0,0,0,85,341,341,341,46676123648,46676123648,46676123648,6.07,0.021,0.9,0.1,0.35,0.65,0.35,0.65
Qwen/Qwen2.5-7B-Instruct,NVIDIA GeForce RTX 5060 Ti,42,MultiFieldQA-en,6,16,69,multi-hop,49.6734,0.0,49.572,49.4325,0,1,0,0,111,367,367,367,54065242112,54065242112,54065242112,6.07,0.021,0.9,0.1,0.35,0.65,0.35,0.65
Qwen/Qwen2.5-7B-Instruct,NVIDIA GeForce RTX 5060 Ti,42,MultiFieldQA-en,6,16,70,structural,64.5833,0.0,67.748,0.0,0,1,0,1,11,267,267,267,28615974912,28615974912,28615974912,6.07,0.021,0.9,0.1,0.35,0.65,0.35,0.65
Qwen/Qwen2.5-7B-Instruct,NVIDIA GeForce RTX 5060 Ti,42,MultiFieldQA-en,6,16,71,multi-hop,40.8453,43.4987,41.5245,0.0,0,0,0,1,47,303,303,303,36852867072,36852867072,36852867072,6.07,0.021,0.9,0.1,0.35,0.65,0.35,0.65
Qwen/Qwen2.5-7B-Instruct,NVIDIA GeForce RTX 5060 Ti,42,MultiFieldQA-en,6,16,72,semantic,65.82,0.0,0.0,0.0,0,1,1,1,127,383,383,383,58882138112,58882138112,58882138112,6.07,0.021,0.9,0.1,0.35,0.65,0.35,0.65
Qwen/Qwen2.5-7B-Instruct,NVIDIA GeForce RTX 5060 Ti,42,MultiFieldQA-en,6,16,73,multi-hop,54.387,0.0,0.0,0.0,0,1,1,1,143,399,399,399,63904555008,63904555008,63904555008,6.07,0.021,0.9,0.1,0.35,0.65,0.35,0.65
Qwen/Qwen2.5-7B-Instruct,NVIDIA GeForce RTX 5060 Ti,42,MultiFieldQA-en,6,16,74,multi-hop,49.3412,0.0,0.0,0.0,0,1,1,1,73,329,329,329,43448803328,43448803328,43448803328,6.07,0.021,0.9,0.1,0.35,0.65,0.35,0.65
Qwen/Qwen2.5-7B-Instruct,NVIDIA GeForce RTX 5060 Ti,42,MultiFieldQA-en,6,16,75,structural,44.7589,47.2879,45.8949,48.5533,0,0,0,0,109,365,365,365,53477580800,53477580800,53477580800,6.07,0.021,0.9,0.1,0.35,0.65,0.35,0.65
Qwen/Qwen2.5-7B-Instruct,NVIDIA GeForce RTX 5060 Ti,42,MultiFieldQA-en,6,16,76,multi-hop,51.0832,0.0,54.1436,51.8425,0,1,0,0,125,381,381,381,58268786688,58268786688,58268786688,6.07,0.021,0.9,0.1,0.35,0.65,0.35,0.65
Qwen/Qwen2.5-7B-Instruct,NVIDIA GeForce RTX 5060 Ti,42,MultiFieldQA-en,6,16,77,semantic,54.4608,0.0,53.227,58.3588,0,1,0,0,110,366,366,366,53771010048,53771010048,53771010048,6.07,0.021,0.9,0.1,0.35,0.65,0.35,0.65
Qwen/Qwen2.5-7B-Instruct,NVIDIA GeForce RTX 5060 Ti,42,MultiFieldQA-en,6,16,78,semantic,44.1001,0.0,43.3434,44.2907,0,1,0,0,45,301,301,301,36367966208,36367966208,36367966208,6.07,0.021,0.9,0.1,0.35,0.65,0.35,0.65
Qwen/Qwen2.5-7B-Instruct,NVIDIA GeForce RTX 5060 Ti,42,MultiFieldQA-en,6,16,79,semantic,44.5006,0.0,0.0,0.0,0,1,1,1,37,293,293,293,34460475392,34460475392,34460475392,6.07,0.021,0.9,0.1,0.35,0.65,0.35,0.65
Qwen/Qwen2.5-7B-Instruct,NVIDIA GeForce RTX 5060 Ti,42,MultiFieldQA-en,6,16,80,structural,65.8744,67.7528,67.6681,0.0,0,0,0,1,96,352,352,352,49736056832,49736056832,49736056832,6.07,0.021,0.9,0.1,0.35,0.65,0.35,0.65
Qwen/Qwen2.5-7B-Instruct,NVIDIA GeForce RTX 5060 Ti,42,MultiFieldQA-en,6,16,81,multi-hop,65.5145,0.0,0.0,0.0,0,1,1,1,23,279,279,279,31246000128,31246000128,31246000128,6.07,0.021,0.9,0.1,0.35,0.65,0.35,0.65
Qwen/Qwen2.5-7B-Instruct,NVIDIA GeForce RTX 5060 Ti,42,MultiFieldQA-en,6,16,82,multi-hop,51.1165,52.8438,50.6169,52.3422,0,0,0,0,101,357,357,357,51159048192,51159048192,51159048192,6.07,0.021,0.9,0.1,0.35,0.65,0.35,0.65
Qwen/Qwen2.5-7B-Instruct,NVIDIA GeForce RTX 5060 Ti,42,MultiFieldQA-en,6,16,83,structural,49.8332,56.4451,0.0,0.0,0,0,1,1,13,269,269,269,29046284288,29046284288,29046284288,6.07,0.021,0.9,0.1,0.35,0.65,0.35,0.65
Qwen/Qwen2.5-7B-Instruct,NVIDIA GeForce RTX 5060 Ti,42,MultiFieldQA-en,6,16,84,semantic,50.3059,0.0,0.0,0.0,0,1,1,1,83,339,339,339,46130208768,46130208768,46130208768,6.07,0.021,0.9,0.1,0.35,0.65,0.35,0.65
Qwen/Qwen2.5-7B-Instruct,NVIDIA GeForce RTX 5060 Ti,42,MultiFieldQA-en,6,16,85,semantic,49.1983,0.0,0.0,0.0,0,1,1,1,91,347,347,347,48333135872,48333135872,48333135872,6.07,0.021,0.9,0.1,0.35,0.65,0.35,0.65
Qwen/Qwen2.5-7B-Instruct,NVIDIA GeForce RTX 5060 Ti,42,MultiFieldQA-en,6,16,86,multi-hop,44.5997,0.0,44.6615,44.915,0,1,0,0,21,277,277,277,30799634432,30799634432,30799634432,6.07,0.021,0.9,0.1,0.35,0.65,0.35,0.65
Qwen/Qwen2.5-7B-Instruct,NVIDIA GeForce RTX 5060 Ti,42,MultiFieldQA-en,6,16,87,multi-hop,49.9445,0.0,0.0,0.0,0,1,1,1,114,370,370,370,54952755200,54952755200,54952755200,6.07,0.021,0.9,0.1,0.35,0.65,0.35,0.65
Qwen/Qwen2.5-7B-Instruct,NVIDIA GeForce RTX 5060 Ti,42,MultiFieldQA-en,6,16,88,multi-hop,50.1683,51.5379,51.3862,51.1295,0,0,0,0,25,281,281,281,31695577088,31695577088,31695577088,6.07,0.021,0.9,0.1,0.35,0.65,0.35,0.65
Qwen/Qwen2.5-7B-Instruct,NVIDIA GeForce RTX 5060 Ti,42,MultiFieldQA-en,6,16,89,multi-hop,51.7108,0.0,0.0,0.0,0,1,1,1,85,341,341,341,46676123648,46676123648,46676123648,6.07,0.021,0.9,0.1,0.35,0.65,0.35,0.65
Qwen/Qwen2.5-7B-Instruct,NVIDIA GeForce RTX 5060 Ti,42,MultiFieldQA-en,6,16,90,semantic,51.6556,0.0,0.0,0.0,0,1,1,1,94,350,350,350,49172480000,49172480000,49172480000,6.07,0.021,0.9,0.1,0.35,0.65,0.35,0.65
Qwen/Qwen2.5-7B-Instruct,NVIDIA GeForce RTX 5060 Ti,42,MultiFieldQA-en,6,16,91,multi-hop,56.2571,55.972,0.0,53.6209,0,0,1,0,87,343,343,343,47225249792,47225249792,47225249792,6.07,0.021,0.9,0.1,0.35,0.65,0.35,0.65
Qwen/Qwen2.5-7B-Instruct,NVIDIA GeForce RTX 5060 Ti,42,MultiFieldQA-en,6,16,92,semantic,92.2159,0.0,89.2776,88.9071,0,1,0,0,4,260,260,260,27135180800,27135180800,27135180800,6.07,0.021,0.9,0.1,0.35,0.65,0.35,0.65
Qwen/Qwen2.5-7B-Instruct,NVIDIA GeForce RTX 5060 Ti,42,MultiFieldQA-en,6,16,93,semantic,0.0,0.0,0.0,0.0,1,1,1,1,100,356,356,356,50872844288,50872844288,50872844288,6.07,0.021,0.9,0.1,0.35,0.65,0.35,0.65
Qwen/Qwen2.5-7B-Instruct,NVIDIA GeForce RTX 5060 Ti,42,MultiFieldQA-en,6,16,94,semantic,49.3428,0.0,52.0663,50.5892,0,1,0,0,127,383,383,383,58882138112,58882138112,58882138112,6.07,0.021,0.9,0.1,0.35,0.65,0.35,0.65
Qwen/Qwen2.5-7B-Instruct,NVIDIA GeForce RTX 5060 Ti,42,MultiFieldQA-en,6,16,95,semantic,51.7889,0.0,0.0,0.0,0,1,1,1,101,357,357,357,51159048192,51159048192,51159048192,6.07,0.021,0.9,0.1,0.35,0.65,0.35,0.65
Qwen/Qwen2.5-7B-Instruct,NVIDIA GeForce RTX 5060 Ti,42,MultiFieldQA-en,6,16,96,multi-hop,0.0,51.7547,0.0,0.0,1,0,1,1,114,370,370,370,54952755200,54952755200,54952755200,6.07,0.021,0.9,0.1,0.35,0.65,0.35,0.65
Qwen/Qwen2.5-7B-Instruct,NVIDIA GeForce RTX 5060 Ti,42,MultiFieldQA-en,6,16,97,structural,51.3575,0.0,55.1715,51.6102,0,1,0,0,86,342,342,342,46950285312,46950285312,46950285312,6.07,0.021,0.9,0.1,0.35,0.65,0.35,0.65
Qwen/Qwen2.5-7B-Instruct,NVIDIA GeForce RTX 5060 Ti,42,MultiFieldQA-en,6,16,98,multi-hop,45.2286,0.0,0.0,45.1805,0,1,1,0,73,329,329,329,43448803328,43448803328,43448803328,6.07,0.021,0.9,0.1,0.35,0.65,0.35,0.65
Qwen/Qwen2.5-7B-Instruct,NVIDIA GeForce RTX 5060 Ti,42,MultiFieldQA-en,6,16,99,semantic,50.9303,0.0,0.0,0.0,0,1,1,1,114,370,370,370,54952755200,54952755200,54952755200,6.07,0.021,0.9,0.1,0.35,0.65,0.35,0.65
Qwen/Qwen2.5-7B-Instruct,NVIDIA GeForce RTX 5060 Ti,42,MultiFieldQA-en,6,16,100,semantic,68.9548,0.0,0.0,67.8696,0,1,1,0,138,394,394,394,62312972288,62312972288,62312972288,6.07,0.021,0.9,0.1,0.35,0.65,0.35,0.65
Qwen/Qwen2.5-7B-Instruct,NVIDIA GeForce RTX 5060 Ti,42,MultiFieldQA-en,6,16,101,multi-hop,74.8726,72.0039,0.0,0.0,0,0,1,1,39,295,295,295,34932531200,34932531200,34932531200,6.07,0.021,0.9,0.1,0.35,0.65,0.35,0.65
Qwen/Qwen2.5-7B-Instruct,NVIDIA GeForce RTX 5060 Ti,42,MultiFieldQA-en,6,16,102,multi-hop,69.9296,0.0,82.3365,77.6929,0,1,0,0,158,414,414,414,68799725568,68799725568,68799725568,6.07,0.021,0.9,0.1,0.35,0.65,0.35,0.65
Qwen/Qwen2.5-7B-Instruct,NVIDIA GeForce RTX 5060 Ti,42,MultiFieldQA-en,6,16,103,semantic,55.7085,0.0,0.0,0.0,0,1,1,1,78,334,334,334,44779470848,44779470848,44779470848,6.07,0.021,0.9,0.1,0.35,0.65,0.35,0.65
Qwen/Qwen2.5-7B-Instruct,NVIDIA GeForce RTX 5060 Ti,42,MultiFieldQA-en,6,16,104,multi-hop,60.3994,0.0,0.0,0.0,0,1,1,1,109,365,365,365,53477580800,53477580800,53477580800,6.07,0.021,0.9,0.1,0.35,0.65,0.35,0.65
Qwen/Qwen2.5-7B-Instruct,NVIDIA GeForce RTX 5060 Ti,42,MultiFieldQA-en,6,16,105,semantic,53.1483,0.0,59.1866,0.0,0,1,0,1,142,398,398,398,63584632832,63584632832,63584632832,6.07,0.021,0.9,0.1,0.35,0.65,0.35,0.65
Qwen/Qwen2.5-7B-Instruct,NVIDIA GeForce RTX 5060 Ti,42,MultiFieldQA-en,6,16,106,semantic,50.8041,0.0,0.0,0.0,0,1,1,1,103,359,359,359,51733864448,51733864448,51733864448,6.07,0.021,0.9,0.1,0.35,0.65,0.35,0.65
Qwen/Qwen2.5-7B-Instruct,NVIDIA GeForce RTX 5060 Ti,42,MultiFieldQA-en,6,16,107,structural,70.7841,68.5905,67.6179,65.5111,0,0,0,0,1,12,12,12,57802752,57802752,57802752,6.07,0.021,0.9,0.1,0.35,0.65,0.35,0.65
Qwen/Qwen2.5-7B-Instruct,NVIDIA GeForce RTX 5060 Ti,42,MultiFieldQA-en,6,16,108,structural,41.1462,0.0,0.0,0.0,0,1,1,1,107,363,363,363,52893130752,52893130752,52893130752,6.07,0.021,0.9,0.1,0.35,0.65,0.35,0.65
Qwen/Qwen2.5-7B-Instruct,NVIDIA GeForce RTX 5060 Ti,42,MultiFieldQA-en,6,16,109,multi-hop,50.5416,0.0,0.0,0.0,0,1,1,1,86,342,342,342,46950285312,46950285312,46950285312,6.07,0.021,0.9,0.1,0.35,0.65,0.35,0.65
Qwen/Qwen2.5-7B-Instruct,NVIDIA GeForce RTX 5060 Ti,42,MultiFieldQA-en,6,16,110,multi-hop,50.4836,52.1403,0.0,0.0,0,0,1,1,58,314,314,314,39577223168,39577223168,39577223168,6.07,0.021,0.9,0.1,0.35,0.65,0.35,0.65
Qwen/Qwen2.5-7B-Instruct,NVIDIA GeForce RTX 5060 Ti,42,MultiFieldQA-en,6,16,111,multi-hop,40.685,42.9878,41.595,0.0,0,0,0,1,113,369,369,369,54656114688,54656114688,54656114688,6.07,0.021,0.9,0.1,0.35,0.65,0.35,0.65
Qwen/Qwen2.5-7B-Instruct,NVIDIA GeForce RTX 5060 Ti,42,MultiFieldQA-en,6,16,112,semantic,49.3959,0.0,56.9848,52.9136,0,1,0,0,110,366,366,366,53771010048,53771010048,53771010048,6.07,0.021,0.9,0.1,0.35,0.65,0.35,0.65
Qwen/Qwen2.5-7B-Instruct,NVIDIA GeForce RTX 5060 Ti,42,MultiFieldQA-en,6,16,113,multi-hop,43.7105,0.0,0.0,0.0,0,1,1,1,97,353,353,353,50019049472,50019049472,50019049472,6.07,0.021,0.9,0.1,0.35,0.65,0.35,0.65
Qwen/Qwen2.5-7B-Instruct,NVIDIA GeForce RTX 5060 Ti,42,MultiFieldQA-en,6,16,114,multi-hop,74.779,0.0,73.3975,71.7018,0,1,0,0,48,304,304,304,37096521728,37096521728,37096521728,6.07,0.021,0.9,0.1,0.35,0.65,0.35,0.65
Qwen/Qwen2.5-7B-Instruct,NVIDIA GeForce RTX 5060 Ti,42,MultiFieldQA-en,6,16,115,multi-hop,71.6651,71.1958,72.283,0.0,0,0,0,1,23,130,130,279,6783795200,6783795200,31246000128,6.07,0.021,0.9,0.1,0.35,0.65,0.35,0.65
Qwen/Qwen2.5-7B-Instruct,NVIDIA GeForce RTX 5060 Ti,42,MultiFieldQA-en,6,16,116,semantic,51.5282,0.0,51.2863,50.3335,0,1,0,0,27,283,283,283,32148365312,32148365312,32148365312,6.07,0.021,0.9,0.1,0.35,0.65,0.35,0.65
Qwen/Qwen2.5-7B-Instruct,NVIDIA GeForce RTX 5060 Ti,42,MultiFieldQA-en,6,16,117,multi-hop,66.9047,0.0,0.0,0.0,0,1,1,1,125,381,381,381,58268786688,58268786688,58268786688,6.07,0.021,0.9,0.1,0.35,0.65,0.35,0.65
Qwen/Qwen2.5-7B-Instruct,NVIDIA GeForce RTX 5060 Ti,42,MultiFieldQA-en,6,16,118,multi-hop,49.6269,0.0,54.1935,51.0654,0,1,0,0,61,317,317,317,40337088512,40337088512,40337088512,6.07,0.021,0.9,0.1,0.35,0.65,0.35,0.65
Qwen/Qwen2.5-7B-Instruct,NVIDIA GeForce RTX 5060 Ti,42,MultiFieldQA-en,6,16,119,multi-hop,50.4606,55.5895,49.9073,0.0,0,0,0,1,86,342,342,342,46950285312,46950285312,46950285312,6.07,0.021,0.9,0.1,0.35,0.65,0.35,0.65
Qwen/Qwen2.5-7B-Instruct,NVIDIA GeForce RTX 5060 Ti,42,MultiFieldQA-en,6,16,120,structural,49.2473,49.8125,0.0,0.0,0,0,1,1,55,311,311,311,38824583168,38824583168,38824583168,6.07,0.021,0.9,0.1,0.35,0.65,0.35,0.65
Qwen/Qwen2.5-7B-Instruct,NVIDIA GeForce RTX 5060 Ti,42,MultiFieldQA-en,6,16,121,multi-hop,67.288,0.0,0.0,0.0,0,1,1,1,152,408,408,408,66819981312,66819981312,66819981312,6.07,0.021,0.9,0.1,0.35,0.65,0.35,0.65
Qwen/Qwen2.5-7B-Instruct,NVIDIA GeForce RTX 5060 Ti,42,MultiFieldQA-en,6,16,122,semantic,52.0147,0.0,0.0,0.0,0,1,1,1,108,364,364,364,53184954368,53184954368,53184954368,6.07,0.021,0.9,0.1,0.35,0.65,0.35,0.65
Qwen/Qwen2.5-7B-Instruct,NVIDIA GeForce RTX 5060 Ti,42,MultiFieldQA-en,6,16,123,semantic,51.4541,0.0,0.0,0.0,0,1,1,1,151,407,407,407,66492833792,66492833792,66492833792,6.07,0.021,0.9,0.1,0.35,0.65,0.35,0.65
Qwen/Qwen2.5-7B-Instruct,NVIDIA GeForce RTX 5060 Ti,42,MultiFieldQA-en,6,16,124,multi-hop,54.5049,0.0,0.0,0.0,0,1,1,1,91,347,347,347,48333135872,48333135872,48333135872,6.07,0.021,0.9,0.1,0.35,0.65,0.35,0.65
Qwen/Qwen2.5-7B-Instruct,NVIDIA GeForce RTX 5060 Ti,42,MultiFieldQA-en,6,16,125,semantic,48.3396,0.0,0.0,0.0,0,1,1,1,96,352,352,352,49736056832,49736056832,49736056832,6.07,0.021,0.9,0.1,0.35,0.65,0.35,0.65
Qwen/Qwen2.5-7B-Instruct,NVIDIA GeForce RTX 5060 Ti,42,MultiFieldQA-en,6,16,126,semantic,67.7454,0.0,69.0736,69.7014,0,1,0,0,125,381,381,381,58268786688,58268786688,58268786688,6.07,0.021,0.9,0.1,0.35,0.65,0.35,0.65
Qwen/Qwen2.5-7B-Instruct,NVIDIA GeForce RTX 5060 Ti,42,MultiFieldQA-en,6,16,127,multi-hop,50.5587,48.933,47.4701,47.5324,0,0,0,0,1,12,12,12,57802752,57802752,57802752,6.07,0.021,0.9,0.1,0.35,0.65,0.35,0.65
Qwen/Qwen2.5-7B-Instruct,NVIDIA GeForce RTX 5060 Ti,42,MultiFieldQA-en,6,16,128,multi-hop,43.7431,45.6533,43.6797,0.0,0,0,0,1,94,350,350,350,49172480000,49172480000,49172480000,6.07,0.021,0.9,0.1,0.35,0.65,0.35,0.65
Qwen/Qwen2.5-7B-Instruct,NVIDIA GeForce RTX 5060 Ti,42,MultiFieldQA-en,6,16,129,structural,43.3393,45.1947,44.3157,0.0,0,0,0,1,138,394,394,394,62312972288,62312972288,62312972288,6.07,0.021,0.9,0.1,0.35,0.65,0.35,0.65
Qwen/Qwen2.5-7B-Instruct,NVIDIA GeForce RTX 5060 Ti,42,MultiFieldQA-en,6,16,130,semantic,66.0357,0.0,67.883,67.785,0,1,0,0,114,370,370,370,54952755200,54952755200,54952755200,6.07,0.021,0.9,0.1,0.35,0.65,0.35,0.65
Qwen/Qwen2.5-7B-Instruct,NVIDIA GeForce RTX 5060 Ti,42,MultiFieldQA-en,6,16,131,semantic,71.8067,0.0,67.6969,0.0,0,1,0,1,117,373,373,373,55847493632,55847493632,55847493632,6.07,0.021,0.9,0.1,0.35,0.65,0.35,0.65
Qwen/Qwen2.5-7B-Instruct,NVIDIA GeForce RTX 5060 Ti,42,MultiFieldQA-en,6,16,132,semantic,86.3064,0.0,90.1176,89.3842,0,1,0,0,58,314,314,314,39577223168,39577223168,39577223168,6.07,0.021,0.9,0.1,0.35,0.65,0.35,0.65
Qwen/Qwen2.5-7B-Instruct,NVIDIA GeForce RTX 5060 Ti,42,MultiFieldQA-en,6,16,133,multi-hop,50.6309,0.0,0.0,0.0,0,1,1,1,101,357,357,357,51159048192,51159048192,51159048192,6.07,0.021,0.9,0.1,0.35,0.65,0.35,0.65
Qwen/Qwen2.5-7B-Instruct,NVIDIA GeForce RTX 5060 Ti,42,MultiFieldQA-en,6,16,134,structural,50.6584,0.0,0.0,0.0,0,1,1,1,99,355,355,355,50587443200,50587443200,50587443200,6.07,0.021,0.9,0.1,0.35,0.65,0.35,0.65
Qwen/Qwen2.5-7B-Instruct,NVIDIA GeForce RTX 5060 Ti,42,MultiFieldQA-en,6,16,135,multi-hop,69.5993,0.0,0.0,71.1569,0,1,1,0,150,406,406,406,66166489088,66166489088,66166489088,6.07,0.021,0.9,0.1,0.35,0.65,0.35,0.65
Qwen/Qwen2.5-7B-Instruct,NVIDIA GeForce RTX 5060 Ti,42,MultiFieldQA-en,6,16,136,semantic,43.5613,0.0,42.9308,44.3466,0,1,0,0,71,327,327,327,42922156032,42922156032,42922156032,6.07,0.021,0.9,0.1,0.35,0.65,0.35,0.65
Qwen/Qwen2.5-7B-Instruct,NVIDIA GeForce RTX 5060 Ti,42,MultiFieldQA-en,6,16,137,semantic,43.0009,0.0,44.5913,0.0,0,1,0,1,15,271,271,271,29479804928,29479804928,29479804928,6.07,0.021,0.9,0.1,0.35,0.65,0.35,0.65
Qwen/Qwen2.5-7B-Instruct,NVIDIA GeForce RTX 5060 Ti,42,MultiFieldQA-en,6,16,138,semantic,48.4277,0.0,50.4461,56.218,0,1,0,0,85,341,341,341,46676123648,46676123648,46676123648,6.07,0.021,0.9,0.1,0.35,0.65,0.35,0.65
Qwen/Qwen2.5-7B-Instruct,NVIDIA GeForce RTX 5060 Ti,42,MultiFieldQA-en,6,16,139,multi-hop,50.5562,51.5929,51.0123,50.5692,0,0,0,0,130,386,386,386,59808186368,59808186368,59808186368,6.07,0.021,0.9,0.1,0.35,0.65,0.35,0.65
Qwen/Qwen2.5-7B-Instruct,NVIDIA GeForce RTX 5060 Ti,42,MultiFieldQA-en,6,16,140,structural,0.0,69.0335,0.0,0.0,1,0,1,1,26,282,282,282,31921569792,31921569792,31921569792,6.07,0.021,0.9,0.1,0.35,0.65,0.35,0.65
Qwen/Qwen2.5-7B-Instruct,NVIDIA GeForce RTX 5060 Ti,42,MultiFieldQA-en,6,16,141,semantic,50.8123,0.0,51.1622,0.0,0,1,0,1,102,358,358,358,51446054912,51446054912,51446054912,6.07,0.021,0.9,0.1,0.35,0.65,0.35,0.65
Qwen/Qwen2.5-7B-Instruct,NVIDIA GeForce RTX 5060 Ti,42,MultiFieldQA-en,6,16,142,multi-hop,52.4149,50.4483,50.4637,51.7888,0,0,0,0,1,12,12,12,57802752,57802752,57802752,6.07,0.021,0.9,0.1,0.35,0.65,0.35,0.65
Qwen/Qwen2.5-7B-Instruct,NVIDIA GeForce RTX 5060 Ti,42,MultiFieldQA-en,6,16,143,semantic,51.7131,0.0,0.0,0.0,0,1,1,1,156,412,412,412,68136599552,68136599552,68136599552,6.07,0.021,0.9,0.1,0.35,0.65,0.35,0.65
Qwen/Qwen2.5-7B-Instruct,NVIDIA GeForce RTX 5060 Ti,42,MultiFieldQA-en,6,16,144,multi-hop,0.0,0.0,52.0381,50.7982,1,1,0,0,102,358,358,358,51446054912,51446054912,51446054912,6.07,0.021,0.9,0.1,0.35,0.65,0.35,0.65
Qwen/Qwen2.5-7B-Instruct,NVIDIA GeForce RTX 5060 Ti,42,MultiFieldQA-en,6,16,145,multi-hop,51.3305,0.0,0.0,52.0051,0,1,1,0,65,321,321,321,41361481728,41361481728,41361481728,6.07,0.021,0.9,0.1,0.35,0.65,0.35,0.65
Qwen/Qwen2.5-7B-Instruct,NVIDIA GeForce RTX 5060 Ti,42,MultiFieldQA-en,6,16,146,multi-hop,51.0041,0.0,0.0,50.8432,0,1,1,0,100,356,356,356,50872844288,50872844288,50872844288,6.07,0.021,0.9,0.1,0.35,0.65,0.35,0.65
Qwen/Qwen2.5-7B-Instruct,NVIDIA GeForce RTX 5060 Ti,42,MultiFieldQA-en,6,16,147,multi-hop,49.3489,0.0,0.0,51.8279,0,1,1,0,103,359,359,359,51733864448,51733864448,51733864448,6.07,0.021,0.9,0.1,0.35,0.65,0.35,0.65
Qwen/Qwen2.5-7B-Instruct,NVIDIA GeForce RTX 5060 Ti,42,MultiFieldQA-en,6,16,148,multi-hop,86.1537,91.93,88.3215,0.0,0,0,0,1,146,402,402,402,64869138432,64869138432,64869138432,6.07,0.021,0.9,0.1,0.35,0.65,0.35,0.65
Qwen/Qwen2.5-7B-Instruct,NVIDIA GeForce RTX 5060 Ti,42,MultiFieldQA-en,6,16,149,multi-hop,48.8837,50.7432,51.5386,0.0,0,0,0,1,65,321,321,321,41361481728,41361481728,41361481728,6.07,0.021,0.9,0.1,0.35,0.65,0.35,0.65
Qwen/Qwen2.5-7B-Instruct,NVIDIA GeForce RTX 5060 Ti,42,MultiFieldQA-en,6,16,150,semantic,50.147,0.0,0.0,0.0,0,1,1,1,104,360,360,360,52022476800,52022476800,52022476800,6.07,0.021,0.9,0.1,0.35,0.65,0.35,0.65
Qwen/Qwen2.5-7B-Instruct,NVIDIA GeForce RTX 5060 Ti,42,MultiFieldQA-en,6,16,151,structural,44.3514,45.0449,44.0643,0.0,0,0,0,1,114,370,370,370,54952755200,54952755200,54952755200,6.07,0.021,0.9,0.1,0.35,0.65,0.35,0.65
Qwen/Qwen2.5-7B-Instruct,NVIDIA GeForce RTX 5060 Ti,42,MultiFieldQA-en,6,16,152,structural,51.1114,52.8296,0.0,0.0,0,0,1,1,95,351,351,351,49453867008,49453867008,49453867008,6.07,0.021,0.9,0.1,0.35,0.65,0.35,0.65
Qwen/Qwen2.5-7B-Instruct,NVIDIA GeForce RTX 5060 Ti,42,MultiFieldQA-en,6,16,153,structural,51.1655,48.6512,49.185,49.4374,0,0,0,0,1,12,12,12,57802752,57802752,57802752,6.07,0.021,0.9,0.1,0.35,0.65,0.35,0.65
Qwen/Qwen2.5-7B-Instruct,NVIDIA GeForce RTX 5060 Ti,42,MultiFieldQA-en,6,16,154,multi-hop,0.0,44.661,44.3437,0.0,1,0,0,1,114,370,370,370,54952755200,54952755200,54952755200,6.07,0.021,0.9,0.1,0.35,0.65,0.35,0.65
Qwen/Qwen2.5-7B-Instruct,NVIDIA GeForce RTX 5060 Ti,42,MultiFieldQA-en,6,16,155,multi-hop,0.0,0.0,0.0,58.4586,1,1,1,0,107,363,363,363,52893130752,52893130752,52893130752,6.07,0.021,0.9,0.1,0.35,0.65,0.35,0.65
Qwen/Qwen2.5-7B-Instruct,NVIDIA GeForce RTX 5060 Ti,42,MultiFieldQA-en,6,16,156,structural,50.1146,51.2241,0.0,0.0,0,0,1,1,88,344,344,344,47501017088,47501017088,47501017088,6.07,0.021,0.9,0.1,0.35,0.65,0.35,0.65
Qwen/Qwen2.5-7B-Instruct,NVIDIA GeForce RTX 5060 Ti,42,MultiFieldQA-en,6,16,157,multi-hop,38.8007,0.0,44.2832,39.1906,0,1,0,0,1,12,12,59,57802752,57802752,1397301248,6.07,0.021,0.9,0.1,0.35,0.65,0.35,0.65
Qwen/Qwen2.5-7B-Instruct,NVIDIA GeForce RTX 5060 Ti,42,MultiFieldQA-en,6,16,158,multi-hop,67.1977,0.0,0.0,0.0,0,1,1,1,163,419,419,419,70471589888,70471589888,70471589888,6.07,0.021,0.9,0.1,0.35,0.65,0.35,0.65
Qwen/Qwen2.5-7B-Instruct,NVIDIA GeForce RTX 5060 Ti,42,MultiFieldQA-en,6,16,159,structural,44.9791,44.9798,49.8373,0.0,0,0,0,1,78,334,334,334,44779470848,44779470848,44779470848,6.07,0.021,0.9,0.1,0.35,0.65,0.35,0.65
Qwen/Qwen2.5-7B-Instruct,NVIDIA GeForce RTX 5060 Ti,42,MultiFieldQA-en,6,16,160,semantic,49.1487,0.0,0.0,50.0808,0,1,1,0,122,378,378,378,57354780672,57354780672,57354780672,6.07,0.021,0.9,0.1,0.35,0.65,0.35,0.65
Qwen/Qwen2.5-7B-Instruct,NVIDIA GeForce RTX 5060 Ti,42,MultiFieldQA-en,6,16,161,multi-hop,43.8048,0.0,43.3257,43.6989,0,1,0,0,86,342,342,342,46950285312,46950285312,46950285312,6.07,0.021,0.9,0.1,0.35,0.65,0.35,0.65
Qwen/Qwen2.5-7B-Instruct,NVIDIA GeForce RTX 5060 Ti,42,MultiFieldQA-en,6,16,162,multi-hop,50.4534,104.277,51.0386,0.0,0,0,0,1,92,348,348,348,48612114432,48612114432,48612114432,6.07,0.021,0.9,0.1,0.35,0.65,0.35,0.65
Qwen/Qwen2.5-7B-Instruct,NVIDIA GeForce RTX 5060 Ti,42,MultiFieldQA-en,6,16,163,multi-hop,43.2733,43.6401,44.8024,0.0,0,0,0,1,158,414,414,414,68799725568,68799725568,68799725568,6.07,0.021,0.9,0.1,0.35,0.65,0.35,0.65
Qwen/Qwen2.5-7B-Instruct,NVIDIA GeForce RTX 5060 Ti,42,MultiFieldQA-en,6,16,164,semantic,0.0,0.0,38.7109,44.7879,1,1,0,0,1,12,12,12,57802752,57802752,57802752,6.07,0.021,0.9,0.1,0.35,0.65,0.35,0.65
Qwen/Qwen2.5-7B-Instruct,NVIDIA GeForce RTX 5060 Ti,42,MultiFieldQA-en,6,16,165,multi-hop,49.2682,0.0,0.0,50.2396,0,1,1,0,91,347,347,347,48333135872,48333135872,48333135872,6.07,0.021,0.9,0.1,0.35,0.65,0.35,0.65
Qwen/Qwen2.5-7B-Instruct,NVIDIA GeForce RTX 5060 Ti,42,MultiFieldQA-en,6,16,166,multi-hop,43.4785,0.0,0.0,44.8781,0,1,1,0,35,238,130,291,22737354752,6783795200,33991630848,6.07,0.021,0.9,0.1,0.35,0.65,0.35,0.65
Qwen/Qwen2.5-7B-Instruct,NVIDIA GeForce RTX 5060 Ti,42,MultiFieldQA-en,6,16,167,multi-hop,50.2861,48.0789,49.6113,48.858,0,0,0,0,1,12,12,12,57802752,57802752,57802752,6.07,0.021,0.9,0.1,0.35,0.65,0.35,0.65
Qwen/Qwen2.5-7B-Instruct,NVIDIA GeForce RTX 5060 Ti,42,MultiFieldQA-en,6,16,168,semantic,52.0919,0.0,0.0,0.0,0,1,1,1,106,362,362,362,52602109952,52602109952,52602109952,6.07,0.021,0.9,0.1,0.35,0.65,0.35,0.65
Qwen/Qwen2.5-7B-Instruct,NVIDIA GeForce RTX 5060 Ti,42,MultiFieldQA-en,6,16,169,multi-hop,0.0,41.1881,42.4951,40.8026,1,0,0,0,136,392,392,259,61681958912,61681958912,26926850048,6.07,0.021,0.9,0.1,0.35,0.65,0.35,0.65
Qwen/Qwen2.5-7B-Instruct,NVIDIA GeForce RTX 5060 Ti,42,MultiFieldQA-en,6,16,170,multi-hop,68.9797,70.3945,68.2249,0.0,0,0,0,1,150,406,406,406,66166489088,66166489088,66166489088,6.07,0.021,0.9,0.1,0.35,0.65,0.35,0.65
Qwen/Qwen2.5-7B-Instruct,NVIDIA GeForce RTX 5060 Ti,42,MultiFieldQA-en,6,16,171,multi-hop,0.0,0.0,40.1946,38.9404,1,1,0,0,1,12,12,12,57802752,57802752,57802752,6.07,0.021,0.9,0.1,0.35,0.65,0.35,0.65
Qwen/Qwen2.5-7B-Instruct,NVIDIA GeForce RTX 5060 Ti,42,MultiFieldQA-en,6,16,172,structural,44.6736,45.3386,44.3381,47.1331,0,0,0,0,92,348,348,348,48612114432,48612114432,48612114432,6.07,0.021,0.9,0.1,0.35,0.65,0.35,0.65
Qwen/Qwen2.5-7B-Instruct,NVIDIA GeForce RTX 5060 Ti,42,MultiFieldQA-en,6,16,173,multi-hop,49.2158,49.4963,54.4286,0.0,0,0,0,1,19,275,275,275,30356480000,30356480000,30356480000,6.07,0.021,0.9,0.1,0.35,0.65,0.35,0.65
Qwen/Qwen2.5-7B-Instruct,NVIDIA GeForce RTX 5060 Ti,42,MultiFieldQA-en,6,16,174,semantic,51.6579,0.0,52.6033,0.0,0,1,0,1,86,342,342,342,46950285312,46950285312,46950285312,6.07,0.021,0.9,0.1,0.35,0.65,0.35,0.65
Qwen/Qwen2.5-7B-Instruct,NVIDIA GeForce RTX 5060 Ti,42,MultiFieldQA-en,6,16,175,multi-hop,49.548,57.0128,0.0,0.0,0,0,1,1,106,362,362,362,52602109952,52602109952,52602109952,6.07,0.021,0.9,0.1,0.35,0.65,0.35,0.65
Qwen/Qwen2.5-7B-Instruct,NVIDIA GeForce RTX 5060 Ti,42,MultiFieldQA-en,6,16,176,multi-hop,49.1023,0.0,52.0683,50.3092,0,1,0,0,110,366,366,366,53771010048,53771010048,53771010048,6.07,0.021,0.9,0.1,0.35,0.65,0.35,0.65
Qwen/Qwen2.5-7B-Instruct,NVIDIA GeForce RTX 5060 Ti,42,MultiFieldQA-en,6,16,177,multi-hop,49.7808,0.0,0.0,51.3128,0,1,1,0,81,337,337,337,45587505152,45587505152,45587505152,6.07,0.021,0.9,0.1,0.35,0.65,0.35,0.65
Qwen/Qwen2.5-7B-Instruct,NVIDIA GeForce RTX 5060 Ti,42,MultiFieldQA-en,6,16,178,structural,66.9674,69.2278,67.8472,0.0,0,0,0,1,21,277,277,277,30799634432,30799634432,30799634432,6.07,0.021,0.9,0.1,0.35,0.65,0.35,0.65
Qwen/Qwen2.5-7B-Instruct,NVIDIA GeForce RTX 5060 Ti,42,MultiFieldQA-en,6,16,179,structural,50.9412,0.0,0.0,0.0,0,1,1,1,119,375,375,375,56448000000,56448000000,56448000000,6.07,0.021,0.9,0.1,0.35,0.65,0.35,0.65
Qwen/Qwen2.5-7B-Instruct,NVIDIA GeForce RTX 5060 Ti,42,MultiFieldQA-en,6,16,180,semantic,0.0,0.0,45.3392,50.1261,1,1,0,0,116,372,372,372,55548444672,55548444672,55548444672,6.07,0.021,0.9,0.1,0.35,0.65,0.35,0.65
Qwen/Qwen2.5-7B-Instruct,NVIDIA GeForce RTX 5060 Ti,42,MultiFieldQA-en,6,16,181,structural,56.1334,51.8768,0.0,0.0,0,0,1,1,142,398,398,398,63584632832,63584632832,63584632832,6.07,0.021,0.9,0.1,0.35,0.65,0.35,0.65
Qwen/Qwen2.5-7B-Instruct,NVIDIA GeForce RTX 5060 Ti,42,MultiFieldQA-en,6,16,182,multi-hop,50.0667,0.0,50.7337,49.1493,0,1,0,0,68,324,324,324,42138206208,42138206208,42138206208,6.07,0.021,0.9,0.1,0.35,0.65,0.35,0.65
Qwen/Qwen2.5-7B-Instruct,NVIDIA GeForce RTX 5060 Ti,42,MultiFieldQA-en,6,16,183,multi-hop,40.1372,0.0,0.0,0.0,0,1,1,1,1,12,12,59,57802752,57802752,1397301248,6.07,0.021,0.9,0.1,0.35,0.65,0.35,0.65
Qwen/Qwen2.5-7B-Instruct,NVIDIA GeForce RTX 5060 Ti,42,MultiFieldQA-en,6,16,184,structural,56.5708,50.8416,49.453,0.0,0,0,0,1,60,316,316,316,40082997248,40082997248,40082997248,6.07,0.021,0.9,0.1,0.35,0.65,0.35,0.65
Qwen/Qwen2.5-7B-Instruct,NVIDIA GeForce RTX 5060 Ti,42,MultiFieldQA-en,6,16,185,multi-hop,49.0809,0.0,49.0066,52.1464,0,1,0,0,51,307,307,307,37832302592,37832302592,37832302592,6.07,0.021,0.9,0.1,0.35,0.65,0.35,0.65
Qwen/Qwen2.5-7B-Instruct,NVIDIA GeForce RTX 5060 Ti,42,MultiFieldQA-en,6,16,186,semantic,42.5203,0.0,43.0622,0.0,0,1,0,1,84,340,340,340,46402764800,46402764800,46402764800,6.07,0.021,0.9,0.1,0.35,0.65,0.35,0.65
Qwen/Qwen2.5-7B-Instruct,NVIDIA GeForce RTX 5060 Ti,42,MultiFieldQA-en,6,16,187,multi-hop,65.402,68.3078,66.5659,0.0,0,0,0,1,99,355,355,355,50587443200,50587443200,50587443200,6.07,0.021,0.9,0.1,0.35,0.65,0.35,0.65
Qwen/Qwen2.5-7B-Instruct,NVIDIA GeForce RTX 5060 Ti,42,MultiFieldQA-en,6,16,188,multi-hop,42.5037,0.0,43.2302,45.048,0,1,0,0,15,271,271,271,29479804928,29479804928,29479804928,6.07,0.021,0.9,0.1,0.35,0.65,0.35,0.65
Qwen/Qwen2.5-7B-Instruct,NVIDIA GeForce RTX 5060 Ti,42,MultiFieldQA-en,6,16,189,structural,45.3111,47.9663,44.137,43.1335,0,0,0,0,11,267,267,267,28615974912,28615974912,28615974912,6.07,0.021,0.9,0.1,0.35,0.65,0.35,0.65
Qwen/Qwen2.5-7B-Instruct,NVIDIA GeForce RTX 5060 Ti,42,MultiFieldQA-en,6,16,190,structural,49.6753,51.3139,50.1421,0.0,0,0,0,1,106,362,362,362,52602109952,52602109952,52602109952,6.07,0.021,0.9,0.1,0.35,0.65,0.35,0.65
Qwen/Qwen2.5-7B-Instruct,NVIDIA GeForce RTX 5060 Ti,42,MultiFieldQA-en,6,16,191,structural,49.6824,0.0,51.0216,0.0,0,1,0,1,112,368,368,368,54360276992,54360276992,54360276992,6.07,0.021,0.9,0.1,0.35,0.65,0.35,0.65
Qwen/Qwen2.5-7B-Instruct,NVIDIA GeForce RTX 5060 Ti,42,MultiFieldQA-en,6,16,192,multi-hop,46.6536,0.0,0.0,0.0,0,1,1,1,59,315,315,315,39829708800,39829708800,39829708800,6.07,0.021,0.9,0.1,0.35,0.65,0.35,0.65
Qwen/Qwen2.5-7B-Instruct,NVIDIA GeForce RTX 5060 Ti,42,MultiFieldQA-en,6,16,193,semantic,52.4545,0.0,50.4399,0.0,0,1,0,1,116,372,372,372,55548444672,55548444672,55548444672,6.07,0.021,0.9,0.1,0.35,0.65,0.35,0.65
Qwen/Qwen2.5-7B-Instruct,NVIDIA GeForce RTX 5060 Ti,42,MultiFieldQA-en,6,16,194,multi-hop,49.5341,50.4008,49.9531,0.0,0,0,0,1,19,275,275,275,30356480000,30356480000,30356480000,6.07,0.021,0.9,0.1,0.35,0.65,0.35,0.65
Qwen/Qwen2.5-7B-Instruct,NVIDIA GeForce RTX 5060 Ti,42,MultiFieldQA-en,6,16,195,multi-hop,49.484,0.0,0.0,0.0,0,1,1,1,93,349,349,349,48891895808,48891895808,48891895808,6.07,0.021,0.9,0.1,0.35,0.65,0.35,0.65
Qwen/Qwen2.5-7B-Instruct,NVIDIA GeForce RTX 5060 Ti,42,MultiFieldQA-en,6,16,196,multi-hop,50.4563,0.0,0.0,57.7389,0,1,1,0,109,365,365,365,53477580800,53477580800,53477580800,6.07,0.021,0.9,0.1,0.35,0.65,0.35,0.65
Qwen/Qwen2.5-7B-Instruct,NVIDIA GeForce RTX 5060 Ti,42,MultiFieldQA-en,6,16,197,semantic,50.4236,0.0,0.0,0.0,0,1,1,1,80,336,336,336,45317357568,45317357568,45317357568,6.07,0.021,0.9,0.1,0.35,0.65,0.35,0.65
Qwen/Qwen2.5-7B-Instruct,NVIDIA GeForce RTX 5060 Ti,42,MultiFieldQA-en,6,16,198,semantic,49.3032,0.0,0.0,0.0,0,1,1,1,92,348,348,348,48612114432,48612114432,48612114432,6.07,0.021,0.9,0.1,0.35,0.65,0.35,0.65
Qwen/Qwen2.5-7B-Instruct,NVIDIA GeForce RTX 5060 Ti,42,MultiFieldQA-en,6,16,199,semantic,48.9291,0.0,0.0,0.0,0,1,1,1,76,332,332,332,44244795392,44244795392,44244795392,6.07,0.021,0.9,0.1,0.35,0.65,0.35,0.65
Qwen/Qwen2.5-7B-Instruct,NVIDIA GeForce RTX 5060 Ti,42,MultiFieldQA-en,6,16,200,multi-hop,39.3609,39.7766,40.1084,40.8808,0,0,0,0,151,407,407,407,66492833792,66492833792,66492833792,6.07,0.021,0.9,0.1,0.35,0.65,0.35,0.65
Qwen/Qwen2.5-7B-Instruct,NVIDIA GeForce RTX 5060 Ti,42,MultiFieldQA-en,6,16,201,multi-hop,67.0413,0.0,0.0,69.7036,0,1,1,0,138,394,394,394,62312972288,62312972288,62312972288,6.07,0.021,0.9,0.1,0.35,0.65,0.35,0.65
Qwen/Qwen2.5-7B-Instruct,NVIDIA GeForce RTX 5060 Ti,42,MultiFieldQA-en,6,16,202,semantic,49.5386,0.0,51.538,50.3565,0,1,0,0,23,279,279,279,31246000128,31246000128,31246000128,6.07,0.021,0.9,0.1,0.35,0.65,0.35,0.65
Qwen/Qwen2.5-7B-Instruct,NVIDIA GeForce RTX 5060 Ti,42,MultiFieldQA-en,6,16,203,semantic,66.5346,0.0,0.0,0.0,0,1,1,1,53,309,309,309,38326837248,38326837248,38326837248,6.07,0.021,0.9,0.1,0.35,0.65,0.35,0.65
Qwen/Qwen2.5-7B-Instruct,NVIDIA GeForce RTX 5060 Ti,42,MultiFieldQA-en,6,16,204,multi-hop,48.977,51.1022,0.0,0.0,0,0,1,1,104,360,360,360,52022476800,52022476800,52022476800,6.07,0.021,0.9,0.1,0.35,0.65,0.35,0.65
Qwen/Qwen2.5-7B-Instruct,NVIDIA GeForce RTX 5060 Ti,42,MultiFieldQA-en,6,16,205,multi-hop,45.2586,46.0583,45.9052,0.0,0,0,0,1,119,375,375,375,56448000000,56448000000,56448000000,6.07,0.021,0.9,0.1,0.35,0.65,0.35,0.65
Qwen/Qwen2.5-7B-Instruct,NVIDIA GeForce RTX 5060 Ti,42,MultiFieldQA-en,6,16,206,multi-hop,50.8534,0.0,0.0,52.0785,0,1,1,0,105,361,361,361,52311891968,52311891968,52311891968,6.07,0.021,0.9,0.1,0.35,0.65,0.35,0.65
Qwen/Qwen2.5-7B-Instruct,NVIDIA GeForce RTX 5060 Ti,42,MultiFieldQA-en,6,16,207,multi-hop,49.9244,0.0,0.0,48.8079,0,1,1,0,92,348,348,348,48612114432,48612114432,48612114432,6.07,0.021,0.9,0.1,0.35,0.65,0.35,0.65
Qwen/Qwen2.5-7B-Instruct,NVIDIA GeForce RTX 5060 Ti,42,MultiFieldQA-en,6,16,208,semantic,40.8491,0.0,0.0,0.0,0,1,1,1,5,100,130,130,4014080000,6783795200,6783795200,6.07,0.021,0.9,0.1,0.35,0.65,0.35,0.65
Qwen/Qwen2.5-7B-Instruct,NVIDIA GeForce RTX 5060 Ti,42,MultiFieldQA-en,6,16,209,semantic,49.731,0.0,45.1774,45.7175,0,1,0,0,247,503,503,503,101559836672,101559836672,101559836672,6.07,0.021,0.9,0.1,0.35,0.65,0.35,0.65
Qwen/Qwen2.5-7B-Instruct,NVIDIA GeForce RTX 5060 Ti,42,MultiFieldQA-en,6,16,210,multi-hop,49.0111,0.0,50.3956,48.7687,0,1,0,0,78,334,334,334,44779470848,44779470848,44779470848,6.07,0.021,0.9,0.1,0.35,0.65,0.35,0.65
Qwen/Qwen2.5-7B-Instruct,NVIDIA GeForce RTX 5060 Ti,42,MultiFieldQA-en,6,16,211,multi-hop,49.6048,47.2715,47.2519,47.4706,0,0,0,0,1,12,12,12,57802752,57802752,57802752,6.07,0.021,0.9,0.1,0.35,0.65,0.35,0.65
Qwen/Qwen2.5-7B-Instruct,NVIDIA GeForce RTX 5060 Ti,42,MultiFieldQA-en,6,16,212,semantic,48.2506,0.0,49.4272,0.0,0,1,0,1,19,275,275,275,30356480000,30356480000,30356480000,6.07,0.021,0.9,0.1,0.35,0.65,0.35,0.65
Qwen/Qwen2.5-7B-Instruct,NVIDIA GeForce RTX 5060 Ti,42,MultiFieldQA-en,6,16,213,structural,49.0981,0.0,0.0,0.0,0,1,1,1,86,342,342,342,46950285312,46950285312,46950285312,6.07,0.021,0.9,0.1,0.35,0.65,0.35,0.65
Qwen/Qwen2.5-7B-Instruct,NVIDIA GeForce RTX 5060 Ti,42,MultiFieldQA-en,6,16,214,multi-hop,52.5009,0.0,0.0,50.3898,0,1,1,0,77,333,333,333,44511731712,44511731712,44511731712,6.07,0.021,0.9,0.1,0.35,0.65,0.35,0.65
Qwen/Qwen2.5-7B-Instruct,NVIDIA GeForce RTX 5060 Ti,42,MultiFieldQA-en,6,16,215,multi-hop,51.2563,52.5353,0.0,0.0,0,0,1,1,92,348,348,348,48612114432,48612114432,48612114432,6.07,0.021,0.9,0.1,0.35,0.65,0.35,0.65
Qwen/Qwen2.5-7B-Instruct,NVIDIA GeForce RTX 5060 Ti,42,MultiFieldQA-en,6,16,216,multi-hop,55.3197,0.0,51.3731,50.7433,0,1,0,0,101,357,357,357,51159048192,51159048192,51159048192,6.07,0.021,0.9,0.1,0.35,0.65,0.35,0.65
Qwen/Qwen2.5-7B-Instruct,NVIDIA GeForce RTX 5060 Ti,42,MultiFieldQA-en,6,16,217,semantic,51.2897,0.0,0.0,0.0,0,1,1,1,94,350,350,350,49172480000,49172480000,49172480000,6.07,0.021,0.9,0.1,0.35,0.65,0.35,0.65
Qwen/Qwen2.5-7B-Instruct,NVIDIA GeForce RTX 5060 Ti,42,MultiFieldQA-en,6,16,218,semantic,49.9183,0.0,0.0,0.0,0,1,1,1,138,394,394,394,62312972288,62312972288,62312972288,6.07,0.021,0.9,0.1,0.35,0.65,0.35,0.65
Qwen/Qwen2.5-7B-Instruct,NVIDIA GeForce RTX 5060 Ti,42,MultiFieldQA-en,6,16,219,structural,39.6595,0.0,0.0,0.0,0,1,1,1,1,12,12,59,57802752,57802752,1397301248,6.07,0.021,0.9,0.1,0.35,0.65,0.35,0.65
Qwen/Qwen2.5-7B-Instruct,NVIDIA GeForce RTX 5060 Ti,42,MultiFieldQA-en,6,16,220,multi-hop,70.5522,0.0,0.0,0.0,0,1,1,1,11,267,267,267,28615974912,28615974912,28615974912,6.07,0.021,0.9,0.1,0.35,0.65,0.35,0.65
Qwen/Qwen2.5-7B-Instruct,NVIDIA GeForce RTX 5060 Ti,42,MultiFieldQA-en,6,16,221,semantic,51.5278,0.0,0.0,0.0,0,1,1,1,65,321,321,321,41361481728,41361481728,41361481728,6.07,0.021,0.9,0.1,0.35,0.65,0.35,0.65
Qwen/Qwen2.5-7B-Instruct,NVIDIA GeForce RTX 5060 Ti,42,MultiFieldQA-en,6,16,222,structural,54.8295,51.2913,49.711,0.0,0,0,0,1,142,398,398,398,63584632832,63584632832,63584632832,6.07,0.021,0.9,0.1,0.35,0.65,0.35,0.65
Qwen/Qwen2.5-7B-Instruct,NVIDIA GeForce RTX 5060 Ti,42,MultiFieldQA-en,6,16,223,multi-hop,67.1933,0.0,68.698,76.205,0,1,0,0,48,304,304,304,37096521728,37096521728,37096521728,6.07,0.021,0.9,0.1,0.35,0.65,0.35,0.65
Qwen/Qwen2.5-7B-Instruct,NVIDIA GeForce RTX 5060 Ti,42,MultiFieldQA-en,6,16,224,multi-hop,43.0643,45.6152,0.0,0.0,0,0,1,1,121,377,377,377,57051717632,57051717632,57051717632,6.07,0.021,0.9,0.1,0.35,0.65,0.35,0.65
Qwen/Qwen2.5-7B-Instruct,NVIDIA GeForce RTX 5060 Ti,42,MultiFieldQA-en,6,16,225,structural,43.0234,45.2392,45.5681,0.0,0,0,0,1,124,380,380,380,57963315200,57963315200,57963315200,6.07,0.021,0.9,0.1,0.35,0.65,0.35,0.65
Qwen/Qwen2.5-7B-Instruct,NVIDIA GeForce RTX 5060 Ti,42,MultiFieldQA-en,6,16,226,semantic,45.1226,0.0,0.0,0.0,0,1,1,1,37,293,293,293,34460475392,34460475392,34460475392,6.07,0.021,0.9,0.1,0.35,0.65,0.35,0.65
Qwen/Qwen2.5-7B-Instruct,NVIDIA GeForce RTX 5060 Ti,42,MultiFieldQA-en,6,16,227,semantic,66.9193,0.0,69.9689,76.0447,0,1,0,0,125,381,381,381,58268786688,58268786688,58268786688,6.07,0.021,0.9,0.1,0.35,0.65,0.35,0.65
Qwen/Qwen2.5-7B-Instruct,NVIDIA GeForce RTX 5060 Ti,42,MultiFieldQA-en,6,16,228,structural,42.3227,0.0,0.0,0.0,0,1,1,1,112,368,368,368,54360276992,54360276992,54360276992,6.07,0.021,0.9,0.1,0.35,0.65,0.35,0.65
Qwen/Qwen2.5-7B-Instruct,NVIDIA GeForce RTX 5060 Ti,42,MultiFieldQA-en,6,16,229,multi-hop,42.7609,0.0,45.1496,48.9643,0,1,0,0,45,301,301,301,36367966208,36367966208,36367966208,6.07,0.021,0.9,0.1,0.35,0.65,0.35,0.65
Qwen/Qwen2.5-7B-Instruct,NVIDIA GeForce RTX 5060 Ti,42,MultiFieldQA-en,6,16,230,structural,45.3703,44.3894,43.4097,44.5841,0,0,0,0,18,274,274,274,30136107008,30136107008,30136107008,6.07,0.021,0.9,0.1,0.35,0.65,0.35,0.65
Qwen/Qwen2.5-7B-Instruct,NVIDIA GeForce RTX 5060 Ti,42,MultiFieldQA-en,6,16,231,semantic,68.1893,0.0,0.0,0.0,0,1,1,1,177,433,433,433,75259584512,75259584512,75259584512,6.07,0.021,0.9,0.1,0.35,0.65,0.35,0.65
Qwen/Qwen2.5-7B-Instruct,NVIDIA GeForce RTX 5060 Ti,42,MultiFieldQA-en,6,16,232,structural,52.749,57.8116,49.8963,0.0,0,0,0,1,11,267,267,267,28615974912,28615974912,28615974912,6.07,0.021,0.9,0.1,0.35,0.65,0.35,0.65
Qwen/Qwen2.5-7B-Instruct,NVIDIA GeForce RTX 5060 Ti,42,MultiFieldQA-en,6,16,233,structural,51.4148,52.4462,50.4404,0.0,0,0,0,1,92,348,348,348,48612114432,48612114432,48612114432,6.07,0.021,0.9,0.1,0.35,0.65,0.35,0.65
Qwen/Qwen2.5-7B-Instruct,NVIDIA GeForce RTX 5060 Ti,42,MultiFieldQA-en,6,16,234,semantic,67.1313,0.0,0.0,0.0,0,1,1,1,114,370,370,370,54952755200,54952755200,54952755200,6.07,0.021,0.9,0.1,0.35,0.65,0.35,0.65
Qwen/Qwen2.5-7B-Instruct,NVIDIA GeForce RTX 5060 Ti,42,MultiFieldQA-en,6,16,235,multi-hop,0.0,0.0,69.2786,0.0,1,1,0,1,125,381,381,381,58268786688,58268786688,58268786688,6.07,0.021,0.9,0.1,0.35,0.65,0.35,0.65
Qwen/Qwen2.5-7B-Instruct,NVIDIA GeForce RTX 5060 Ti,42,MultiFieldQA-en,6,16,236,multi-hop,47.3376,0.0,0.0,49.7491,0,1,1,0,136,392,392,259,61681958912,61681958912,26926850048,6.07,0.021,0.9,0.1,0.35,0.65,0.35,0.65
Qwen/Qwen2.5-7B-Instruct,NVIDIA GeForce RTX 5060 Ti,42,MultiFieldQA-en,6,16,237,structural,49.7351,50.7563,0.0,0.0,0,0,1,1,88,344,344,344,47501017088,47501017088,47501017088,6.07,0.021,0.9,0.1,0.35,0.65,0.35,0.65
Qwen/Qwen2.5-7B-Instruct,NVIDIA GeForce RTX 5060 Ti,42,MultiFieldQA-en,6,16,238,multi-hop,47.9115,49.6359,48.1064,0.0,0,0,0,1,43,299,299,299,35886276608,35886276608,35886276608,6.07,0.021,0.9,0.1,0.35,0.65,0.35,0.65
Qwen/Qwen2.5-7B-Instruct,NVIDIA GeForce RTX 5060 Ti,42,MultiFieldQA-en,6,16,239,structural,65.3985,67.4746,66.9611,0.0,0,0,0,1,20,276,276,276,30577655808,30577655808,30577655808,6.07,0.021,0.9,0.1,0.35,0.65,0.35,0.65
Qwen/Qwen2.5-7B-Instruct,NVIDIA GeForce RTX 5060 Ti,42,MultiFieldQA-en,6,16,240,multi-hop,49.4072,0.0,0.0,50.8947,0,1,1,0,111,367,367,367,54065242112,54065242112,54065242112,6.07,0.021,0.9,0.1,0.35,0.65,0.35,0.65
Qwen/Qwen2.5-7B-Instruct,NVIDIA GeForce RTX 5060 Ti,42,MultiFieldQA-en,6,16,241,multi-hop,52.7843,0.0,51.1743,51.2033,0,1,0,0,122,378,378,378,57354780672,57354780672,57354780672,6.07,0.021,0.9,0.1,0.35,0.65,0.35,0.65
Qwen/Qwen2.5-7B-Instruct,NVIDIA GeForce RTX 5060 Ti,42,MultiFieldQA-en,6,16,242,multi-hop,49.4343,56.2523,50.2136,0.0,0,0,0,1,86,342,342,342,46950285312,46950285312,46950285312,6.07,0.021,0.9,0.1,0.35,0.65,0.35,0.65
Qwen/Qwen2.5-7B-Instruct,NVIDIA GeForce RTX 5060 Ti,42,MultiFieldQA-en,6,16,243,multi-hop,0.0,66.9211,67.9375,0.0,1,0,0,1,23,279,279,279,31246000128,31246000128,31246000128,6.07,0.021,0.9,0.1,0.35,0.65,0.35,0.65
Qwen/Qwen2.5-7B-Instruct,NVIDIA GeForce RTX 5060 Ti,42,MultiFieldQA-en,6,16,244,semantic,92.2874,0.0,0.0,0.0,0,1,1,1,289,545,545,545,119228211200,119228211200,119228211200,6.07,0.021,0.9,0.1,0.35,0.65,0.35,0.65
Qwen/Qwen2.5-7B-Instruct,NVIDIA GeForce RTX 5060 Ti,42,MultiFieldQA-en,6,16,245,multi-hop,65.9042,68.2247,68.0023,0.0,0,0,0,1,83,339,339,339,46130208768,46130208768,46130208768,6.07,0.021,0.9,0.1,0.35,0.65,0.35,0.65
Qwen/Qwen2.5-7B-Instruct,NVIDIA GeForce RTX 5060 Ti,42,MultiFieldQA-en,6,16,246,structural,49.5406,0.0,0.0,0.0,0,1,1,1,100,356,356,356,50872844288,50872844288,50872844288,6.07,0.021,0.9,0.1,0.35,0.65,0.35,0.65
Qwen/Qwen2.5-7B-Instruct,NVIDIA GeForce RTX 5060 Ti,42,MultiFieldQA-en,6,16,247,structural,50.8078,52.7804,0.0,0.0,0,0,1,1,37,293,293,293,34460475392,34460475392,34460475392,6.07,0.021,0.9,0.1,0.35,0.65,0.35,0.65
Qwen/Qwen2.5-7B-Instruct,NVIDIA GeForce RTX 5060 Ti,42,MultiFieldQA-en,6,16,248,semantic,49.8137,0.0,51.2793,51.2145,0,1,0,0,127,383,383,383,58882138112,58882138112,58882138112,6.07,0.021,0.9,0.1,0.35,0.65,0.35,0.65
Qwen/Qwen2.5-7B-Instruct,NVIDIA GeForce RTX 5060 Ti,42,MultiFieldQA-en,6,16,249,multi-hop,49.0318,0.0,51.0472,50.5206,0,1,0,0,33,289,289,289,33525997568,33525997568,33525997568,6.07,0.021,0.9,0.1,0.35,0.65,0.35,0.65
Qwen/Qwen2.5-7B-Instruct,NVIDIA GeForce RTX 5060 Ti,42,MultiFieldQA-en,6,16,250,semantic,70.0582,0.0,0.0,0.0,0,1,1,1,149,405,405,405,65840947200,65840947200,65840947200,6.07,0.021,0.9,0.1,0.35,0.65,0.35,0.65
Qwen/Qwen2.5-7B-Instruct,NVIDIA GeForce RTX 5060 Ti,42,MultiFieldQA-en,6,16,251,multi-hop,51.1011,52.7792,0.0,0.0,0,0,1,1,87,343,343,343,47225249792,47225249792,47225249792,6.07,0.021,0.9,0.1,0.35,0.65,0.35,0.65
Qwen/Qwen2.5-7B-Instruct,NVIDIA GeForce RTX 5060 Ti,42,MultiFieldQA-en,6,16,252,multi-hop,51.3494,0.0,0.0,0.0,0,1,1,1,86,342,342,342,46950285312,46950285312,46950285312,6.07,0.021,0.9,0.1,0.35,0.65,0.35,0.65
Qwen/Qwen2.5-7B-Instruct,NVIDIA GeForce RTX 5060 Ti,42,MultiFieldQA-en,6,16,253,multi-hop,51.4434,53.6967,0.0,0.0,0,0,1,1,119,375,375,375,56448000000,56448000000,56448000000,6.07,0.021,0.9,0.1,0.35,0.65,0.35,0.65
Qwen/Qwen2.5-7B-Instruct,NVIDIA GeForce RTX 5060 Ti,42,MultiFieldQA-en,6,16,254,multi-hop,55.4723,50.9988,50.4402,49.757,0,0,0,0,79,335,335,335,45048012800,45048012800,45048012800,6.07,0.021,0.9,0.1,0.35,0.65,0.35,0.65
Qwen/Qwen2.5-7B-Instruct,NVIDIA GeForce RTX 5060 Ti,42,MultiFieldQA-en,6,16,255,multi-hop,49.9118,52.159,0.0,0.0,0,0,1,1,48,304,304,304,37096521728,37096521728,37096521728,6.07,0.021,0.9,0.1,0.35,0.65,0.35,0.65
Qwen/Qwen2.5-7B-Instruct,NVIDIA GeForce RTX 5060 Ti,42,MultiFieldQA-en,6,16,256,multi-hop,49.5784,52.1798,50.3329,0.0,0,0,0,1,106,362,362,362,52602109952,52602109952,52602109952,6.07,0.021,0.9,0.1,0.35,0.65,0.35,0.65
Qwen/Qwen2.5-7B-Instruct,NVIDIA GeForce RTX 5060 Ti,42,MultiFieldQA-en,6,16,257,semantic,49.4033,0.0,0.0,0.0,0,1,1,1,109,365,365,365,53477580800,53477580800,53477580800,6.07,0.021,0.9,0.1,0.35,0.65,0.35,0.65
Qwen/Qwen2.5-7B-Instruct,NVIDIA GeForce RTX 5060 Ti,42,MultiFieldQA-en,6,16,258,multi-hop,66.7638,0.0,68.5436,67.9666,0,1,0,0,48,304,304,304,37096521728,37096521728,37096521728,6.07,0.021,0.9,0.1,0.35,0.65,0.35,0.65
Qwen/Qwen2.5-7B-Instruct,NVIDIA GeForce RTX 5060 Ti,42,MultiFieldQA-en,6,16,259,multi-hop,43.7887,0.0,48.793,43.5332,0,1,0,0,118,374,374,374,56147345408,56147345408,56147345408,6.07,0.021,0.9,0.1,0.35,0.65,0.35,0.65
Qwen/Qwen2.5-7B-Instruct,NVIDIA GeForce RTX 5060 Ti,42,MultiFieldQA-en,6,16,260,structural,44.8334,44.465,43.8362,43.6004,0,0,0,0,110,366,366,366,53771010048,53771010048,53771010048,6.07,0.021,0.9,0.1,0.35,0.65,0.35,0.65
Qwen/Qwen2.5-7B-Instruct,NVIDIA GeForce RTX 5060 Ti,42,MultiFieldQA-en,6,16,261,semantic,86.5903,0.0,49.0671,0.0,0,1,0,1,101,357,357,357,51159048192,51159048192,51159048192,6.07,0.021,0.9,0.1,0.35,0.65,0.35,0.65
Qwen/Qwen2.5-7B-Instruct,NVIDIA GeForce RTX 5060 Ti,42,MultiFieldQA-en,6,16,262,multi-hop,51.05,48.1215,50.4168,0.0,0,0,0,1,6,114,262,262,5216698368,27554250752,27554250752,6.07,0.021,0.9,0.1,0.35,0.65,0.35,0.65
Qwen/Qwen2.5-7B-Instruct,NVIDIA GeForce RTX 5060 Ti,42,MultiFieldQA-en,6,16,263,semantic,65.3756,0.0,67.7803,68.6268,0,1,0,0,37,293,293,293,34460475392,34460475392,34460475392,6.07,0.021,0.9,0.1,0.35,0.65,0.35,0.65
Qwen/Qwen2.5-7B-Instruct,NVIDIA GeForce RTX 5060 Ti,42,MultiFieldQA-en,6,16,264,semantic,39.7903,0.0,38.6554,38.5738,0,1,0,0,1,12,12,12,57802752,57802752,57802752,6.07,0.021,0.9,0.1,0.35,0.65,0.35,0.65
Qwen/Qwen2.5-7B-Instruct,NVIDIA GeForce RTX 5060 Ti,42,MultiFieldQA-en,6,16,265,semantic,49.0798,0.0,50.5751,0.0,0,1,0,1,125,381,381,381,58268786688,58268786688,58268786688,6.07,0.021,0.9,0.1,0.35,0.65,0.35,0.65
Qwen/Qwen2.5-7B-Instruct,NVIDIA GeForce RTX 5060 Ti,42,MultiFieldQA-en,6,16,266,semantic,48.3207,0.0,50.7107,51.0038,0,1,0,0,69,325,325,325,42398720000,42398720000,42398720000,6.07,0.021,0.9,0.1,0.35,0.65,0.35,0.65
Qwen/Qwen2.5-7B-Instruct,NVIDIA GeForce RTX 5060 Ti,42,MultiFieldQA-en,6,16,267,structural,49.1586,0.0,50.0392,0.0,0,1,0,1,107,363,363,363,52893130752,52893130752,52893130752,6.07,0.021,0.9,0.1,0.35,0.65,0.35,0.65
Qwen/Qwen2.5-7B-Instruct,NVIDIA GeForce RTX 5060 Ti,42,MultiFieldQA-en,6,16,268,structural,49.2554,0.0,0.0,0.0,0,1,1,1,93,349,349,349,48891895808,48891895808,48891895808,6.07,0.021,0.9,0.1,0.35,0.65,0.35,0.65
Qwen/Qwen2.5-7B-Instruct,NVIDIA GeForce RTX 5060 Ti,42,MultiFieldQA-en,6,16,269,semantic,43.3985,0.0,44.7173,0.0,0,1,0,1,3,259,259,259,26926850048,26926850048,26926850048,6.07,0.021,0.9,0.1,0.35,0.65,0.35,0.65
Qwen/Qwen2.5-7B-Instruct,NVIDIA GeForce RTX 5060 Ti,42,MultiFieldQA-en,6,16,270,multi-hop,50.3528,0.0,52.0554,52.4694,0,1,0,0,142,398,398,398,63584632832,63584632832,63584632832,6.07,0.021,0.9,0.1,0.35,0.65,0.35,0.65
Qwen/Qwen2.5-7B-Instruct,NVIDIA GeForce RTX 5060 Ti,42,MultiFieldQA-en,6,16,271,multi-hop,49.714,0.0,52.146,52.0385,0,1,0,0,110,366,366,366,53771010048,53771010048,53771010048,6.07,0.021,0.9,0.1,0.35,0.65,0.35,0.65
Qwen/Qwen2.5-7B-Instruct,NVIDIA GeForce RTX 5060 Ti,42,MultiFieldQA-en,6,16,272,semantic,54.8549,0.0,51.8684,0.0,0,1,0,1,110,366,366,366,53771010048,53771010048,53771010048,6.07,0.021,0.9,0.1,0.35,0.65,0.35,0.65
Qwen/Qwen2.5-7B-Instruct,NVIDIA GeForce RTX 5060 Ti,42,MultiFieldQA-en,6,16,273,multi-hop,50.7625,51.6353,50.2314,0.0,0,0,0,1,93,349,349,349,48891895808,48891895808,48891895808,6.07,0.021,0.9,0.1,0.35,0.65,0.35,0.65
Qwen/Qwen2.5-7B-Instruct,NVIDIA GeForce RTX 5060 Ti,42,MultiFieldQA-en,6,16,274,multi-hop,49.2514,52.4442,0.0,0.0,0,0,1,1,114,370,370,370,54952755200,54952755200,54952755200,6.07,0.021,0.9,0.1,0.35,0.65,0.35,0.65
Qwen/Qwen2.5-7B-Instruct,NVIDIA GeForce RTX 5060 Ti,42,MultiFieldQA-en,6,16,275,multi-hop,49.8954,0.0,51.5247,51.3687,0,1,0,0,20,276,276,276,30577655808,30577655808,30577655808,6.07,0.021,0.9,0.1,0.35,0.65,0.35,0.65
Qwen/Qwen2.5-7B-Instruct,NVIDIA GeForce RTX 5060 Ti,42,MultiFieldQA-en,6,16,276,multi-hop,49.2965,0.0,0.0,51.2925,0,1,1,0,79,335,335,335,45048012800,45048012800,45048012800,6.07,0.021,0.9,0.1,0.35,0.65,0.35,0.65
Qwen/Qwen2.5-7B-Instruct,NVIDIA GeForce RTX 5060 Ti,42,MultiFieldQA-en,6,16,277,structural,68.4206,69.5408,0.0,0.0,0,0,1,1,141,397,397,397,63265513472,63265513472,63265513472,6.07,0.021,0.9,0.1,0.35,0.65,0.35,0.65
Qwen/Qwen2.5-7B-Instruct,NVIDIA GeForce RTX 5060 Ti,42,MultiFieldQA-en,6,16,278,multi-hop,66.4467,69.7252,69.0124,69.6864,0,0,0,0,27,283,283,283,32148365312,32148365312,32148365312,6.07,0.021,0.9,0.1,0.35,0.65,0.35,0.65
Qwen/Qwen2.5-7B-Instruct,NVIDIA GeForce RTX 5060 Ti,42,MultiFieldQA-en,6,16,279,structural,50.4517,59.5611,50.4017,50.3253,0,0,0,0,120,376,376,376,56749457408,56749457408,56749457408,6.07,0.021,0.9,0.1,0.35,0.65,0.35,0.65
Qwen/Qwen2.5-7B-Instruct,NVIDIA GeForce RTX 5060 Ti,42,MultiFieldQA-en,6,16,280,multi-hop,49.3431,52.1619,50.5851,0.0,0,0,0,1,106,362,362,362,52602109952,52602109952,52602109952,6.07,0.021,0.9,0.1,0.35,0.65,0.35,0.65
Qwen/Qwen2.5-7B-Instruct,NVIDIA GeForce RTX 5060 Ti,42,MultiFieldQA-en,6,16,281,semantic,45.5154,0.0,0.0,0.0,0,1,1,1,135,391,391,391,61367656448,61367656448,61367656448,6.07,0.021,0.9,0.1,0.35,0.65,0.35,0.65
Qwen/Qwen2.5-7B-Instruct,NVIDIA GeForce RTX 5060 Ti,42,MultiFieldQA-en,6,16,282,semantic,50.6237,0.0,52.0681,50.9203,0,1,0,0,67,323,323,323,41878495232,41878495232,41878495232,6.07,0.021,0.9,0.1,0.35,0.65,0.35,0.65
Qwen/Qwen2.5-7B-Instruct,NVIDIA GeForce RTX 5060 Ti,42,MultiFieldQA-en,6,16,283,structural,43.0733,49.8944,44.9149,0.0,0,0,0,1,119,375,375,375,56448000000,56448000000,56448000000,6.07,0.021,0.9,0.1,0.35,0.65,0.35,0.65
Qwen/Qwen2.5-7B-Instruct,NVIDIA GeForce RTX 5060 Ti,42,MultiFieldQA-en,6,16,284,multi-hop,66.2997,64.411,65.2476,66.5577,0,0,0,0,1,12,12,207,57802752,57802752,17199931392,6.07,0.021,0.9,0.1,0.35,0.65,0.35,0.65
Qwen/Qwen2.5-7B-Instruct,NVIDIA GeForce RTX 5060 Ti,42,MultiFieldQA-en,6,16,285,structural,42.8247,0.0,0.0,0.0,0,1,1,1,34,290,290,290,33758412800,33758412800,33758412800,6.07,0.021,0.9,0.1,0.35,0.65,0.35,0.65
Qwen/Qwen2.5-7B-Instruct,NVIDIA GeForce RTX 5060 Ti,42,MultiFieldQA-en,6,16,286,multi-hop,44.2627,0.0,0.0,0.0,0,1,1,1,101,357,357,357,51159048192,51159048192,51159048192,6.07,0.021,0.9,0.1,0.35,0.65,0.35,0.65
Qwen/Qwen2.5-7B-Instruct,NVIDIA GeForce RTX 5060 Ti,42,MultiFieldQA-en,6,16,287,structural,44.2808,44.3576,44.5013,0.0,0,0,0,1,108,364,364,364,53184954368,53184954368,53184954368,6.07,0.021,0.9,0.1,0.35,0.65,0.35,0.65
Qwen/Qwen2.5-7B-Instruct,NVIDIA GeForce RTX 5060 Ti,42,MultiFieldQA-en,6,16,288,multi-hop,42.6179,0.0,47.9159,43.3794,0,1,0,0,84,340,340,340,46402764800,46402764800,46402764800,6.07,0.021,0.9,0.1,0.35,0.65,0.35,0.65
Qwen/Qwen2.5-7B-Instruct,NVIDIA GeForce RTX 5060 Ti,42,MultiFieldQA-en,6,16,289,multi-hop,48.6385,0.0,50.3801,48.6863,0,1,0,0,23,279,279,279,31246000128,31246000128,31246000128,6.07,0.021,0.9,0.1,0.35,0.65,0.35,0.65
Qwen/Qwen2.5-7B-Instruct,NVIDIA GeForce RTX 5060 Ti,42,MultiFieldQA-en,6,16,290,semantic,70.1615,0.0,0.0,0.0,0,1,1,1,124,380,380,380,57963315200,57963315200,57963315200,6.07,0.021,0.9,0.1,0.35,0.65,0.35,0.65
Qwen/Qwen2.5-7B-Instruct,NVIDIA GeForce RTX 5060 Ti,42,MultiFieldQA-en,6,16,291,multi-hop,49.9704,50.9171,49.0341,50.8331,0,0,0,0,67,323,323,323,41878495232,41878495232,41878495232,6.07,0.021,0.9,0.1,0.35,0.65,0.35,0.65
Qwen/Qwen2.5-7B-Instruct,NVIDIA GeForce RTX 5060 Ti,42,MultiFieldQA-en,6,16,292,multi-hop,48.2284,0.0,0.0,50.547,0,1,1,0,110,366,366,366,53771010048,53771010048,53771010048,6.07,0.021,0.9,0.1,0.35,0.65,0.35,0.65
Qwen/Qwen2.5-7B-Instruct,NVIDIA GeForce RTX 5060 Ti,42,MultiFieldQA-en,6,16,293,multi-hop,66.5655,68.3573,67.2262,67.6328,0,0,0,0,5,100,130,261,4014080000,6783795200,27344314368,6.07,0.021,0.9,0.1,0.35,0.65,0.35,0.65
Qwen/Qwen2.5-7B-Instruct,NVIDIA GeForce RTX 5060 Ti,42,MultiFieldQA-en,6,16,294,multi-hop,48.7037,50.3111,0.0,0.0,0,0,1,1,104,360,360,360,52022476800,52022476800,52022476800,6.07,0.021,0.9,0.1,0.35,0.65,0.35,0.65
Qwen/Qwen2.5-7B-Instruct,NVIDIA GeForce RTX 5060 Ti,42,MultiFieldQA-en,6,16,295,semantic,49.1592,0.0,43.4385,0.0,0,1,0,1,86,342,342,342,46950285312,46950285312,46950285312,6.07,0.021,0.9,0.1,0.35,0.65,0.35,0.65
Qwen/Qwen2.5-7B-Instruct,NVIDIA GeForce RTX 5060 Ti,42,MultiFieldQA-en,6,16,296,multi-hop,50.8375,52.9778,56.2985,0.0,0,0,0,1,21,277,277,277,30799634432,30799634432,30799634432,6.07,0.021,0.9,0.1,0.35,0.65,0.35,0.65
Qwen/Qwen2.5-7B-Instruct,NVIDIA GeForce RTX 5060 Ti,42,MultiFieldQA-en,6,16,297,multi-hop,44.5832,44.7172,44.5857,0.0,0,0,0,1,289,545,545,545,119228211200,119228211200,119228211200,6.07,0.021,0.9,0.1,0.35,0.65,0.35,0.65
Qwen/Qwen2.5-7B-Instruct,NVIDIA GeForce RTX 5060 Ti,42,MultiFieldQA-en,6,16,298,structural,52.9515,53.139,56.2486,52.1597,0,0,0,0,103,359,359,359,51733864448,51733864448,51733864448,6.07,0.021,0.9,0.1,0.35,0.65,0.35,0.65
Qwen/Qwen2.5-7B-Instruct,NVIDIA GeForce RTX 5060 Ti,42,MultiFieldQA-en,6,16,299,semantic,40.6575,0.0,43.4151,41.9639,0,1,0,0,16,272,272,272,29697769472,29697769472,29697769472,6.07,0.021,0.9,0.1,0.35,0.65,0.35,0.65
Qwen/Qwen2.5-7B-Instruct,NVIDIA GeForce RTX 5060 Ti,42,MultiFieldQA-en,6,16,300,multi-hop,44.4067,0.0,43.6594,44.8877,0,1,0,0,71,327,327,327,42922156032,42922156032,42922156032,6.07,0.021,0.9,0.1,0.35,0.65,0.35,0.65
Qwen/Qwen2.5-7B-Instruct,NVIDIA GeForce RTX 5060 Ti,42,MultiFieldQA-en,6,16,301,multi-hop,51.0003,52.0551,0.0,0.0,0,0,1,1,81,337,337,337,45587505152,45587505152,45587505152,6.07,0.021,0.9,0.1,0.35,0.65,0.35,0.65
Qwen/Qwen2.5-7B-Instruct,NVIDIA GeForce RTX 5060 Ti,42,MultiFieldQA-en,6,16,302,structural,54.7959,51.6229,50.1165,0.0,0,0,0,1,102,358,358,358,51446054912,51446054912,51446054912,6.07,0.021,0.9,0.1,0.35,0.65,0.35,0.65
Qwen/Qwen2.5-7B-Instruct,NVIDIA GeForce RTX 5060 Ti,42,MultiFieldQA-en,6,16,303,semantic,0.0,0.0,45.0329,51.1707,1,1,0,0,21,277,277,277,30799634432,30799634432,30799634432,6.07,0.021,0.9,0.1,0.35,0.65,0.35,0.65
Qwen/Qwen2.5-7B-Instruct,NVIDIA GeForce RTX 5060 Ti,42,MultiFieldQA-en,6,16,304,multi-hop,48.3659,0.0,50.8098,50.9396,0,1,0,0,86,342,342,342,46950285312,46950285312,46950285312,6.07,0.021,0.9,0.1,0.35,0.65,0.35,0.65
Qwen/Qwen2.5-7B-Instruct,NVIDIA GeForce RTX 5060 Ti,42,MultiFieldQA-en,6,16,305,multi-hop,49.8494,0.0,52.1154,53.1794,0,1,0,0,106,362,362,362,52602109952,52602109952,52602109952,6.07,0.021,0.9,0.1,0.35,0.65,0.35,0.65
Qwen/Qwen2.5-7B-Instruct,NVIDIA GeForce RTX 5060 Ti,42,MultiFieldQA-en,6,16,306,semantic,41.783,0.0,0.0,0.0,0,1,1,1,6,114,262,109,5216698368,27554250752,4769128448,6.07,0.021,0.9,0.1,0.35,0.65,0.35,0.65
Qwen/Qwen2.5-7B-Instruct,NVIDIA GeForce RTX 5060 Ti,42,MultiFieldQA-en,6,16,307,semantic,55.1409,51.0251,0.0,0.0,0,0,1,1,92,348,348,348,48612114432,48612114432,48612114432,6.07,0.021,0.9,0.1,0.35,0.65,0.35,0.65
Qwen/Qwen2.5-7B-Instruct,NVIDIA GeForce RTX 5060 Ti,42,MultiFieldQA-en,6,16,308,multi-hop,43.0311,43.9239,45.8935,0.0,0,0,0,1,144,400,400,400,64225280000,64225280000,64225280000,6.07,0.021,0.9,0.1,0.35,0.65,0.35,0.65
Qwen/Qwen2.5-7B-Instruct,NVIDIA GeForce RTX 5060 Ti,42,MultiFieldQA-en,6,16,309,multi-hop,48.5356,0.0,0.0,49.1216,0,1,1,0,13,269,269,269,29046284288,29046284288,29046284288,6.07,0.021,0.9,0.1,0.35,0.65,0.35,0.65
Qwen/Qwen2.5-7B-Instruct,NVIDIA GeForce RTX 5060 Ti,42,MultiFieldQA-en,6,16,310,structural,38.8078,39.8181,40.2573,38.9514,0,0,0,0,20,276,276,276,30577655808,30577655808,30577655808,6.07,0.021,0.9,0.1,0.35,0.65,0.35,0.65
Qwen/Qwen2.5-7B-Instruct,NVIDIA GeForce RTX 5060 Ti,42,MultiFieldQA-en,6,16,311,multi-hop,49.498,51.287,49.3765,0.0,0,0,0,1,88,344,344,344,47501017088,47501017088,47501017088,6.07,0.021,0.9,0.1,0.35,0.65,0.35,0.65
Qwen/Qwen2.5-7B-Instruct,NVIDIA GeForce RTX 5060 Ti,42,MultiFieldQA-en,6,16,312,multi-hop,50.1446,52.1783,51.5865,50.1543,0,0,0,0,85,341,341,341,46676123648,46676123648,46676123648,6.07,0.021,0.9,0.1,0.35,0.65,0.35,0.65
Qwen/Qwen2.5-7B-Instruct,NVIDIA GeForce RTX 5060 Ti,42,MultiFieldQA-en,6,16,313,structural,44.6026,50.3071,0.0,43.9767,0,0,1,0,95,351,351,351,49453867008,49453867008,49453867008,6.07,0.021,0.9,0.1,0.35,0.65,0.35,0.65
Qwen/Qwen2.5-7B-Instruct,NVIDIA GeForce RTX 5060 Ti,42,MultiFieldQA-en,6,16,314,structural,48.8379,50.8047,0.0,0.0,0,0,1,1,77,333,333,333,44511731712,44511731712,44511731712,6.07,0.021,0.9,0.1,0.35,0.65,0.35,0.65
Qwen/Qwen2.5-7B-Instruct,NVIDIA GeForce RTX 5060 Ti,42,MultiFieldQA-en,6,16,315,multi-hop,65.3436,69.2128,68.5966,0.0,0,0,0,1,83,339,339,339,46130208768,46130208768,46130208768,6.07,0.021,0.9,0.1,0.35,0.65,0.35,0.65
Qwen/Qwen2.5-7B-Instruct,NVIDIA GeForce RTX 5060 Ti,42,MultiFieldQA-en,6,16,316,semantic,66.0784,0.0,0.0,68.9487,0,1,1,0,135,391,391,391,61367656448,61367656448,61367656448,6.07,0.021,0.9,0.1,0.35,0.65,0.35,0.65
Qwen/Qwen2.5-7B-Instruct,NVIDIA GeForce RTX 5060 Ti,42,MultiFieldQA-en,6,16,317,multi-hop,54.3389,0.0,50.1698,50.229,0,1,0,0,106,362,362,362,52602109952,52602109952,52602109952,6.07,0.021,0.9,0.1,0.35,0.65,0.35,0.65
Qwen/Qwen2.5-7B-Instruct,NVIDIA GeForce RTX 5060 Ti,42,MultiFieldQA-en,6,16,318,multi-hop,50.0787,0.0,0.0,0.0,0,1,1,1,137,393,393,393,61997064192,61997064192,61997064192,6.07,0.021,0.9,0.1,0.35,0.65,0.35,0.65
Qwen/Qwen2.5-7B-Instruct,NVIDIA GeForce RTX 5060 Ti,42,MultiFieldQA-en,6,16,319,semantic,51.9874,0.0,0.0,0.0,0,1,1,1,73,329,329,329,43448803328,43448803328,43448803328,6.07,0.021,0.9,0.1,0.35,0.65,0.35,0.65
Qwen/Qwen2.5-7B-Instruct,NVIDIA GeForce RTX 5060 Ti,42,MultiFieldQA-en,6,16,320,multi-hop,68.7026,0.0,0.0,0.0,0,1,1,1,177,433,433,433,75259584512,75259584512,75259584512,6.07,0.021,0.9,0.1,0.35,0.65,0.35,0.65
Qwen/Qwen2.5-7B-Instruct,NVIDIA GeForce RTX 5060 Ti,42,MultiFieldQA-en,6,16,321,multi-hop,56.3299,58.0003,0.0,0.0,0,0,1,1,119,375,375,375,56448000000,56448000000,56448000000,6.07,0.021,0.9,0.1,0.35,0.65,0.35,0.65
Qwen/Qwen2.5-7B-Instruct,NVIDIA GeForce RTX 5060 Ti,42,MultiFieldQA-en,6,16,322,multi-hop,50.319,51.5406,50.2288,0.0,0,0,0,1,88,344,344,344,47501017088,47501017088,47501017088,6.07,0.021,0.9,0.1,0.35,0.65,0.35,0.65
Qwen/Qwen2.5-7B-Instruct,NVIDIA GeForce RTX 5060 Ti,42,MultiFieldQA-en,6,16,323,structural,0.0,0.0,0.0,0.0,1,1,1,1,141,397,397,397,63265513472,63265513472,63265513472,6.07,0.021,0.9,0.1,0.35,0.65,0.35,0.65
Qwen/Qwen2.5-7B-Instruct,NVIDIA GeForce RTX 5060 Ti,42,MultiFieldQA-en,6,16,324,semantic,51.4962,0.0,0.0,0.0,0,1,1,1,10,266,266,266,28402024448,28402024448,28402024448,6.07,0.021,0.9,0.1,0.35,0.65,0.35,0.65
Qwen/Qwen2.5-7B-Instruct,NVIDIA GeForce RTX 5060 Ti,42,MultiFieldQA-en,6,16,325,semantic,56.8864,0.0,51.3926,52.3706,0,1,0,0,127,383,383,383,58882138112,58882138112,58882138112,6.07,0.021,0.9,0.1,0.35,0.65,0.35,0.65
Qwen/Qwen2.5-7B-Instruct,NVIDIA GeForce RTX 5060 Ti,42,MultiFieldQA-en,6,16,326,multi-hop,43.2638,44.2541,44.3569,0.0,0,0,0,1,116,372,372,372,55548444672,55548444672,55548444672,6.07,0.021,0.9,0.1,0.35,0.65,0.35,0.65
Qwen/Qwen2.5-7B-Instruct,NVIDIA GeForce RTX 5060 Ti,42,MultiFieldQA-en,6,16,327,structural,52.5566,0.0,0.0,0.0,0,1,1,1,151,407,407,407,66492833792,66492833792,66492833792,6.07,0.021,0.9,0.1,0.35,0.65,0.35,0.65
Qwen/Qwen2.5-7B-Instruct,NVIDIA GeForce RTX 5060 Ti,42,MultiFieldQA-en,6,16,328,multi-hop,51.5917,0.0,53.167,51.9458,0,1,0,0,26,282,282,282,31921569792,31921569792,31921569792,6.07,0.021,0.9,0.1,0.35,0.65,0.35,0.65
Qwen/Qwen2.5-7B-Instruct,NVIDIA GeForce RTX 5060 Ti,42,MultiFieldQA-en,6,16,329,multi-hop,52.7095,52.3553,50.3108,0.0,0,0,0,1,104,360,360,360,52022476800,52022476800,52022476800,6.07,0.021,0.9,0.1,0.35,0.65,0.35,0.65
Qwen/Qwen2.5-7B-Instruct,NVIDIA GeForce RTX 5060 Ti,42,MultiFieldQA-en,6,16,330,structural,50.6749,52.9878,51.8689,0.0,0,0,0,1,181,437,437,437,76656484352,76656484352,76656484352,6.07,0.021,0.9,0.1,0.35,0.65,0.35,0.65
Qwen/Qwen2.5-7B-Instruct,NVIDIA GeForce RTX 5060 Ti,42,MultiFieldQA-en,6,16,331,multi-hop,50.789,0.0,55.3767,50.3613,0,1,0,0,23,279,279,279,31246000128,31246000128,31246000128,6.07,0.021,0.9,0.1,0.35,0.65,0.35,0.65
Qwen/Qwen2.5-7B-Instruct,NVIDIA GeForce RTX 5060 Ti,42,MultiFieldQA-en,6,16,332,multi-hop,51.5964,0.0,0.0,0.0,0,1,1,1,107,363,363,363,52893130752,52893130752,52893130752,6.07,0.021,0.9,0.1,0.35,0.65,0.35,0.65
Qwen/Qwen2.5-7B-Instruct,NVIDIA GeForce RTX 5060 Ti,42,MultiFieldQA-en,6,16,333,semantic,0.0,0.0,68.798,0.0,1,1,0,1,117,373,373,373,55847493632,55847493632,55847493632,6.07,0.021,0.9,0.1,0.35,0.65,0.35,0.65
Qwen/Qwen2.5-7B-Instruct,NVIDIA GeForce RTX 5060 Ti,42,MultiFieldQA-en,6,16,334,semantic,45.4996,0.0,43.1543,42.9149,0,1,0,0,21,277,277,277,30799634432,30799634432,30799634432,6.07,0.021,0.9,0.1,0.35,0.65,0.35,0.65
Qwen/Qwen2.5-7B-Instruct,NVIDIA GeForce RTX 5060 Ti,42,MultiFieldQA-en,6,16,335,multi-hop,70.992,68.1692,68.0672,67.8401,0,0,0,0,135,391,391,391,61367656448,61367656448,61367656448,6.07,0.021,0.9,0.1,0.35,0.65,0.35,0.65
Qwen/Qwen2.5-7B-Instruct,NVIDIA GeForce RTX 5060 Ti,42,MultiFieldQA-en,6,16,336,multi-hop,50.8808,0.0,51.4323,53.0477,0,1,0,0,96,352,352,352,49736056832,49736056832,49736056832,6.07,0.021,0.9,0.1,0.35,0.65,0.35,0.65
Qwen/Qwen2.5-7B-Instruct,NVIDIA GeForce RTX 5060 Ti,42,MultiFieldQA-en,6,16,337,structural,50.9668,52.0254,51.2044,0.0,0,0,0,1,100,356,356,356,50872844288,50872844288,50872844288,6.07,0.021,0.9,0.1,0.35,0.65,0.35,0.65
Qwen/Qwen2.5-7B-Instruct,NVIDIA GeForce RTX 5060 Ti,42,MultiFieldQA-en,6,16,338,multi-hop,0.0,0.0,0.0,69.0119,1,1,1,0,114,370,370,370,54952755200,54952755200,54952755200,6.07,0.021,0.9,0.1,0.35,0.65,0.35,0.65
Qwen/Qwen2.5-7B-Instruct,NVIDIA GeForce RTX 5060 Ti,42,MultiFieldQA-en,6,16,339,multi-hop,50.7034,0.0,52.0238,52.2465,0,1,0,0,72,328,328,328,43185078272,43185078272,43185078272,6.07,0.021,0.9,0.1,0.35,0.65,0.35,0.65
Qwen/Qwen2.5-7B-Instruct,NVIDIA GeForce RTX 5060 Ti,42,MultiFieldQA-en,6,16,340,semantic,56.0286,0.0,0.0,0.0,0,1,1,1,108,364,364,364,53184954368,53184954368,53184954368,6.07,0.021,0.9,0.1,0.35,0.65,0.35,0.65
Qwen/Qwen2.5-7B-Instruct,NVIDIA GeForce RTX 5060 Ti,42,MultiFieldQA-en,6,16,341,semantic,48.2955,0.0,0.0,0.0,0,1,1,1,89,345,345,345,47777587200,47777587200,47777587200,6.07,0.021,0.9,0.1,0.35,0.65,0.35,0.65
Qwen/Qwen2.5-7B-Instruct,NVIDIA GeForce RTX 5060 Ti,42,MultiFieldQA-en,6,16,342,multi-hop,65.8055,0.0,0.0,0.0,0,1,1,1,100,356,356,356,50872844288,50872844288,50872844288,6.07,0.021,0.9,0.1,0.35,0.65,0.35,0.65
Qwen/Qwen2.5-7B-Instruct,NVIDIA GeForce RTX 5060 Ti,42,MultiFieldQA-en,6,16,343,structural,46.9992,50.4646,50.0091,0.0,0,0,0,1,95,351,351,351,49453867008,49453867008,49453867008,6.07,0.021,0.9,0.1,0.35,0.65,0.35,0.65
Qwen/Qwen2.5-7B-Instruct,NVIDIA GeForce RTX 5060 Ti,42,MultiFieldQA-en,6,16,344,multi-hop,67.1929,68.9213,67.5227,0.0,0,0,0,1,201,457,457,457,83833659392,83833659392,83833659392,6.07,0.021,0.9,0.1,0.35,0.65,0.35,0.65
Qwen/Qwen2.5-7B-Instruct,NVIDIA GeForce RTX 5060 Ti,42,MultiFieldQA-en,6,16,345,semantic,67.1347,0.0,0.0,0.0,0,1,1,1,53,309,309,309,38326837248,38326837248,38326837248,6.07,0.021,0.9,0.1,0.35,0.65,0.35,0.65
Qwen/Qwen2.5-7B-Instruct,NVIDIA GeForce RTX 5060 Ti,42,MultiFieldQA-en,6,16,346,semantic,50.6575,0.0,52.2919,0.0,0,1,0,1,99,355,355,355,50587443200,50587443200,50587443200,6.07,0.021,0.9,0.1,0.35,0.65,0.35,0.65
Qwen/Qwen2.5-7B-Instruct,NVIDIA GeForce RTX 5060 Ti,42,MultiFieldQA-en,6,16,347,structural,68.2537,70.1727,0.0,0.0,0,0,1,1,96,352,352,352,49736056832,49736056832,49736056832,6.07,0.021,0.9,0.1,0.35,0.65,0.35,0.65
Qwen/Qwen2.5-7B-Instruct,NVIDIA GeForce RTX 5060 Ti,42,MultiFieldQA-en,6,16,348,structural,73.4694,70.579,0.0,0.0,0,0,1,1,128,384,384,384,59190018048,59190018048,59190018048,6.07,0.021,0.9,0.1,0.35,0.65,0.35,0.65
Qwen/Qwen2.5-7B-Instruct,NVIDIA GeForce RTX 5060 Ti,42,MultiFieldQA-en,6,16,349,semantic,0.0,0.0,53.6488,0.0,1,1,0,1,99,355,355,355,50587443200,50587443200,50587443200,6.07,0.021,0.9,0.1,0.35,0.65,0.35,0.65
Qwen/Qwen2.5-7B-Instruct,NVIDIA GeForce RTX 5060 Ti,42,MultiFieldQA-en,6,16,350,semantic,50.7775,0.0,0.0,0.0,0,1,1,1,116,372,372,372,55548444672,55548444672,55548444672,6.07,0.021,0.9,0.1,0.35,0.65,0.35,0.65
Qwen/Qwen2.5-7B-Instruct,NVIDIA GeForce RTX 5060 Ti,42,MultiFieldQA-en,6,16,351,multi-hop,44.2481,43.7027,50.2421,0.0,0,0,0,1,104,360,360,360,52022476800,52022476800,52022476800,6.07,0.021,0.9,0.1,0.35,0.65,0.35,0.65
Qwen/Qwen2.5-7B-Instruct,NVIDIA GeForce RTX 5060 Ti,42,MultiFieldQA-en,6,16,352,structural,51.5909,54.5459,52.3726,0.0,0,0,0,1,100,356,356,356,50872844288,50872844288,50872844288,6.07,0.021,0.9,0.1,0.35,0.65,0.35,0.65
Qwen/Qwen2.5-7B-Instruct,NVIDIA GeForce RTX 5060 Ti,42,MultiFieldQA-en,6,16,353,semantic,50.145,0.0,51.0099,49.2904,0,1,0,0,110,366,366,366,53771010048,53771010048,53771010048,6.07,0.021,0.9,0.1,0.35,0.65,0.35,0.65
Qwen/Qwen2.5-7B-Instruct,NVIDIA GeForce RTX 5060 Ti,42,MultiFieldQA-en,6,16,354,semantic,69.7854,0.0,0.0,0.0,0,1,1,1,149,405,405,405,65840947200,65840947200,65840947200,6.07,0.021,0.9,0.1,0.35,0.65,0.35,0.65
Qwen/Qwen2.5-7B-Instruct,NVIDIA GeForce RTX 5060 Ti,42,MultiFieldQA-en,6,16,355,semantic,0.0,0.0,0.0,0.0,1,1,1,1,149,405,405,405,65840947200,65840947200,65840947200,6.07,0.021,0.9,0.1,0.35,0.65,0.35,0.65
Qwen/Qwen2.5-7B-Instruct,NVIDIA GeForce RTX 5060 Ti,42,MultiFieldQA-en,6,16,356,multi-hop,45.6663,45.535,44.466,0.0,0,0,0,1,71,327,327,327,42922156032,42922156032,42922156032,6.07,0.021,0.9,0.1,0.35,0.65,0.35,0.65
Qwen/Qwen2.5-7B-Instruct,NVIDIA GeForce RTX 5060 Ti,42,MultiFieldQA-en,6,16,357,structural,50.8561,0.0,50.6855,0.0,0,1,0,1,78,334,334,334,44779470848,44779470848,44779470848,6.07,0.021,0.9,0.1,0.35,0.65,0.35,0.65
Qwen/Qwen2.5-7B-Instruct,NVIDIA GeForce RTX 5060 Ti,42,MultiFieldQA-en,6,16,358,multi-hop,51.4758,51.554,52.4623,0.0,0,0,0,1,72,328,328,328,43185078272,43185078272,43185078272,6.07,0.021,0.9,0.1,0.35,0.65,0.35,0.65
Qwen/Qwen2.5-7B-Instruct,NVIDIA GeForce RTX 5060 Ti,42,MultiFieldQA-en,6,16,359,structural,49.6358,49.5229,50.0027,0.0,0,0,0,1,95,351,351,351,49453867008,49453867008,49453867008,6.07,0.021,0.9,0.1,0.35,0.65,0.35,0.65
Qwen/Qwen2.5-7B-Instruct,NVIDIA GeForce RTX 5060 Ti,42,MultiFieldQA-en,6,16,360,structural,50.9234,51.3567,0.0,0.0,0,0,1,1,125,381,381,381,58268786688,58268786688,58268786688,6.07,0.021,0.9,0.1,0.35,0.65,0.35,0.65
Qwen/Qwen2.5-7B-Instruct,NVIDIA GeForce RTX 5060 Ti,42,MultiFieldQA-en,6,16,361,semantic,44.7542,0.0,44.092,0.0,0,1,0,1,43,299,299,299,35886276608,35886276608,35886276608,6.07,0.021,0.9,0.1,0.35,0.65,0.35,0.65
Qwen/Qwen2.5-7B-Instruct,NVIDIA GeForce RTX 5060 Ti,42,MultiFieldQA-en,6,16,362,multi-hop,51.7048,50.7662,51.3317,0.0,0,0,0,1,101,357,357,357,51159048192,51159048192,51159048192,6.07,0.021,0.9,0.1,0.35,0.65,0.35,0.65
Qwen/Qwen2.5-7B-Instruct,NVIDIA GeForce RTX 5060 Ti,42,MultiFieldQA-en,6,16,363,structural,67.0008,0.0,0.0,0.0,0,1,1,1,136,392,392,392,61681958912,61681958912,61681958912,6.07,0.021,0.9,0.1,0.35,0.65,0.35,0.65
Qwen/Qwen2.5-7B-Instruct,NVIDIA GeForce RTX 5060 Ti,42,MultiFieldQA-en,6,16,364,semantic,50.4094,0.0,0.0,0.0,0,1,1,1,55,311,311,311,38824583168,38824583168,38824583168,6.07,0.021,0.9,0.1,0.35,0.65,0.35,0.65
Qwen/Qwen2.5-7B-Instruct,NVIDIA GeForce RTX 5060 Ti,42,MultiFieldQA-en,6,16,365,semantic,54.4189,0.0,0.0,50.6987,0,1,1,0,95,351,351,351,49453867008,49453867008,49453867008,6.07,0.021,0.9,0.1,0.35,0.65,0.35,0.65
Qwen/Qwen2.5-7B-Instruct,NVIDIA GeForce RTX 5060 Ti,42,MultiFieldQA-en,6,16,366,multi-hop,55.1533,51.1881,51.3727,0.0,0,0,0,1,33,289,289,289,33525997568,33525997568,33525997568,6.07,0.021,0.9,0.1,0.35,0.65,0.35,0.65
Qwen/Qwen2.5-7B-Instruct,NVIDIA GeForce RTX 5060 Ti,42,MultiFieldQA-en,6,16,367,semantic,47.8908,0.0,50.4729,49.5063,0,1,0,0,86,342,342,342,46950285312,46950285312,46950285312,6.07,0.021,0.9,0.1,0.35,0.65,0.35,0.65
Qwen/Qwen2.5-7B-Instruct,NVIDIA GeForce RTX 5060 Ti,42,MultiFieldQA-en,6,16,368,semantic,44.4235,0.0,0.0,0.0,0,1,1,1,121,377,377,377,57051717632,57051717632,57051717632,6.07,0.021,0.9,0.1,0.35,0.65,0.35,0.65
Qwen/Qwen2.5-7B-Instruct,NVIDIA GeForce RTX 5060 Ti,42,MultiFieldQA-en,6,16,369,semantic,49.6799,0.0,0.0,0.0,0,1,1,1,86,342,342,342,46950285312,46950285312,46950285312,6.07,0.021,0.9,0.1,0.35,0.65,0.35,0.65
Qwen/Qwen2.5-7B-Instruct,NVIDIA GeForce RTX 5060 Ti,42,MultiFieldQA-en,6,16,370,multi-hop,41.1768,0.0,0.0,41.017,0,1,1,0,10,155,114,266,9643827200,5216698368,28402024448,6.07,0.021,0.9,0.1,0.35,0.65,0.35,0.65
Qwen/Qwen2.5-7B-Instruct,NVIDIA GeForce RTX 5060 Ti,42,MultiFieldQA-en,6,16,371,semantic,43.4786,0.0,0.0,0.0,0,1,1,1,48,304,304,304,37096521728,37096521728,37096521728,6.07,0.021,0.9,0.1,0.35,0.65,0.35,0.65
Qwen/Qwen2.5-7B-Instruct,NVIDIA GeForce RTX 5060 Ti,42,MultiFieldQA-en,6,16,372,multi-hop,53.7649,0.0,0.0,0.0,0,1,1,1,106,362,362,362,52602109952,52602109952,52602109952,6.07,0.021,0.9,0.1,0.35,0.65,0.35,0.65
Qwen/Qwen2.5-7B-Instruct,NVIDIA GeForce RTX 5060 Ti,42,MultiFieldQA-en,6,16,373,multi-hop,111.7805,0.0,51.2943,52.2272,0,1,0,0,100,356,356,356,50872844288,50872844288,50872844288,6.07,0.021,0.9,0.1,0.35,0.65,0.35,0.65
Qwen/Qwen2.5-7B-Instruct,NVIDIA GeForce RTX 5060 Ti,42,MultiFieldQA-en,6,16,374,structural,51.6501,52.8916,0.0,0.0,0,0,1,1,150,406,406,406,66166489088,66166489088,66166489088,6.07,0.021,0.9,0.1,0.35,0.65,0.35,0.65
Qwen/Qwen2.5-7B-Instruct,NVIDIA GeForce RTX 5060 Ti,42,MultiFieldQA-en,6,16,375,structural,45.0715,46.9249,45.6138,45.9855,0,0,0,0,92,348,348,348,48612114432,48612114432,48612114432,6.07,0.021,0.9,0.1,0.35,0.65,0.35,0.65
Qwen/Qwen2.5-7B-Instruct,NVIDIA GeForce RTX 5060 Ti,42,MultiFieldQA-en,6,16,376,multi-hop,51.8816,53.155,0.0,0.0,0,0,1,1,95,351,351,351,49453867008,49453867008,49453867008,6.07,0.021,0.9,0.1,0.35,0.65,0.35,0.65
Qwen/Qwen2.5-7B-Instruct,NVIDIA GeForce RTX 5060 Ti,42,MultiFieldQA-en,6,16,377,structural,46.0768,45.9564,44.3115,44.0322,0,0,0,0,86,342,342,342,46950285312,46950285312,46950285312,6.07,0.021,0.9,0.1,0.35,0.65,0.35,0.65
Qwen/Qwen2.5-7B-Instruct,NVIDIA GeForce RTX 5060 Ti,42,MultiFieldQA-en,6,16,378,multi-hop,41.0815,43.3497,41.9535,42.3401,0,0,0,0,143,399,399,399,63904555008,63904555008,63904555008,6.07,0.021,0.9,0.1,0.35,0.65,0.35,0.65
Qwen/Qwen2.5-7B-Instruct,NVIDIA GeForce RTX 5060 Ti,42,MultiFieldQA-en,6,16,379,structural,52.17,56.4704,0.0,0.0,0,0,1,1,92,348,348,348,48612114432,48612114432,48612114432,6.07,0.021,0.9,0.1,0.35,0.65,0.35,0.65
Qwen/Qwen2.5-7B-Instruct,NVIDIA GeForce RTX 5060 Ti,42,MultiFieldQA-en,6,16,380,semantic,68.8445,0.0,0.0,0.0,0,1,1,1,150,406,406,406,66166489088,66166489088,66166489088,6.07,0.021,0.9,0.1,0.35,0.65,0.35,0.65
Qwen/Qwen2.5-7B-Instruct,NVIDIA GeForce RTX 5060 Ti,42,MultiFieldQA-en,6,16,381,structural,48.5899,52.1373,0.0,0.0,0,0,1,1,111,367,367,367,54065242112,54065242112,54065242112,6.07,0.021,0.9,0.1,0.35,0.65,0.35,0.65
Qwen/Qwen2.5-7B-Instruct,NVIDIA GeForce RTX 5060 Ti,42,MultiFieldQA-en,6,16,382,semantic,39.0614,0.0,0.0,0.0,0,1,1,1,1,12,12,12,57802752,57802752,57802752,6.07,0.021,0.9,0.1,0.35,0.65,0.35,0.65
Qwen/Qwen2.5-7B-Instruct,NVIDIA GeForce RTX 5060 Ti,42,MultiFieldQA-en,6,16,383,multi-hop,89.4301,0.0,0.0,85.0082,0,1,1,0,19,275,275,275,30356480000,30356480000,30356480000,6.07,0.021,0.9,0.1,0.35,0.65,0.35,0.65
Qwen/Qwen2.5-7B-Instruct,NVIDIA GeForce RTX 5060 Ti,42,MultiFieldQA-en,6,16,384,structural,42.5532,44.5738,43.0032,44.2403,0,0,0,0,116,372,372,372,55548444672,55548444672,55548444672,6.07,0.021,0.9,0.1,0.35,0.65,0.35,0.65
Qwen/Qwen2.5-7B-Instruct,NVIDIA GeForce RTX 5060 Ti,42,MultiFieldQA-en,6,16,385,multi-hop,67.753,0.0,0.0,0.0,0,1,1,1,184,440,440,440,77712588800,77712588800,77712588800,6.07,0.021,0.9,0.1,0.35,0.65,0.35,0.65
Qwen/Qwen2.5-7B-Instruct,NVIDIA GeForce RTX 5060 Ti,42,MultiFieldQA-en,6,16,386,semantic,48.6854,0.0,49.4453,50.11,0,1,0,0,85,341,341,341,46676123648,46676123648,46676123648,6.07,0.021,0.9,0.1,0.35,0.65,0.35,0.65
Qwen/Qwen2.5-7B-Instruct,NVIDIA GeForce RTX 5060 Ti,42,MultiFieldQA-en,6,16,387,semantic,49.7047,0.0,0.0,0.0,0,1,1,1,70,326,326,326,42660036608,42660036608,42660036608,6.07,0.021,0.9,0.1,0.35,0.65,0.35,0.65
Qwen/Qwen2.5-7B-Instruct,NVIDIA GeForce RTX 5060 Ti,42,MultiFieldQA-en,6,16,388,multi-hop,47.6969,0.0,0.0,54.6586,0,1,1,0,99,355,355,355,50587443200,50587443200,50587443200,6.07,0.021,0.9,0.1,0.35,0.65,0.35,0.65
Qwen/Qwen2.5-7B-Instruct,NVIDIA GeForce RTX 5060 Ti,42,MultiFieldQA-en,6,16,389,semantic,50.0632,0.0,53.0262,0.0,0,1,0,1,81,337,337,337,45587505152,45587505152,45587505152,6.07,0.021,0.9,0.1,0.35,0.65,0.35,0.65
Qwen/Qwen2.5-7B-Instruct,NVIDIA GeForce RTX 5060 Ti,42,MultiFieldQA-en,6,16,390,multi-hop,43.1513,0.0,0.0,42.8178,0,1,1,0,67,323,323,323,41878495232,41878495232,41878495232,6.07,0.021,0.9,0.1,0.35,0.65,0.35,0.65
Qwen/Qwen2.5-7B-Instruct,NVIDIA GeForce RTX 5060 Ti,42,MultiFieldQA-en,6,16,391,multi-hop,49.7336,0.0,51.0198,51.8793,0,1,0,0,96,352,352,352,49736056832,49736056832,49736056832,6.07,0.021,0.9,0.1,0.35,0.65,0.35,0.65
Qwen/Qwen2.5-7B-Instruct,NVIDIA GeForce RTX 5060 Ti,42,MultiFieldQA-en,6,16,392,multi-hop,50.4616,0.0,61.4585,50.1618,0,1,0,0,53,309,309,309,38326837248,38326837248,38326837248,6.07,0.021,0.9,0.1,0.35,0.65,0.35,0.65
Qwen/Qwen2.5-7B-Instruct,NVIDIA GeForce RTX 5060 Ti,42,MultiFieldQA-en,6,16,393,semantic,49.8184,0.0,0.0,0.0,0,1,1,1,107,363,363,363,52893130752,52893130752,52893130752,6.07,0.021,0.9,0.1,0.35,0.65,0.35,0.65
Qwen/Qwen2.5-7B-Instruct,NVIDIA GeForce RTX 5060 Ti,42,MultiFieldQA-en,6,16,394,multi-hop,42.6092,43.4077,0.0,0.0,0,0,1,1,108,364,364,364,53184954368,53184954368,53184954368,6.07,0.021,0.9,0.1,0.35,0.65,0.35,0.65
Qwen/Qwen2.5-7B-Instruct,NVIDIA GeForce RTX 5060 Ti,42,MultiFieldQA-en,6,16,395,multi-hop,50.4592,50.7352,0.0,0.0,0,0,1,1,137,393,393,393,61997064192,61997064192,61997064192,6.07,0.021,0.9,0.1,0.35,0.65,0.35,0.65
Qwen/Qwen2.5-7B-Instruct,NVIDIA GeForce RTX 5060 Ti,42,MultiFieldQA-en,6,16,396,multi-hop,50.2083,51.3401,0.0,0.0,0,0,1,1,58,314,314,314,39577223168,39577223168,39577223168,6.07,0.021,0.9,0.1,0.35,0.65,0.35,0.65
Qwen/Qwen2.5-7B-Instruct,NVIDIA GeForce RTX 5060 Ti,42,MultiFieldQA-en,6,16,397,structural,50.882,0.0,0.0,0.0,0,1,1,1,106,362,362,362,52602109952,52602109952,52602109952,6.07,0.021,0.9,0.1,0.35,0.65,0.35,0.65
Qwen/Qwen2.5-7B-Instruct,NVIDIA GeForce RTX 5060 Ti,42,MultiFieldQA-en,6,16,398,multi-hop,50.9023,55.6031,50.6692,0.0,0,0,0,1,10,155,114,266,9643827200,5216698368,28402024448,6.07,0.021,0.9,0.1,0.35,0.65,0.35,0.65
Qwen/Qwen2.5-7B-Instruct,NVIDIA GeForce RTX 5060 Ti,42,MultiFieldQA-en,6,16,399,multi-hop,53.1369,0.0,53.0041,51.6462,0,1,0,0,60,316,316,316,40082997248,40082997248,40082997248,6.07,0.021,0.9,0.1,0.35,0.65,0.35,0.65
Qwen/Qwen2.5-7B-Instruct,NVIDIA GeForce RTX 5060 Ti,42,MultiFieldQA-en,6,16,400,multi-hop,50.4202,0.0,51.3854,51.3357,0,1,0,0,23,279,279,279,31246000128,31246000128,31246000128,6.07,0.021,0.9,0.1,0.35,0.65,0.35,0.65
Qwen/Qwen2.5-7B-Instruct,NVIDIA GeForce RTX 5060 Ti,42,MultiFieldQA-en,6,16,401,structural,67.4544,65.5238,66.3717,65.3865,0,0,0,0,1,12,12,12,57802752,57802752,57802752,6.07,0.021,0.9,0.1,0.35,0.65,0.35,0.65
Qwen/Qwen2.5-7B-Instruct,NVIDIA GeForce RTX 5060 Ti,42,MultiFieldQA-en,6,16,402,semantic,50.0473,0.0,0.0,0.0,0,1,1,1,128,384,384,384,59190018048,59190018048,59190018048,6.07,0.021,0.9,0.1,0.35,0.65,0.35,0.65
Qwen/Qwen2.5-7B-Instruct,NVIDIA GeForce RTX 5060 Ti,42,MultiFieldQA-en,6,16,403,multi-hop,89.8765,91.8803,91.9224,0.0,0,0,0,1,194,450,450,450,81285120000,81285120000,81285120000,6.07,0.021,0.9,0.1,0.35,0.65,0.35,0.65
Qwen/Qwen2.5-7B-Instruct,NVIDIA GeForce RTX 5060 Ti,42,MultiFieldQA-en,6,16,404,semantic,49.0266,0.0,0.0,0.0,0,1,1,1,73,329,329,329,43448803328,43448803328,43448803328,6.07,0.021,0.9,0.1,0.35,0.65,0.35,0.65
Qwen/Qwen2.5-7B-Instruct,NVIDIA GeForce RTX 5060 Ti,42,MultiFieldQA-en,6,16,405,structural,52.4664,54.6042,0.0,0.0,0,0,1,1,53,309,309,309,38326837248,38326837248,38326837248,6.07,0.021,0.9,0.1,0.35,0.65,0.35,0.65
Qwen/Qwen2.5-7B-Instruct,NVIDIA GeForce RTX 5060 Ti,42,MultiFieldQA-en,6,16,406,semantic,67.6746,0.0,0.0,0.0,0,1,1,1,115,371,371,371,55250198528,55250198528,55250198528,6.07,0.021,0.9,0.1,0.35,0.65,0.35,0.65
Qwen/Qwen2.5-7B-Instruct,NVIDIA GeForce RTX 5060 Ti,42,MultiFieldQA-en,6,16,407,multi-hop,43.7689,45.593,44.8988,0.0,0,0,0,1,43,299,299,299,35886276608,35886276608,35886276608,6.07,0.021,0.9,0.1,0.35,0.65,0.35,0.65
Qwen/Qwen2.5-7B-Instruct,NVIDIA GeForce RTX 5060 Ti,42,MultiFieldQA-en,6,16,408,multi-hop,45.8475,0.0,54.9481,47.3912,0,1,0,0,43,299,299,299,35886276608,35886276608,35886276608,6.07,0.021,0.9,0.1,0.35,0.65,0.35,0.65
Qwen/Qwen2.5-7B-Instruct,NVIDIA GeForce RTX 5060 Ti,42,MultiFieldQA-en,6,16,409,semantic,52.1922,0.0,0.0,0.0,0,1,1,1,109,365,365,365,53477580800,53477580800,53477580800,6.07,0.021,0.9,0.1,0.35,0.65,0.35,0.65
Qwen/Qwen2.5-7B-Instruct,NVIDIA GeForce RTX 5060 Ti,42,MultiFieldQA-en,6,16,410,multi-hop,0.0,0.0,0.0,54.0737,1,1,1,0,137,393,393,393,61997064192,61997064192,61997064192,6.07,0.021,0.9,0.1,0.35,0.65,0.35,0.65
Qwen/Qwen2.5-7B-Instruct,NVIDIA GeForce RTX 5060 Ti,42,MultiFieldQA-en,6,16,411,structural,53.1243,50.5568,51.9934,59.3311,0,0,0,0,1,12,12,12,57802752,57802752,57802752,6.07,0.021,0.9,0.1,0.35,0.65,0.35,0.65
Qwen/Qwen2.5-7B-Instruct,NVIDIA GeForce RTX 5060 Ti,42,MultiFieldQA-en,6,16,412,multi-hop,52.7116,0.0,53.4191,52.9467,0,1,0,0,159,415,415,415,69132492800,69132492800,69132492800,6.07,0.021,0.9,0.1,0.35,0.65,0.35,0.65
Qwen/Qwen2.5-7B-Instruct,NVIDIA GeForce RTX 5060 Ti,42,MultiFieldQA-en,6,16,413,multi-hop,51.2534,48.3711,0.0,50.6064,0,0,1,0,1,12,12,12,57802752,57802752,57802752,6.07,0.021,0.9,0.1,0.35,0.65,0.35,0.65
Qwen/Qwen2.5-7B-Instruct,NVIDIA GeForce RTX 5060 Ti,42,MultiFieldQA-en,6,16,414,multi-hop,51.003,0.0,52.144,51.1611,0,1,0,0,85,341,341,341,46676123648,46676123648,46676123648,6.07,0.021,0.9,0.1,0.35,0.65,0.35,0.65
Qwen/Qwen2.5-7B-Instruct,NVIDIA GeForce RTX 5060 Ti,42,MultiFieldQA-en,6,16,415,semantic,43.4388,0.0,45.9904,0.0,0,1,0,1,111,367,367,367,54065242112,54065242112,54065242112,6.07,0.021,0.9,0.1,0.35,0.65,0.35,0.65
Qwen/Qwen2.5-7B-Instruct,NVIDIA GeForce RTX 5060 Ti,42,MultiFieldQA-en,6,16,416,semantic,50.2721,0.0,0.0,0.0,0,1,1,1,78,334,334,334,44779470848,44779470848,44779470848,6.07,0.021,0.9,0.1,0.35,0.65,0.35,0.65
Qwen/Qwen2.5-7B-Instruct,NVIDIA GeForce RTX 5060 Ti,42,MultiFieldQA-en,6,16,417,semantic,47.0861,0.0,0.0,0.0,0,1,1,1,23,130,130,130,6783795200,6783795200,6783795200,6.07,0.021,0.9,0.1,0.35,0.65,0.35,0.65
Qwen/Qwen2.5-7B-Instruct,NVIDIA GeForce RTX 5060 Ti,42,MultiFieldQA-en,6,16,418,multi-hop,48.7905,50.943,51.202,0.0,0,0,0,1,101,357,357,357,51159048192,51159048192,51159048192,6.07,0.021,0.9,0.1,0.35,0.65,0.35,0.65
Qwen/Qwen2.5-7B-Instruct,NVIDIA GeForce RTX 5060 Ti,42,MultiFieldQA-en,6,16,419,multi-hop,56.0359,52.638,52.2629,0.0,0,0,0,1,103,359,359,359,51733864448,51733864448,51733864448,6.07,0.021,0.9,0.1,0.35,0.65,0.35,0.65
Qwen/Qwen2.5-7B-Instruct,NVIDIA GeForce RTX 5060 Ti,42,MultiFieldQA-en,6,16,420,structural,49.5817,50.2908,50.3316,0.0,0,0,0,1,46,302,302,302,36610015232,36610015232,36610015232,6.07,0.021,0.9,0.1,0.35,0.65,0.35,0.65
Qwen/Qwen2.5-7B-Instruct,NVIDIA GeForce RTX 5060 Ti,42,MultiFieldQA-en,6,16,421,multi-hop,43.1313,45.0151,44.3804,0.0,0,0,0,1,120,376,376,376,56749457408,56749457408,56749457408,6.07,0.021,0.9,0.1,0.35,0.65,0.35,0.65
Qwen/Qwen2.5-7B-Instruct,NVIDIA GeForce RTX 5060 Ti,42,MultiFieldQA-en,6,16,422,multi-hop,50.5922,0.0,0.0,0.0,0,1,1,1,59,315,315,315,39829708800,39829708800,39829708800,6.07,0.021,0.9,0.1,0.35,0.65,0.35,0.65
Qwen/Qwen2.5-7B-Instruct,NVIDIA GeForce RTX 5060 Ti,42,MultiFieldQA-en,6,16,423,semantic,39.757,0.0,0.0,0.0,0,1,1,1,8,116,114,114,5401346048,5216698368,5216698368,6.07,0.021,0.9,0.1,0.35,0.65,0.35,0.65
Qwen/Qwen2.5-7B-Instruct,NVIDIA GeForce RTX 5060 Ti,42,MultiFieldQA-en,6,16,424,structural,66.9594,69.6415,0.0,70.5865,0,0,1,0,155,411,411,411,67806240768,67806240768,67806240768,6.07,0.021,0.9,0.1,0.35,0.65,0.35,0.65
Qwen/Qwen2.5-7B-Instruct,NVIDIA GeForce RTX 5060 Ti,42,MultiFieldQA-en,6,16,425,semantic,55.7832,0.0,0.0,0.0,0,1,1,1,79,335,335,335,45048012800,45048012800,45048012800,6.07,0.021,0.9,0.1,0.35,0.65,0.35,0.65
Qwen/Qwen2.5-7B-Instruct,NVIDIA GeForce RTX 5060 Ti,42,MultiFieldQA-en,6,16,426,multi-hop,43.813,45.5469,45.287,0.0,0,0,0,1,158,414,414,414,68799725568,68799725568,68799725568,6.07,0.021,0.9,0.1,0.35,0.65,0.35,0.65
Qwen/Qwen2.5-7B-Instruct,NVIDIA GeForce RTX 5060 Ti,42,MultiFieldQA-en,6,16,427,semantic,49.4504,0.0,0.0,0.0,0,1,1,1,33,289,289,289,33525997568,33525997568,33525997568,6.07,0.021,0.9,0.1,0.35,0.65,0.35,0.65
Qwen/Qwen2.5-7B-Instruct,NVIDIA GeForce RTX 5060 Ti,42,MultiFieldQA-en,6,16,428,semantic,45.3112,0.0,45.7202,0.0,0,1,0,1,94,350,350,350,49172480000,49172480000,49172480000,6.07,0.021,0.9,0.1,0.35,0.65,0.35,0.65
Qwen/Qwen2.5-7B-Instruct,NVIDIA GeForce RTX 5060 Ti,42,MultiFieldQA-en,6,16,429,multi-hop,51.5101,52.4939,0.0,0.0,0,0,1,1,129,385,385,385,59498700800,59498700800,59498700800,6.07,0.021,0.9,0.1,0.35,0.65,0.35,0.65
Qwen/Qwen2.5-7B-Instruct,NVIDIA GeForce RTX 5060 Ti,42,MultiFieldQA-en,6,16,430,semantic,50.7935,0.0,0.0,0.0,0,1,1,1,93,349,349,349,48891895808,48891895808,48891895808,6.07,0.021,0.9,0.1,0.35,0.65,0.35,0.65
Qwen/Qwen2.5-7B-Instruct,NVIDIA GeForce RTX 5060 Ti,42,MultiFieldQA-en,6,16,431,multi-hop,49.8597,51.6471,51.3216,0.0,0,0,0,1,15,271,271,271,29479804928,29479804928,29479804928,6.07,0.021,0.9,0.1,0.35,0.65,0.35,0.65
Qwen/Qwen2.5-7B-Instruct,NVIDIA GeForce RTX 5060 Ti,42,MultiFieldQA-en,6,16,432,structural,51.4681,52.755,51.0522,0.0,0,0,0,1,66,322,322,322,41619587072,41619587072,41619587072,6.07,0.021,0.9,0.1,0.35,0.65,0.35,0.65
Qwen/Qwen2.5-7B-Instruct,NVIDIA GeForce RTX 5060 Ti,42,MultiFieldQA-en,6,16,433,structural,43.3318,45.5191,45.4051,0.0,0,0,0,1,41,297,297,297,35407798272,35407798272,35407798272,6.07,0.021,0.9,0.1,0.35,0.65,0.35,0.65
Qwen/Qwen2.5-7B-Instruct,NVIDIA GeForce RTX 5060 Ti,42,MultiFieldQA-en,6,16,434,multi-hop,44.6577,44.6098,45.4209,0.0,0,0,0,1,111,367,367,367,54065242112,54065242112,54065242112,6.07,0.021,0.9,0.1,0.35,0.65,0.35,0.65
Qwen/Qwen2.5-7B-Instruct,NVIDIA GeForce RTX 5060 Ti,42,MultiFieldQA-en,6,16,435,structural,50.8868,51.4898,0.0,0.0,0,0,1,1,105,361,361,361,52311891968,52311891968,52311891968,6.07,0.021,0.9,0.1,0.35,0.65,0.35,0.65
Qwen/Qwen2.5-7B-Instruct,NVIDIA GeForce RTX 5060 Ti,42,MultiFieldQA-en,6,16,436,multi-hop,47.7889,0.0,50.0392,49.2673,0,1,0,0,17,273,273,273,29916536832,29916536832,29916536832,6.07,0.021,0.9,0.1,0.35,0.65,0.35,0.65
Qwen/Qwen2.5-7B-Instruct,NVIDIA GeForce RTX 5060 Ti,42,MultiFieldQA-en,6,16,437,multi-hop,43.7826,0.0,0.0,43.7087,0,1,1,0,134,390,390,390,61054156800,61054156800,61054156800,6.07,0.021,0.9,0.1,0.35,0.65,0.35,0.65
Qwen/Qwen2.5-7B-Instruct,NVIDIA GeForce RTX 5060 Ti,42,MultiFieldQA-en,6,16,438,multi-hop,41.3031,42.7122,42.3828,0.0,0,0,0,1,45,301,301,301,36367966208,36367966208,36367966208,6.07,0.021,0.9,0.1,0.35,0.65,0.35,0.65
Qwen/Qwen2.5-7B-Instruct,NVIDIA GeForce RTX 5060 Ti,42,MultiFieldQA-en,6,16,439,semantic,47.8532,0.0,49.4495,48.2407,0,1,0,0,21,170,277,277,11600691200,30799634432,30799634432,6.07,0.021,0.9,0.1,0.35,0.65,0.35,0.65
Qwen/Qwen2.5-7B-Instruct,NVIDIA GeForce RTX 5060 Ti,42,MultiFieldQA-en,6,16,440,multi-hop,47.1152,0.0,0.0,0.0,0,1,1,1,63,319,319,319,40847679488,40847679488,40847679488,6.07,0.021,0.9,0.1,0.35,0.65,0.35,0.65
Qwen/Qwen2.5-7B-Instruct,NVIDIA GeForce RTX 5060 Ti,42,MultiFieldQA-en,6,16,441,multi-hop,65.9396,0.0,0.0,0.0,0,1,1,1,111,367,367,367,54065242112,54065242112,54065242112,6.07,0.021,0.9,0.1,0.35,0.65,0.35,0.65
Qwen/Qwen2.5-7B-Instruct,NVIDIA GeForce RTX 5060 Ti,42,MultiFieldQA-en,6,16,442,semantic,55.6743,0.0,0.0,0.0,0,1,1,1,156,412,412,412,68136599552,68136599552,68136599552,6.07,0.021,0.9,0.1,0.35,0.65,0.35,0.65
Qwen/Qwen2.5-7B-Instruct,NVIDIA GeForce RTX 5060 Ti,42,MultiFieldQA-en,6,16,443,structural,65.6188,68.6856,68.1376,0.0,0,0,0,1,11,267,267,267,28615974912,28615974912,28615974912,6.07,0.021,0.9,0.1,0.35,0.65,0.35,0.65
Qwen/Qwen2.5-7B-Instruct,NVIDIA GeForce RTX 5060 Ti,42,MultiFieldQA-en,6,16,444,multi-hop,68.6253,0.0,67.9275,68.7419,0,1,0,0,150,406,406,406,66166489088,66166489088,66166489088,6.07,0.021,0.9,0.1,0.35,0.65,0.35,0.65
Qwen/Qwen2.5-7B-Instruct,NVIDIA GeForce RTX 5060 Ti,42,MultiFieldQA-en,6,16,445,structural,42.0159,42.5968,41.1555,47.1582,0,0,0,0,1,12,12,12,57802752,57802752,57802752,6.07,0.021,0.9,0.1,0.35,0.65,0.35,0.65
Qwen/Qwen2.5-7B-Instruct,NVIDIA GeForce RTX 5060 Ti,42,MultiFieldQA-en,6,16,446,structural,47.9245,50.3153,49.2614,0.0,0,0,0,1,106,362,362,362,52602109952,52602109952,52602109952,6.07,0.021,0.9,0.1,0.35,0.65,0.35,0.65
Qwen/Qwen2.5-7B-Instruct,NVIDIA GeForce RTX 5060 Ti,42,MultiFieldQA-en,6,16,447,multi-hop,47.7263,50.5411,0.0,0.0,0,0,1,1,103,359,359,359,51733864448,51733864448,51733864448,6.07,0.021,0.9,0.1,0.35,0.65,0.35,0.65
Qwen/Qwen2.5-7B-Instruct,NVIDIA GeForce RTX 5060 Ti,42,MultiFieldQA-en,6,16,448,multi-hop,48.6142,50.0151,0.0,0.0,0,0,1,1,81,337,337,337,45587505152,45587505152,45587505152,6.07,0.021,0.9,0.1,0.35,0.65,0.35,0.65
Qwen/Qwen2.5-7B-Instruct,NVIDIA GeForce RTX 5060 Ti,42,MultiFieldQA-en,6,16,449,semantic,49.8338,0.0,0.0,0.0,0,1,1,1,83,339,339,339,46130208768,46130208768,46130208768,6.07,0.021,0.9,0.1,0.35,0.65,0.35,0.65
Qwen/Qwen2.5-7B-Instruct,NVIDIA GeForce RTX 5060 Ti,42,MultiFieldQA-en,6,16,450,structural,54.8931,52.3687,53.1813,0.0,0,0,0,1,76,332,332,332,44244795392,44244795392,44244795392,6.07,0.021,0.9,0.1,0.35,0.65,0.35,0.65
Qwen/Qwen2.5-7B-Instruct,NVIDIA GeForce RTX 5060 Ti,42,MultiFieldQA-en,6,16,451,semantic,50.7025,0.0,0.0,0.0,0,1,1,1,97,353,353,353,50019049472,50019049472,50019049472,6.07,0.021,0.9,0.1,0.35,0.65,0.35,0.65
Qwen/Qwen2.5-7B-Instruct,NVIDIA GeForce RTX 5060 Ti,42,MultiFieldQA-en,6,16,452,structural,50.3605,52.4556,51.4902,0.0,0,0,0,1,110,366,366,366,53771010048,53771010048,53771010048,6.07,0.021,0.9,0.1,0.35,0.65,0.35,0.65
Qwen/Qwen2.5-7B-Instruct,NVIDIA GeForce RTX 5060 Ti,42,MultiFieldQA-en,6,16,453,multi-hop,50.5381,0.0,0.0,57.0177,0,1,1,0,96,352,352,352,49736056832,49736056832,49736056832,6.07,0.021,0.9,0.1,0.35,0.65,0.35,0.65
Qwen/Qwen2.5-7B-Instruct,NVIDIA GeForce RTX 5060 Ti,42,MultiFieldQA-en,6,16,454,multi-hop,51.3697,53.1506,50.6885,0.0,0,0,0,1,96,352,352,352,49736056832,49736056832,49736056832,6.07,0.021,0.9,0.1,0.35,0.65,0.35,0.65
Qwen/Qwen2.5-7B-Instruct,NVIDIA GeForce RTX 5060 Ti,42,MultiFieldQA-en,6,16,455,semantic,68.2693,0.0,0.0,0.0,0,1,1,1,163,419,419,419,70471589888,70471589888,70471589888,6.07,0.021,0.9,0.1,0.35,0.65,0.35,0.65
Qwen/Qwen2.5-7B-Instruct,NVIDIA GeForce RTX 5060 Ti,42,MultiFieldQA-en,6,16,456,semantic,50.0837,0.0,50.9793,0.0,0,1,0,1,20,276,276,276,30577655808,30577655808,30577655808,6.07,0.021,0.9,0.1,0.35,0.65,0.35,0.65
Qwen/Qwen2.5-7B-Instruct,NVIDIA GeForce RTX 5060 Ti,42,MultiFieldQA-en,6,16,457,multi-hop,44.4331,0.0,44.9785,45.0295,0,1,0,0,137,393,393,393,61997064192,61997064192,61997064192,6.07,0.021,0.9,0.1,0.35,0.65,0.35,0.65
Qwen/Qwen2.5-7B-Instruct,NVIDIA GeForce RTX 5060 Ti,42,MultiFieldQA-en,6,16,458,multi-hop,68.8603,0.0,69.1334,68.64,0,1,0,0,150,406,406,406,66166489088,66166489088,66166489088,6.07,0.021,0.9,0.1,0.35,0.65,0.35,0.65
Qwen/Qwen2.5-7B-Instruct,NVIDIA GeForce RTX 5060 Ti,42,MultiFieldQA-en,6,16,459,multi-hop,42.5654,0.0,43.6086,43.3555,0,1,0,0,26,282,282,282,31921569792,31921569792,31921569792,6.07,0.021,0.9,0.1,0.35,0.65,0.35,0.65
Qwen/Qwen2.5-7B-Instruct,NVIDIA GeForce RTX 5060 Ti,42,MultiFieldQA-en,6,16,460,structural,49.7423,51.7982,0.0,0.0,0,0,1,1,111,367,367,367,54065242112,54065242112,54065242112,6.07,0.021,0.9,0.1,0.35,0.65,0.35,0.65
Qwen/Qwen2.5-7B-Instruct,NVIDIA GeForce RTX 5060 Ti,42,MultiFieldQA-en,6,16,461,semantic,69.4761,0.0,69.5316,0.0,0,1,0,1,158,414,414,414,68799725568,68799725568,68799725568,6.07,0.021,0.9,0.1,0.35,0.65,0.35,0.65
Qwen/Qwen2.5-7B-Instruct,NVIDIA GeForce RTX 5060 Ti,42,MultiFieldQA-en,6,16,462,structural,51.4431,0.0,51.1543,0.0,0,1,0,1,107,363,363,363,52893130752,52893130752,52893130752,6.07,0.021,0.9,0.1,0.35,0.65,0.35,0.65
Qwen/Qwen2.5-7B-Instruct,NVIDIA GeForce RTX 5060 Ti,42,MultiFieldQA-en,6,16,463,semantic,43.1222,0.0,0.0,0.0,0,1,1,1,73,329,329,329,43448803328,43448803328,43448803328,6.07,0.021,0.9,0.1,0.35,0.65,0.35,0.65
Qwen/Qwen2.5-7B-Instruct,NVIDIA GeForce RTX 5060 Ti,42,MultiFieldQA-en,6,16,464,multi-hop,42.3634,48.2629,44.4769,0.0,0,0,0,1,47,303,303,303,36852867072,36852867072,36852867072,6.07,0.021,0.9,0.1,0.35,0.65,0.35,0.65
Qwen/Qwen2.5-7B-Instruct,NVIDIA GeForce RTX 5060 Ti,42,MultiFieldQA-en,6,16,465,semantic,0.0,0.0,69.5369,69.6589,1,1,0,0,102,358,358,358,51446054912,51446054912,51446054912,6.07,0.021,0.9,0.1,0.35,0.65,0.35,0.65
Qwen/Qwen2.5-7B-Instruct,NVIDIA GeForce RTX 5060 Ti,42,MultiFieldQA-en,6,16,466,semantic,0.0,0.0,0.0,0.0,1,1,1,1,99,355,355,355,50587443200,50587443200,50587443200,6.07,0.021,0.9,0.1,0.35,0.65,0.35,0.65
Qwen/Qwen2.5-7B-Instruct,NVIDIA GeForce RTX 5060 Ti,42,MultiFieldQA-en,6,16,467,structural,0.0,51.8384,0.0,0.0,1,0,1,1,116,372,372,372,55548444672,55548444672,55548444672,6.07,0.021,0.9,0.1,0.35,0.65,0.35,0.65
Qwen/Qwen2.5-7B-Instruct,NVIDIA GeForce RTX 5060 Ti,42,MultiFieldQA-en,6,16,468,structural,49.0613,51.7434,51.4028,0.0,0,0,0,1,37,293,293,293,34460475392,34460475392,34460475392,6.07,0.021,0.9,0.1,0.35,0.65,0.35,0.65
Qwen/Qwen2.5-7B-Instruct,NVIDIA GeForce RTX 5060 Ti,42,MultiFieldQA-en,6,16,469,multi-hop,40.3702,41.8307,42.7197,43.3558,0,0,0,0,91,347,347,347,48333135872,48333135872,48333135872,6.07,0.021,0.9,0.1,0.35,0.65,0.35,0.65
Qwen/Qwen2.5-7B-Instruct,NVIDIA GeForce RTX 5060 Ti,42,MultiFieldQA-en,6,16,470,multi-hop,50.435,0.0,51.383,51.9172,0,1,0,0,135,391,391,391,61367656448,61367656448,61367656448,6.07,0.021,0.9,0.1,0.35,0.65,0.35,0.65
Qwen/Qwen2.5-7B-Instruct,NVIDIA GeForce RTX 5060 Ti,42,MultiFieldQA-en,6,16,471,structural,47.5904,50.1718,48.9917,0.0,0,0,0,1,63,319,319,319,40847679488,40847679488,40847679488,6.07,0.021,0.9,0.1,0.35,0.65,0.35,0.65
Qwen/Qwen2.5-7B-Instruct,NVIDIA GeForce RTX 5060 Ti,42,MultiFieldQA-en,6,16,472,multi-hop,50.0802,52.976,0.0,0.0,0,0,1,1,116,372,372,372,55548444672,55548444672,55548444672,6.07,0.021,0.9,0.1,0.35,0.65,0.35,0.65
Qwen/Qwen2.5-7B-Instruct,NVIDIA GeForce RTX 5060 Ti,42,MultiFieldQA-en,6,16,473,semantic,66.2079,0.0,67.0821,66.8823,0,1,0,0,114,370,370,370,54952755200,54952755200,54952755200,6.07,0.021,0.9,0.1,0.35,0.65,0.35,0.65
Qwen/Qwen2.5-7B-Instruct,NVIDIA GeForce RTX 5060 Ti,42,MultiFieldQA-en,6,16,474,multi-hop,47.8405,0.0,51.0031,49.4907,0,1,0,0,86,342,342,342,46950285312,46950285312,46950285312,6.07,0.021,0.9,0.1,0.35,0.65,0.35,0.65
Qwen/Qwen2.5-7B-Instruct,NVIDIA GeForce RTX 5060 Ti,42,MultiFieldQA-en,6,16,475,multi-hop,50.6739,0.0,0.0,51.1531,0,1,1,0,137,393,393,393,61997064192,61997064192,61997064192,6.07,0.021,0.9,0.1,0.35,0.65,0.35,0.65
Qwen/Qwen2.5-7B-Instruct,NVIDIA GeForce RTX 5060 Ti,42,MultiFieldQA-en,6,16,476,multi-hop,48.8118,55.3597,0.0,0.0,0,0,1,1,61,317,317,317,40337088512,40337088512,40337088512,6.07,0.021,0.9,0.1,0.35,0.65,0.35,0.65
Qwen/Qwen2.5-7B-Instruct,NVIDIA GeForce RTX 5060 Ti,42,MultiFieldQA-en,6,16,477,multi-hop,73.5688,0.0,0.0,0.0,0,1,1,1,47,303,303,303,36852867072,36852867072,36852867072,6.07,0.021,0.9,0.1,0.35,0.65,0.35,0.65
Qwen/Qwen2.5-7B-Instruct,NVIDIA GeForce RTX 5060 Ti,42,MultiFieldQA-en,6,16,478,structural,50.9288,49.6664,50.2735,52.1129,0,0,0,0,5,100,130,261,4014080000,6783795200,27344314368,6.07,0.021,0.9,0.1,0.35,0.65,0.35,0.65
Qwen/Qwen2.5-7B-Instruct,NVIDIA GeForce RTX 5060 Ti,42,MultiFieldQA-en,6,16,479,structural,52.1396,53.0118,52.1992,0.0,0,0,0,1,96,352,352,352,49736056832,49736056832,49736056832,6.07,0.021,0.9,0.1,0.35,0.65,0.35,0.65
Qwen/Qwen2.5-7B-Instruct,NVIDIA GeForce RTX 5060 Ti,42,MultiFieldQA-en,6,16,480,semantic,50.0689,0.0,0.0,0.0,0,1,1,1,78,334,334,334,44779470848,44779470848,44779470848,6.07,0.021,0.9,0.1,0.35,0.65,0.35,0.65
Qwen/Qwen2.5-7B-Instruct,NVIDIA GeForce RTX 5060 Ti,42,MultiFieldQA-en,6,16,481,multi-hop,68.6171,71.2741,68.4191,0.0,0,0,0,1,150,406,406,406,66166489088,66166489088,66166489088,6.07,0.021,0.9,0.1,0.35,0.65,0.35,0.65
Qwen/Qwen2.5-7B-Instruct,NVIDIA GeForce RTX 5060 Ti,42,MultiFieldQA-en,6,16,482,structural,67.0668,69.9854,0.0,0.0,0,0,1,1,114,370,370,370,54952755200,54952755200,54952755200,6.07,0.021,0.9,0.1,0.35,0.65,0.35,0.65
Qwen/Qwen2.5-7B-Instruct,NVIDIA GeForce RTX 5060 Ti,42,MultiFieldQA-en,6,16,483,structural,39.6825,39.8093,39.2555,39.7202,0,0,0,0,5,100,130,261,4014080000,6783795200,27344314368,6.07,0.021,0.9,0.1,0.35,0.65,0.35,0.65
Qwen/Qwen2.5-7B-Instruct,NVIDIA GeForce RTX 5060 Ti,42,MultiFieldQA-en,6,16,484,multi-hop,42.9634,44.0859,0.0,0.0,0,0,1,1,111,367,367,367,54065242112,54065242112,54065242112,6.07,0.021,0.9,0.1,0.35,0.65,0.35,0.65
Qwen/Qwen2.5-7B-Instruct,NVIDIA GeForce RTX 5060 Ti,42,MultiFieldQA-en,6,16,485,multi-hop,49.759,52.9186,0.0,0.0,0,0,1,1,110,366,366,366,53771010048,53771010048,53771010048,6.07,0.021,0.9,0.1,0.35,0.65,0.35,0.65
Qwen/Qwen2.5-7B-Instruct,NVIDIA GeForce RTX 5060 Ti,42,MultiFieldQA-en,6,16,486,multi-hop,49.5619,0.0,52.0713,52.3386,0,1,0,0,110,366,366,366,53771010048,53771010048,53771010048,6.07,0.021,0.9,0.1,0.35,0.65,0.35,0.65
Qwen/Qwen2.5-7B-Instruct,NVIDIA GeForce RTX 5060 Ti,42,MultiFieldQA-en,6,16,487,semantic,48.4235,0.0,0.0,50.8995,0,1,1,0,122,378,378,378,57354780672,57354780672,57354780672,6.07,0.021,0.9,0.1,0.35,0.65,0.35,0.65
Qwen/Qwen2.5-7B-Instruct,NVIDIA GeForce RTX 5060 Ti,42,MultiFieldQA-en,6,16,488,multi-hop,49.9993,0.0,0.0,52.2963,0,1,1,0,45,301,301,301,36367966208,36367966208,36367966208,6.07,0.021,0.9,0.1,0.35,0.65,0.35,0.65
Qwen/Qwen2.5-7B-Instruct,NVIDIA GeForce RTX 5060 Ti,42,MultiFieldQA-en,6,16,489,multi-hop,51.9996,0.0,0.0,0.0,0,1,1,1,142,398,398,398,63584632832,63584632832,63584632832,6.07,0.021,0.9,0.1,0.35,0.65,0.35,0.65
Qwen/Qwen2.5-7B-Instruct,NVIDIA GeForce RTX 5060 Ti,42,MultiFieldQA-en,6,16,490,structural,40.8405,42.4566,42.7553,0.0,0,0,0,1,32,288,288,288,33294385152,33294385152,33294385152,6.07,0.021,0.9,0.1,0.35,0.65,0.35,0.65
Qwen/Qwen2.5-7B-Instruct,NVIDIA GeForce RTX 5060 Ti,42,MultiFieldQA-en,6,16,491,structural,50.1148,53.7206,50.121,0.0,0,0,0,1,5,116,114,261,5401346048,5216698368,27344314368,6.07,0.021,0.9,0.1,0.35,0.65,0.35,0.65
Qwen/Qwen2.5-7B-Instruct,NVIDIA GeForce RTX 5060 Ti,42,MultiFieldQA-en,6,16,492,structural,43.7467,46.0569,49.6064,44.6028,0,0,0,0,86,342,342,342,46950285312,46950285312,46950285312,6.07,0.021,0.9,0.1,0.35,0.65,0.35,0.65
Qwen/Qwen2.5-7B-Instruct,NVIDIA GeForce RTX 5060 Ti,42,MultiFieldQA-en,6,16,493,multi-hop,50.1306,0.0,0.0,0.0,0,1,1,1,85,341,341,341,46676123648,46676123648,46676123648,6.07,0.021,0.9,0.1,0.35,0.65,0.35,0.65
Qwen/Qwen2.5-7B-Instruct,NVIDIA GeForce RTX 5060 Ti,42,MultiFieldQA-en,6,16,494,multi-hop,39.2754,43.8075,39.8487,38.7363,0,0,0,0,100,356,356,356,50872844288,50872844288,50872844288,6.07,0.021,0.9,0.1,0.35,0.65,0.35,0.65
Qwen/Qwen2.5-7B-Instruct,NVIDIA GeForce RTX 5060 Ti,42,MultiFieldQA-en,6,16,495,structural,0.0,50.3834,0.0,0.0,1,0,1,1,121,377,377,377,57051717632,57051717632,57051717632,6.07,0.021,0.9,0.1,0.35,0.65,0.35,0.65
Qwen/Qwen2.5-7B-Instruct,NVIDIA GeForce RTX 5060 Ti,42,MultiFieldQA-en,6,16,496,structural,49.2305,51.4597,0.0,0.0,0,0,1,1,34,290,290,290,33758412800,33758412800,33758412800,6.07,0.021,0.9,0.1,0.35,0.65,0.35,0.65
Qwen/Qwen2.5-7B-Instruct,NVIDIA GeForce RTX 5060 Ti,42,MultiFieldQA-en,6,16,497,semantic,68.5875,0.0,0.0,0.0,0,1,1,1,150,406,406,406,66166489088,66166489088,66166489088,6.07,0.021,0.9,0.1,0.35,0.65,0.35,0.65
Qwen/Qwen2.5-7B-Instruct,NVIDIA GeForce RTX 5060 Ti,42,MultiFieldQA-en,6,16,498,multi-hop,51.1508,0.0,53.5284,50.1895,0,1,0,0,53,309,309,309,38326837248,38326837248,38326837248,6.07,0.021,0.9,0.1,0.35,0.65,0.35,0.65
Qwen/Qwen2.5-7B-Instruct,NVIDIA GeForce RTX 5060 Ti,42,MultiFieldQA-en,6,16,499,semantic,0.0,0.0,43.9591,0.0,1,1,0,1,86,342,342,342,46950285312,46950285312,46950285312,6.07,0.021,0.9,0.1,0.35,0.65,0.35,0.65
Qwen/Qwen2.5-7B-Instruct,NVIDIA GeForce RTX 5060 Ti,42,MultiFieldQA-en,6,16,500,structural,53.5808,50.7684,49.0328,49.4862,0,0,0,0,58,314,314,314,39577223168,39577223168,39577223168,6.07,0.021,0.9,0.1,0.35,0.65,0.35,0.65
Qwen/Qwen2.5-7B-Instruct,NVIDIA GeForce RTX 5060 Ti,42,MultiFieldQA-en,6,16,501,multi-hop,0.0,0.0,74.8057,68.2661,1,1,0,0,94,350,350,350,49172480000,49172480000,49172480000,6.07,0.021,0.9,0.1,0.35,0.65,0.35,0.65
Qwen/Qwen2.5-7B-Instruct,NVIDIA GeForce RTX 5060 Ti,42,MultiFieldQA-en,6,16,502,multi-hop,41.4849,42.8466,41.7514,0.0,0,0,0,1,32,288,288,288,33294385152,33294385152,33294385152,6.07,0.021,0.9,0.1,0.35,0.65,0.35,0.65
Qwen/Qwen2.5-7B-Instruct,NVIDIA GeForce RTX 5060 Ti,42,MultiFieldQA-en,6,16,503,structural,51.0745,53.6588,51.8648,51.4227,0,0,0,0,96,352,352,352,49736056832,49736056832,49736056832,6.07,0.021,0.9,0.1,0.35,0.65,0.35,0.65
Qwen/Qwen2.5-7B-Instruct,NVIDIA GeForce RTX 5060 Ti,42,MultiFieldQA-en,6,16,504,structural,51.4967,0.0,0.0,0.0,0,1,1,1,201,457,457,457,83833659392,83833659392,83833659392,6.07,0.021,0.9,0.1,0.35,0.65,0.35,0.65
Qwen/Qwen2.5-7B-Instruct,NVIDIA GeForce RTX 5060 Ti,42,MultiFieldQA-en,6,16,505,multi-hop,54.8398,52.0848,51.9025,0.0,0,0,0,1,106,362,362,362,52602109952,52602109952,52602109952,6.07,0.021,0.9,0.1,0.35,0.65,0.35,0.65
Qwen/Qwen2.5-7B-Instruct,NVIDIA GeForce RTX 5060 Ti,42,MultiFieldQA-en,6,16,506,multi-hop,50.6877,0.0,0.0,55.2574,0,1,1,0,111,367,367,367,54065242112,54065242112,54065242112,6.07,0.021,0.9,0.1,0.35,0.65,0.35,0.65
Qwen/Qwen2.5-7B-Instruct,NVIDIA GeForce RTX 5060 Ti,42,MultiFieldQA-en,6,16,507,multi-hop,66.4112,70.3967,70.1018,0.0,0,0,0,1,11,267,267,267,28615974912,28615974912,28615974912,6.07,0.021,0.9,0.1,0.35,0.65,0.35,0.65
Qwen/Qwen2.5-7B-Instruct,NVIDIA GeForce RTX 5060 Ti,42,MultiFieldQA-en,6,16,508,structural,68.0645,0.0,0.0,0.0,0,1,1,1,34,290,290,290,33758412800,33758412800,33758412800,6.07,0.021,0.9,0.1,0.35,0.65,0.35,0.65
Qwen/Qwen2.5-7B-Instruct,NVIDIA GeForce RTX 5060 Ti,42,MultiFieldQA-en,6,16,509,structural,49.9002,50.689,50.8528,0.0,0,0,0,1,46,302,302,302,36610015232,36610015232,36610015232,6.07,0.021,0.9,0.1,0.35,0.65,0.35,0.65
Qwen/Qwen2.5-7B-Instruct,NVIDIA GeForce RTX 5060 Ti,42,MultiFieldQA-en,6,16,510,semantic,50.9603,0.0,0.0,0.0,0,1,1,1,110,366,366,366,53771010048,53771010048,53771010048,6.07,0.021,0.9,0.1,0.35,0.65,0.35,0.65
Qwen/Qwen2.5-7B-Instruct,NVIDIA GeForce RTX 5060 Ti,42,MultiFieldQA-en,6,16,511,structural,50.5868,0.0,0.0,0.0,0,1,1,1,90,346,346,346,48054960128,48054960128,48054960128,6.07,0.021,0.9,0.1,0.35,0.65,0.35,0.65
Qwen/Qwen2.5-7B-Instruct,NVIDIA GeForce RTX 5060 Ti,42,MultiFieldQA-en,6,16,512,multi-hop,49.7675,51.9116,0.0,0.0,0,0,1,1,17,273,273,273,29916536832,29916536832,29916536832,6.07,0.021,0.9,0.1,0.35,0.65,0.35,0.65
Qwen/Qwen2.5-7B-Instruct,NVIDIA GeForce RTX 5060 Ti,42,MultiFieldQA-en,6,16,513,multi-hop,49.7834,0.0,50.4722,0.0,0,1,0,1,122,378,378,378,57354780672,57354780672,57354780672,6.07,0.021,0.9,0.1,0.35,0.65,0.35,0.65
Qwen/Qwen2.5-7B-Instruct,NVIDIA GeForce RTX 5060 Ti,42,MultiFieldQA-en,6,16,514,multi-hop,45.5993,47.6552,0.0,0.0,0,0,1,1,91,347,347,347,48333135872,48333135872,48333135872,6.07,0.021,0.9,0.1,0.35,0.65,0.35,0.65
Qwen/Qwen2.5-7B-Instruct,NVIDIA GeForce RTX 5060 Ti,42,MultiFieldQA-en,6,16,515,structural,69.2899,70.6728,0.0,0.0,0,0,1,1,121,377,377,377,57051717632,57051717632,57051717632,6.07,0.021,0.9,0.1,0.35,0.65,0.35,0.65
Qwen/Qwen2.5-7B-Instruct,NVIDIA GeForce RTX 5060 Ti,42,MultiFieldQA-en,6,16,516,multi-hop,50.9819,0.0,0.0,51.7817,0,1,1,0,55,311,311,311,38824583168,38824583168,38824583168,6.07,0.021,0.9,0.1,0.35,0.65,0.35,0.65
Qwen/Qwen2.5-7B-Instruct,NVIDIA GeForce RTX 5060 Ti,42,MultiFieldQA-en,6,16,517,multi-hop,49.2586,0.0,50.3275,50.8348,0,1,0,0,125,381,381,381,58268786688,58268786688,58268786688,6.07,0.021,0.9,0.1,0.35,0.65,0.35,0.65
Qwen/Qwen2.5-7B-Instruct,NVIDIA GeForce RTX 5060 Ti,42,MultiFieldQA-en,6,16,518,multi-hop,86.56,0.0,89.6082,90.7087,0,1,0,0,58,314,314,314,39577223168,39577223168,39577223168,6.07,0.021,0.9,0.1,0.35,0.65,0.35,0.65
Qwen/Qwen2.5-7B-Instruct,NVIDIA GeForce RTX 5060 Ti,42,MultiFieldQA-en,6,16,519,structural,49.611,51.5413,51.0553,0.0,0,0,0,1,101,357,357,357,51159048192,51159048192,51159048192,6.07,0.021,0.9,0.1,0.35,0.65,0.35,0.65
Qwen/Qwen2.5-7B-Instruct,NVIDIA GeForce RTX 5060 Ti,42,MultiFieldQA-en,6,16,520,semantic,51.2715,0.0,52.4226,51.7993,0,1,0,0,100,356,356,356,50872844288,50872844288,50872844288,6.07,0.021,0.9,0.1,0.35,0.65,0.35,0.65
Qwen/Qwen2.5-7B-Instruct,NVIDIA GeForce RTX 5060 Ti,42,MultiFieldQA-en,6,16,521,structural,43.1287,50.0093,44.2606,0.0,0,0,0,1,119,375,375,375,56448000000,56448000000,56448000000,6.07,0.021,0.9,0.1,0.35,0.65,0.35,0.65
Qwen/Qwen2.5-7B-Instruct,NVIDIA GeForce RTX 5060 Ti,42,MultiFieldQA-en,6,16,522,multi-hop,66.6129,0.0,0.0,0.0,0,1,1,1,34,290,290,290,33758412800,33758412800,33758412800,6.07,0.021,0.9,0.1,0.35,0.65,0.35,0.65
Qwen/Qwen2.5-7B-Instruct,NVIDIA GeForce RTX 5060 Ti,42,MultiFieldQA-en,6,16,523,semantic,68.5965,0.0,0.0,0.0,0,1,1,1,150,406,406,406,66166489088,66166489088,66166489088,6.07,0.021,0.9,0.1,0.35,0.65,0.35,0.65
Qwen/Qwen2.5-7B-Instruct,NVIDIA GeForce RTX 5060 Ti,42,MultiFieldQA-en,6,16,524,multi-hop,43.5072,44.7405,0.0,0.0,0,0,1,1,60,316,316,316,40082997248,40082997248,40082997248,6.07,0.021,0.9,0.1,0.35,0.65,0.35,0.65
Qwen/Qwen2.5-7B-Instruct,NVIDIA GeForce RTX 5060 Ti,42,MultiFieldQA-en,6,16,525,semantic,50.091,0.0,0.0,0.0,0,1,1,1,108,364,364,364,53184954368,53184954368,53184954368,6.07,0.021,0.9,0.1,0.35,0.65,0.35,0.65
Qwen/Qwen2.5-7B-Instruct,NVIDIA GeForce RTX 5060 Ti,42,MultiFieldQA-en,6,16,526,multi-hop,0.0,0.0,44.5049,45.0627,1,1,0,0,247,503,503,503,101559836672,101559836672,101559836672,6.07,0.021,0.9,0.1,0.35,0.65,0.35,0.65
Qwen/Qwen2.5-7B-Instruct,NVIDIA GeForce RTX 5060 Ti,42,MultiFieldQA-en,6,16,527,semantic,68.3475,0.0,0.0,0.0,0,1,1,1,155,411,411,411,67806240768,67806240768,67806240768,6.07,0.021,0.9,0.1,0.35,0.65,0.35,0.65
Qwen/Qwen2.5-7B-Instruct,NVIDIA GeForce RTX 5060 Ti,42,MultiFieldQA-en,6,16,528,semantic,49.4585,0.0,50.7615,50.6714,0,1,0,0,88,344,344,344,47501017088,47501017088,47501017088,6.07,0.021,0.9,0.1,0.35,0.65,0.35,0.65
Qwen/Qwen2.5-7B-Instruct,NVIDIA GeForce RTX 5060 Ti,42,MultiFieldQA-en,6,16,529,structural,50.4219,0.0,50.6354,0.0,0,1,0,1,73,329,329,329,43448803328,43448803328,43448803328,6.07,0.021,0.9,0.1,0.35,0.65,0.35,0.65
Qwen/Qwen2.5-7B-Instruct,NVIDIA GeForce RTX 5060 Ti,42,MultiFieldQA-en,6,16,530,semantic,50.4697,0.0,0.0,0.0,0,1,1,1,80,336,336,336,45317357568,45317357568,45317357568,6.07,0.021,0.9,0.1,0.35,0.65,0.35,0.65
Qwen/Qwen2.5-7B-Instruct,NVIDIA GeForce RTX 5060 Ti,42,MultiFieldQA-en,6,16,531,structural,51.2956,52.8066,51.0221,0.0,0,0,0,1,68,324,324,324,42138206208,42138206208,42138206208,6.07,0.021,0.9,0.1,0.35,0.65,0.35,0.65
Qwen/Qwen2.5-7B-Instruct,NVIDIA GeForce RTX 5060 Ti,42,MultiFieldQA-en,6,16,532,multi-hop,50.4938,0.0,52.2629,52.4509,0,1,0,0,135,391,391,391,61367656448,61367656448,61367656448,6.07,0.021,0.9,0.1,0.35,0.65,0.35,0.65
Qwen/Qwen2.5-7B-Instruct,NVIDIA GeForce RTX 5060 Ti,42,MultiFieldQA-en,6,16,533,semantic,41.5511,0.0,0.0,0.0,0,1,1,1,10,155,114,114,9643827200,5216698368,5216698368,6.07,0.021,0.9,0.1,0.35,0.65,0.35,0.65
Qwen/Qwen2.5-7B-Instruct,NVIDIA GeForce RTX 5060 Ti,42,MultiFieldQA-en,6,16,534,multi-hop,48.6186,51.0048,50.081,0.0,0,0,0,1,100,356,356,356,50872844288,50872844288,50872844288,6.07,0.021,0.9,0.1,0.35,0.65,0.35,0.65
Qwen/Qwen2.5-7B-Instruct,NVIDIA GeForce RTX 5060 Ti,42,MultiFieldQA-en,6,16,535,multi-hop,52.5516,0.0,52.2388,52.3376,0,1,0,0,201,457,457,457,83833659392,83833659392,83833659392,6.07,0.021,0.9,0.1,0.35,0.65,0.35,0.65
Qwen/Qwen2.5-7B-Instruct,NVIDIA GeForce RTX 5060 Ti,42,MultiFieldQA-en,6,16,536,multi-hop,49.4427,53.8011,51.1613,0.0,0,0,0,1,144,400,400,400,64225280000,64225280000,64225280000,6.07,0.021,0.9,0.1,0.35,0.65,0.35,0.65
Qwen/Qwen2.5-7B-Instruct,NVIDIA GeForce RTX 5060 Ti,42,MultiFieldQA-en,6,16,537,structural,48.9216,52.1955,0.0,0.0,0,0,1,1,103,359,359,359,51733864448,51733864448,51733864448,6.07,0.021,0.9,0.1,0.35,0.65,0.35,0.65
Qwen/Qwen2.5-7B-Instruct,NVIDIA GeForce RTX 5060 Ti,42,MultiFieldQA-en,6,16,538,multi-hop,41.7966,0.0,0.0,0.0,0,1,1,1,5,100,130,261,4014080000,6783795200,27344314368,6.07,0.021,0.9,0.1,0.35,0.65,0.35,0.65
Qwen/Qwen2.5-7B-Instruct,NVIDIA GeForce RTX 5060 Ti,42,MultiFieldQA-en,6,16,539,multi-hop,49.3045,0.0,0.0,51.3919,0,1,1,0,78,334,334,334,44779470848,44779470848,44779470848,6.07,0.021,0.9,0.1,0.35,0.65,0.35,0.65
Qwen/Qwen2.5-7B-Instruct,NVIDIA GeForce RTX 5060 Ti,42,MultiFieldQA-en,6,16,540,multi-hop,45.0177,45.0761,44.5266,0.0,0,0,0,1,51,307,307,307,37832302592,37832302592,37832302592,6.07,0.021,0.9,0.1,0.35,0.65,0.35,0.65
Qwen/Qwen2.5-7B-Instruct,NVIDIA GeForce RTX 5060 Ti,42,MultiFieldQA-en,6,16,541,multi-hop,44.1289,44.024,44.6578,0.0,0,0,0,1,43,299,299,299,35886276608,35886276608,35886276608,6.07,0.021,0.9,0.1,0.35,0.65,0.35,0.65
Qwen/Qwen2.5-7B-Instruct,NVIDIA GeForce RTX 5060 Ti,42,MultiFieldQA-en,6,16,542,structural,47.877,50.3655,50.0568,0.0,0,0,0,1,99,355,355,355,50587443200,50587443200,50587443200,6.07,0.021,0.9,0.1,0.35,0.65,0.35,0.65
Qwen/Qwen2.5-7B-Instruct,NVIDIA GeForce RTX 5060 Ti,42,MultiFieldQA-en,6,16,543,semantic,50.076,0.0,50.6248,0.0,0,1,0,1,128,384,384,384,59190018048,59190018048,59190018048,6.07,0.021,0.9,0.1,0.35,0.65,0.35,0.65
Qwen/Qwen2.5-7B-Instruct,NVIDIA GeForce RTX 5060 Ti,42,MultiFieldQA-en,6,16,544,structural,39.4958,38.6381,44.7146,38.8781,0,0,0,0,114,370,370,370,54952755200,54952755200,54952755200,6.07,0.021,0.9,0.1,0.35,0.65,0.35,0.65
Qwen/Qwen2.5-7B-Instruct,NVIDIA GeForce RTX 5060 Ti,42,MultiFieldQA-en,6,16,545,multi-hop,43.954,0.0,43.3296,43.372,0,1,0,0,103,359,359,359,51733864448,51733864448,51733864448,6.07,0.021,0.9,0.1,0.35,0.65,0.35,0.65
Qwen/Qwen2.5-7B-Instruct,NVIDIA GeForce RTX 5060 Ti,42,MultiFieldQA-en,6,16,546,structural,48.407,49.8551,49.6347,0.0,0,0,0,1,43,299,299,299,35886276608,35886276608,35886276608,6.07,0.021,0.9,0.1,0.35,0.65,0.35,0.65
Qwen/Qwen2.5-7B-Instruct,NVIDIA GeForce RTX 5060 Ti,42,MultiFieldQA-en,6,16,547,multi-hop,66.1874,0.0,0.0,0.0,0,1,1,1,135,391,391,391,61367656448,61367656448,61367656448,6.07,0.021,0.9,0.1,0.35,0.65,0.35,0.65
Qwen/Qwen2.5-7B-Instruct,NVIDIA GeForce RTX 5060 Ti,42,MultiFieldQA-en,6,16,548,multi-hop,49.2615,0.0,0.0,0.0,0,1,1,1,115,371,371,371,55250198528,55250198528,55250198528,6.07,0.021,0.9,0.1,0.35,0.65,0.35,0.65
Qwen/Qwen2.5-7B-Instruct,NVIDIA GeForce RTX 5060 Ti,42,MultiFieldQA-en,6,16,549,multi-hop,50.9033,54.9412,53.5212,0.0,0,0,0,1,102,358,358,358,51446054912,51446054912,51446054912,6.07,0.021,0.9,0.1,0.35,0.65,0.35,0.65
Qwen/Qwen2.5-7B-Instruct,NVIDIA GeForce RTX 5060 Ti,42,MultiFieldQA-en,6,16,550,multi-hop,51.6483,0.0,0.0,0.0,0,1,1,1,130,386,386,386,59808186368,59808186368,59808186368,6.07,0.021,0.9,0.1,0.35,0.65,0.35,0.65
Qwen/Qwen2.5-7B-Instruct,NVIDIA GeForce RTX 5060 Ti,42,MultiFieldQA-en,6,16,551,semantic,0.0,0.0,0.0,0.0,1,1,1,1,114,370,370,370,54952755200,54952755200,54952755200,6.07,0.021,0.9,0.1,0.35,0.65,0.35,0.65
Qwen/Qwen2.5-7B-Instruct,NVIDIA GeForce RTX 5060 Ti,42,MultiFieldQA-en,6,16,552,structural,50.068,0.0,0.0,0.0,0,1,1,1,108,364,364,364,53184954368,53184954368,53184954368,6.07,0.021,0.9,0.1,0.35,0.65,0.35,0.65
Qwen/Qwen2.5-7B-Instruct,NVIDIA GeForce RTX 5060 Ti,42,MultiFieldQA-en,6,16,553,semantic,43.3517,0.0,44.2206,0.0,0,1,0,1,15,271,271,271,29479804928,29479804928,29479804928,6.07,0.021,0.9,0.1,0.35,0.65,0.35,0.65
Qwen/Qwen2.5-7B-Instruct,NVIDIA GeForce RTX 5060 Ti,42,MultiFieldQA-en,6,16,554,multi-hop,50.4748,0.0,0.0,52.1988,0,1,1,0,73,329,329,329,43448803328,43448803328,43448803328,6.07,0.021,0.9,0.1,0.35,0.65,0.35,0.65
Qwen/Qwen2.5-7B-Instruct,NVIDIA GeForce RTX 5060 Ti,42,MultiFieldQA-en,6,16,555,semantic,49.9616,0.0,0.0,0.0,0,1,1,1,137,393,393,393,61997064192,61997064192,61997064192,6.07,0.021,0.9,0.1,0.35,0.65,0.35,0.65
Qwen/Qwen2.5-7B-Instruct,NVIDIA GeForce RTX 5060 Ti,42,MultiFieldQA-en,6,16,556,multi-hop,49.9118,0.0,0.0,50.3944,0,1,1,0,105,361,361,361,52311891968,52311891968,52311891968,6.07,0.021,0.9,0.1,0.35,0.65,0.35,0.65
Qwen/Qwen2.5-7B-Instruct,NVIDIA GeForce RTX 5060 Ti,42,MultiFieldQA-en,6,16,557,multi-hop,67.4567,66.7843,66.0358,68.5304,0,0,0,0,5,100,130,261,4014080000,6783795200,27344314368,6.07,0.021,0.9,0.1,0.35,0.65,0.35,0.65
Qwen/Qwen2.5-7B-Instruct,NVIDIA GeForce RTX 5060 Ti,42,MultiFieldQA-en,6,16,558,structural,46.5965,41.7368,0.0,0.0,0,0,1,1,111,367,367,367,54065242112,54065242112,54065242112,6.07,0.021,0.9,0.1,0.35,0.65,0.35,0.65
Qwen/Qwen2.5-7B-Instruct,NVIDIA GeForce RTX 5060 Ti,42,MultiFieldQA-en,6,16,559,structural,50.859,52.8824,51.9151,0.0,0,0,0,1,68,324,324,324,42138206208,42138206208,42138206208,6.07,0.021,0.9,0.1,0.35,0.65,0.35,0.65
Qwen/Qwen2.5-7B-Instruct,NVIDIA GeForce RTX 5060 Ti,42,MultiFieldQA-en,6,16,560,multi-hop,49.2939,0.0,0.0,0.0,0,1,1,1,32,288,288,288,33294385152,33294385152,33294385152,6.07,0.021,0.9,0.1,0.35,0.65,0.35,0.65
Qwen/Qwen2.5-7B-Instruct,NVIDIA GeForce RTX 5060 Ti,42,MultiFieldQA-en,6,16,561,structural,43.4063,45.848,45.193,0.0,0,0,0,1,95,351,351,351,49453867008,49453867008,49453867008,6.07,0.021,0.9,0.1,0.35,0.65,0.35,0.65
Qwen/Qwen2.5-7B-Instruct,NVIDIA GeForce RTX 5060 Ti,42,MultiFieldQA-en,6,16,562,semantic,51.2722,0.0,0.0,0.0,0,1,1,1,94,350,350,350,49172480000,49172480000,49172480000,6.07,0.021,0.9,0.1,0.35,0.65,0.35,0.65
Qwen/Qwen2.5-7B-Instruct,NVIDIA GeForce RTX 5060 Ti,42,MultiFieldQA-en,6,16,563,multi-hop,49.4341,56.0498,52.1447,50.8991,0,0,0,0,127,383,383,383,58882138112,58882138112,58882138112,6.07,0.021,0.9,0.1,0.35,0.65,0.35,0.65
Qwen/Qwen2.5-7B-Instruct,NVIDIA GeForce RTX 5060 Ti,42,MultiFieldQA-en,6,16,564,semantic,44.2704,0.0,44.0427,44.7538,0,1,0,0,81,337,337,337,45587505152,45587505152,45587505152,6.07,0.021,0.9,0.1,0.35,0.65,0.35,0.65
Qwen/Qwen2.5-7B-Instruct,NVIDIA GeForce RTX 5060 Ti,42,MultiFieldQA-en,6,16,565,semantic,54.3142,0.0,52.3206,0.0,0,1,0,1,142,398,398,398,63584632832,63584632832,63584632832,6.07,0.021,0.9,0.1,0.35,0.65,0.35,0.65
Qwen/Qwen2.5-7B-Instruct,NVIDIA GeForce RTX 5060 Ti,42,MultiFieldQA-en,6,16,566,structural,0.0,0.0,0.0,0.0,1,1,1,1,41,297,297,297,35407798272,35407798272,35407798272,6.07,0.021,0.9,0.1,0.35,0.65,0.35,0.65
Qwen/Qwen2.5-7B-Instruct,NVIDIA GeForce RTX 5060 Ti,42,MultiFieldQA-en,6,16,567,semantic,48.7535,0.0,51.4248,48.8246,0,1,0,0,78,334,334,334,44779470848,44779470848,44779470848,6.07,0.021,0.9,0.1,0.35,0.65,0.35,0.65
Qwen/Qwen2.5-7B-Instruct,NVIDIA GeForce RTX 5060 Ti,42,MultiFieldQA-en,6,16,568,multi-hop,48.0668,51.2647,0.0,0.0,0,0,1,1,83,339,339,339,46130208768,46130208768,46130208768,6.07,0.021,0.9,0.1,0.35,0.65,0.35,0.65
Qwen/Qwen2.5-7B-Instruct,NVIDIA GeForce RTX 5060 Ti,42,MultiFieldQA-en,6,16,569,multi-hop,42.8541,0.0,45.1823,45.4083,0,1,0,0,106,362,362,362,52602109952,52602109952,52602109952,6.07,0.021,0.9,0.1,0.35,0.65,0.35,0.65
Qwen/Qwen2.5-7B-Instruct,NVIDIA GeForce RTX 5060 Ti,42,MultiFieldQA-en,6,16,570,multi-hop,51.1588,49.3906,50.9904,0.0,0,0,0,1,6,114,262,262,5216698368,27554250752,27554250752,6.07,0.021,0.9,0.1,0.35,0.65,0.35,0.65
Qwen/Qwen2.5-7B-Instruct,NVIDIA GeForce RTX 5060 Ti,42,MultiFieldQA-en,6,16,571,multi-hop,42.6937,44.075,42.0047,0.0,0,0,0,1,102,358,358,358,51446054912,51446054912,51446054912,6.07,0.021,0.9,0.1,0.35,0.65,0.35,0.65
Qwen/Qwen2.5-7B-Instruct,NVIDIA GeForce RTX 5060 Ti,42,MultiFieldQA-en,6,16,572,multi-hop,50.7711,0.0,0.0,51.8068,0,1,1,0,127,383,383,383,58882138112,58882138112,58882138112,6.07,0.021,0.9,0.1,0.35,0.65,0.35,0.65
Qwen/Qwen2.5-7B-Instruct,NVIDIA GeForce RTX 5060 Ti,42,MultiFieldQA-en,6,16,573,multi-hop,49.55,0.0,0.0,49.5639,0,1,1,0,96,352,352,352,49736056832,49736056832,49736056832,6.07,0.021,0.9,0.1,0.35,0.65,0.35,0.65
Qwen/Qwen2.5-7B-Instruct,NVIDIA GeForce RTX 5060 Ti,42,MultiFieldQA-en,6,16,574,semantic,50.9399,0.0,0.0,0.0,0,1,1,1,72,328,328,328,43185078272,43185078272,43185078272,6.07,0.021,0.9,0.1,0.35,0.65,0.35,0.65
Qwen/Qwen2.5-7B-Instruct,NVIDIA GeForce RTX 5060 Ti,42,MultiFieldQA-en,6,16,575,multi-hop,66.1277,68.2057,69.1024,0.0,0,0,0,1,20,276,276,276,30577655808,30577655808,30577655808,6.07,0.021,0.9,0.1,0.35,0.65,0.35,0.65
Qwen/Qwen2.5-7B-Instruct,NVIDIA GeForce RTX 5060 Ti,42,MultiFieldQA-en,6,16,576,structural,49.5663,51.0692,50.8986,50.969,0,0,0,0,21,277,277,277,30799634432,30799634432,30799634432,6.07,0.021,0.9,0.1,0.35,0.65,0.35,0.65
Qwen/Qwen2.5-7B-Instruct,NVIDIA GeForce RTX 5060 Ti,42,MultiFieldQA-en,6,16,577,multi-hop,67.2132,0.0,72.215,69.4363,0,1,0,0,48,304,304,304,37096521728,37096521728,37096521728,6.07,0.021,0.9,0.1,0.35,0.65,0.35,0.65
Qwen/Qwen2.5-7B-Instruct,NVIDIA GeForce RTX 5060 Ti,42,MultiFieldQA-en,6,16,578,structural,44.2692,0.0,0.0,0.0,0,1,1,1,124,380,380,380,57963315200,57963315200,57963315200,6.07,0.021,0.9,0.1,0.35,0.65,0.35,0.65
Qwen/Qwen2.5-7B-Instruct,NVIDIA GeForce RTX 5060 Ti,42,MultiFieldQA-en,6,16,579,multi-hop,54.2795,52.486,49.6245,0.0,0,0,0,1,93,349,349,349,48891895808,48891895808,48891895808,6.07,0.021,0.9,0.1,0.35,0.65,0.35,0.65
Qwen/Qwen2.5-7B-Instruct,NVIDIA GeForce RTX 5060 Ti,42,MultiFieldQA-en,6,16,580,multi-hop,43.1571,0.0,45.6197,46.1426,0,1,0,0,99,355,355,355,50587443200,50587443200,50587443200,6.07,0.021,0.9,0.1,0.35,0.65,0.35,0.65
Qwen/Qwen2.5-7B-Instruct,NVIDIA GeForce RTX 5060 Ti,42,MultiFieldQA-en,6,16,581,semantic,49.1557,0.0,0.0,0.0,0,1,1,1,101,357,357,357,51159048192,51159048192,51159048192,6.07,0.021,0.9,0.1,0.35,0.65,0.35,0.65
Qwen/Qwen2.5-7B-Instruct,NVIDIA GeForce RTX 5060 Ti,42,MultiFieldQA-en,6,16,582,semantic,48.9964,0.0,0.0,0.0,0,1,1,1,92,348,348,348,48612114432,48612114432,48612114432,6.07,0.021,0.9,0.1,0.35,0.65,0.35,0.65
Qwen/Qwen2.5-7B-Instruct,NVIDIA GeForce RTX 5060 Ti,42,MultiFieldQA-en,6,16,583,multi-hop,51.0464,51.2503,50.328,0.0,0,0,0,1,86,342,342,342,46950285312,46950285312,46950285312,6.07,0.021,0.9,0.1,0.35,0.65,0.35,0.65
Qwen/Qwen2.5-7B-Instruct,NVIDIA GeForce RTX 5060 Ti,42,MultiFieldQA-en,6,16,584,multi-hop,51.4086,53.6871,51.9013,50.6341,0,0,0,0,85,341,341,341,46676123648,46676123648,46676123648,6.07,0.021,0.9,0.1,0.35,0.65,0.35,0.65
Qwen/Qwen2.5-7B-Instruct,NVIDIA GeForce RTX 5060 Ti,42,MultiFieldQA-en,6,16,585,multi-hop,51.1242,52.5075,51.0064,52.1694,0,0,0,0,101,357,357,357,51159048192,51159048192,51159048192,6.07,0.021,0.9,0.1,0.35,0.65,0.35,0.65
Qwen/Qwen2.5-7B-Instruct,NVIDIA GeForce RTX 5060 Ti,42,MultiFieldQA-en,6,16,586,semantic,67.2046,0.0,0.0,0.0,0,1,1,1,114,370,370,370,54952755200,54952755200,54952755200,6.07,0.021,0.9,0.1,0.35,0.65,0.35,0.65
Qwen/Qwen2.5-7B-Instruct,NVIDIA GeForce RTX 5060 Ti,42,MultiFieldQA-en,6,16,587,semantic,68.8489,0.0,71.8474,0.0,0,1,0,1,125,381,381,381,58268786688,58268786688,58268786688,6.07,0.021,0.9,0.1,0.35,0.65,0.35,0.65
Qwen/Qwen2.5-7B-Instruct,NVIDIA GeForce RTX 5060 Ti,42,MultiFieldQA-en,6,16,588,multi-hop,56.7224,49.9655,49.8201,51.3142,0,0,0,0,1,12,12,12,57802752,57802752,57802752,6.07,0.021,0.9,0.1,0.35,0.65,0.35,0.65
Qwen/Qwen2.5-7B-Instruct,NVIDIA GeForce RTX 5060 Ti,42,MultiFieldQA-en,6,16,589,semantic,51.5206,0.0,0.0,0.0,0,1,1,1,73,329,329,329,43448803328,43448803328,43448803328,6.07,0.021,0.9,0.1,0.35,0.65,0.35,0.65
Qwen/Qwen2.5-7B-Instruct,NVIDIA GeForce RTX 5060 Ti,42,MultiFieldQA-en,6,16,590,structural,67.932,70.3332,0.0,0.0,0,0,1,1,42,298,298,298,35646636032,35646636032,35646636032,6.07,0.021,0.9,0.1,0.35,0.65,0.35,0.65
Qwen/Qwen2.5-7B-Instruct,NVIDIA GeForce RTX 5060 Ti,42,MultiFieldQA-en,6,16,591,semantic,53.6524,0.0,0.0,49.5137,0,1,1,0,122,378,378,378,57354780672,57354780672,57354780672,6.07,0.021,0.9,0.1,0.35,0.65,0.35,0.65
Qwen/Qwen2.5-7B-Instruct,NVIDIA GeForce RTX 5060 Ti,42,MultiFieldQA-en,6,16,592,structural,50.7849,53.6285,0.0,0.0,0,0,1,1,51,307,307,307,37832302592,37832302592,37832302592,6.07,0.021,0.9,0.1,0.35,0.65,0.35,0.65
Qwen/Qwen2.5-7B-Instruct,NVIDIA GeForce RTX 5060 Ti,42,MultiFieldQA-en,6,16,593,semantic,51.3381,0.0,0.0,0.0,0,1,1,1,141,397,397,397,63265513472,63265513472,63265513472,6.07,0.021,0.9,0.1,0.35,0.65,0.35,0.65
Qwen/Qwen2.5-7B-Instruct,NVIDIA GeForce RTX 5060 Ti,42,MultiFieldQA-en,6,16,594,structural,50.9852,50.1556,48.8952,0.0,0,0,0,1,5,116,114,261,5401346048,5216698368,27344314368,6.07,0.021,0.9,0.1,0.35,0.65,0.35,0.65
Qwen/Qwen2.5-7B-Instruct,NVIDIA GeForce RTX 5060 Ti,42,MultiFieldQA-en,6,16,595,multi-hop,50.0606,50.6338,0.0,0.0,0,0,1,1,81,337,337,337,45587505152,45587505152,45587505152,6.07,0.021,0.9,0.1,0.35,0.65,0.35,0.65
Qwen/Qwen2.5-7B-Instruct,NVIDIA GeForce RTX 5060 Ti,42,MultiFieldQA-en,6,16,596,multi-hop,49.6551,51.4929,0.0,0.0,0,0,1,1,92,348,348,348,48612114432,48612114432,48612114432,6.07,0.021,0.9,0.1,0.35,0.65,0.35,0.65
Qwen/Qwen2.5-7B-Instruct,NVIDIA GeForce RTX 5060 Ti,42,MultiFieldQA-en,6,16,597,semantic,48.7548,0.0,48.6019,50.5989,0,1,0,0,85,341,341,341,46676123648,46676123648,46676123648,6.07,0.021,0.9,0.1,0.35,0.65,0.35,0.65
Qwen/Qwen2.5-7B-Instruct,NVIDIA GeForce RTX 5060 Ti,42,MultiFieldQA-en,6,16,598,multi-hop,48.2779,53.5343,49.0677,0.0,0,0,0,1,21,277,277,277,30799634432,30799634432,30799634432,6.07,0.021,0.9,0.1,0.35,0.65,0.35,0.65
Qwen/Qwen2.5-7B-Instruct,NVIDIA GeForce RTX 5060 Ti,42,MultiFieldQA-en,6,16,599,multi-hop,42.0768,0.0,43.6407,43.2595,0,1,0,0,83,339,339,339,46130208768,46130208768,46130208768,6.07,0.021,0.9,0.1,0.35,0.65,0.35,0.65
Qwen/Qwen2.5-7B-Instruct,NVIDIA GeForce RTX 5060 Ti,42,MultiFieldQA-en,8,16,0,structural,44.1246,44.9901,44.878,0.0,0,0,0,1,107,363,363,363,52893130752,52893130752,52893130752,6.07,0.021,0.9,0.1,0.35,0.65,0.35,0.65
Qwen/Qwen2.5-7B-Instruct,NVIDIA GeForce RTX 5060 Ti,42,MultiFieldQA-en,8,16,1,multi-hop,43.5074,50.7267,44.5925,0.0,0,0,0,1,114,370,370,370,54952755200,54952755200,54952755200,6.07,0.021,0.9,0.1,0.35,0.65,0.35,0.65
Qwen/Qwen2.5-7B-Instruct,NVIDIA GeForce RTX 5060 Ti,42,MultiFieldQA-en,8,16,2,multi-hop,50.9736,0.0,51.9108,51.4371,0,1,0,0,91,347,347,347,48333135872,48333135872,48333135872,6.07,0.021,0.9,0.1,0.35,0.65,0.35,0.65
Qwen/Qwen2.5-7B-Instruct,NVIDIA GeForce RTX 5060 Ti,42,MultiFieldQA-en,8,16,3,semantic,41.6366,0.0,0.0,0.0,0,1,1,1,85,341,341,341,46676123648,46676123648,46676123648,6.07,0.021,0.9,0.1,0.35,0.65,0.35,0.65
Qwen/Qwen2.5-7B-Instruct,NVIDIA GeForce RTX 5060 Ti,42,MultiFieldQA-en,8,16,4,structural,49.3495,50.1128,48.4927,0.0,0,0,0,1,65,321,321,321,41361481728,41361481728,41361481728,6.07,0.021,0.9,0.1,0.35,0.65,0.35,0.65
Qwen/Qwen2.5-7B-Instruct,NVIDIA GeForce RTX 5060 Ti,42,MultiFieldQA-en,8,16,5,multi-hop,49.7492,0.0,50.5523,50.6732,0,1,0,0,119,375,375,375,56448000000,56448000000,56448000000,6.07,0.021,0.9,0.1,0.35,0.65,0.35,0.65
Qwen/Qwen2.5-7B-Instruct,NVIDIA GeForce RTX 5060 Ti,42,MultiFieldQA-en,8,16,6,structural,50.3469,51.7479,0.0,0.0,0,0,1,1,156,412,412,412,68136599552,68136599552,68136599552,6.07,0.021,0.9,0.1,0.35,0.65,0.35,0.65
Qwen/Qwen2.5-7B-Instruct,NVIDIA GeForce RTX 5060 Ti,42,MultiFieldQA-en,8,16,7,multi-hop,50.5805,52.6244,50.4385,0.0,0,0,0,1,144,400,400,400,64225280000,64225280000,64225280000,6.07,0.021,0.9,0.1,0.35,0.65,0.35,0.65
Qwen/Qwen2.5-7B-Instruct,NVIDIA GeForce RTX 5060 Ti,42,MultiFieldQA-en,8,16,8,multi-hop,49.5355,0.0,53.307,50.6994,0,1,0,0,108,364,364,364,53184954368,53184954368,53184954368,6.07,0.021,0.9,0.1,0.35,0.65,0.35,0.65
Qwen/Qwen2.5-7B-Instruct,NVIDIA GeForce RTX 5060 Ti,42,MultiFieldQA-en,8,16,9,structural,50.4534,52.1873,51.4438,0.0,0,0,0,1,102,358,358,358,51446054912,51446054912,51446054912,6.07,0.021,0.9,0.1,0.35,0.65,0.35,0.65
Qwen/Qwen2.5-7B-Instruct,NVIDIA GeForce RTX 5060 Ti,42,MultiFieldQA-en,8,16,10,multi-hop,49.9398,0.0,50.792,0.0,0,1,0,1,127,383,383,383,58882138112,58882138112,58882138112,6.07,0.021,0.9,0.1,0.35,0.65,0.35,0.65
Qwen/Qwen2.5-7B-Instruct,NVIDIA GeForce RTX 5060 Ti,42,MultiFieldQA-en,8,16,11,semantic,51.0014,0.0,0.0,0.0,0,1,1,1,91,347,347,347,48333135872,48333135872,48333135872,6.07,0.021,0.9,0.1,0.35,0.65,0.35,0.65
Qwen/Qwen2.5-7B-Instruct,NVIDIA GeForce RTX 5060 Ti,42,MultiFieldQA-en,8,16,12,semantic,50.3183,0.0,51.7308,52.3348,0,1,0,0,119,375,375,375,56448000000,56448000000,56448000000,6.07,0.021,0.9,0.1,0.35,0.65,0.35,0.65
Qwen/Qwen2.5-7B-Instruct,NVIDIA GeForce RTX 5060 Ti,42,MultiFieldQA-en,8,16,13,semantic,50.1082,0.0,0.0,51.1382,0,1,1,0,27,283,283,283,32148365312,32148365312,32148365312,6.07,0.021,0.9,0.1,0.35,0.65,0.35,0.65
Qwen/Qwen2.5-7B-Instruct,NVIDIA GeForce RTX 5060 Ti,42,MultiFieldQA-en,8,16,14,multi-hop,55.3622,0.0,0.0,51.9394,0,1,1,0,101,357,357,357,51159048192,51159048192,51159048192,6.07,0.021,0.9,0.1,0.35,0.65,0.35,0.65
Qwen/Qwen2.5-7B-Instruct,NVIDIA GeForce RTX 5060 Ti,42,MultiFieldQA-en,8,16,15,structural,49.9287,0.0,0.0,0.0,0,1,1,1,43,299,299,299,35886276608,35886276608,35886276608,6.07,0.021,0.9,0.1,0.35,0.65,0.35,0.65
Qwen/Qwen2.5-7B-Instruct,NVIDIA GeForce RTX 5060 Ti,42,MultiFieldQA-en,8,16,16,structural,50.4414,0.0,0.0,0.0,0,1,1,1,119,375,375,375,56448000000,56448000000,56448000000,6.07,0.021,0.9,0.1,0.35,0.65,0.35,0.65
Qwen/Qwen2.5-7B-Instruct,NVIDIA GeForce RTX 5060 Ti,42,MultiFieldQA-en,8,16,17,semantic,44.9685,0.0,0.0,0.0,0,1,1,1,121,377,377,377,57051717632,57051717632,57051717632,6.07,0.021,0.9,0.1,0.35,0.65,0.35,0.65
Qwen/Qwen2.5-7B-Instruct,NVIDIA GeForce RTX 5060 Ti,42,MultiFieldQA-en,8,16,18,semantic,44.4547,0.0,44.544,0.0,0,1,0,1,90,346,346,346,48054960128,48054960128,48054960128,6.07,0.021,0.9,0.1,0.35,0.65,0.35,0.65
Qwen/Qwen2.5-7B-Instruct,NVIDIA GeForce RTX 5060 Ti,42,MultiFieldQA-en,8,16,19,multi-hop,44.4149,45.7924,0.0,0.0,0,0,1,1,125,381,381,381,58268786688,58268786688,58268786688,6.07,0.021,0.9,0.1,0.35,0.65,0.35,0.65
Qwen/Qwen2.5-7B-Instruct,NVIDIA GeForce RTX 5060 Ti,42,MultiFieldQA-en,8,16,20,multi-hop,51.1457,52.8288,52.4778,0.0,0,0,0,1,150,406,406,406,66166489088,66166489088,66166489088,6.07,0.021,0.9,0.1,0.35,0.65,0.35,0.65
Qwen/Qwen2.5-7B-Instruct,NVIDIA GeForce RTX 5060 Ti,42,MultiFieldQA-en,8,16,21,multi-hop,44.5936,0.0,0.0,0.0,0,1,1,1,73,329,329,329,43448803328,43448803328,43448803328,6.07,0.021,0.9,0.1,0.35,0.65,0.35,0.65
Qwen/Qwen2.5-7B-Instruct,NVIDIA GeForce RTX 5060 Ti,42,MultiFieldQA-en,8,16,22,structural,50.6697,51.7043,51.6086,0.0,0,0,0,1,83,339,339,339,46130208768,46130208768,46130208768,6.07,0.021,0.9,0.1,0.35,0.65,0.35,0.65
Qwen/Qwen2.5-7B-Instruct,NVIDIA GeForce RTX 5060 Ti,42,MultiFieldQA-en,8,16,23,semantic,49.3987,0.0,0.0,0.0,0,1,1,1,65,321,321,321,41361481728,41361481728,41361481728,6.07,0.021,0.9,0.1,0.35,0.65,0.35,0.65
Qwen/Qwen2.5-7B-Instruct,NVIDIA GeForce RTX 5060 Ti,42,MultiFieldQA-en,8,16,24,semantic,44.9932,0.0,44.9991,0.0,0,1,0,1,43,299,299,299,35886276608,35886276608,35886276608,6.07,0.021,0.9,0.1,0.35,0.65,0.35,0.65
Qwen/Qwen2.5-7B-Instruct,NVIDIA GeForce RTX 5060 Ti,42,MultiFieldQA-en,8,16,25,multi-hop,50.4478,0.0,52.603,51.9664,0,1,0,0,103,359,359,359,51733864448,51733864448,51733864448,6.07,0.021,0.9,0.1,0.35,0.65,0.35,0.65
Qwen/Qwen2.5-7B-Instruct,NVIDIA GeForce RTX 5060 Ti,42,MultiFieldQA-en,8,16,26,multi-hop,86.9761,0.0,89.7654,89.8487,0,1,0,0,4,260,260,260,27135180800,27135180800,27135180800,6.07,0.021,0.9,0.1,0.35,0.65,0.35,0.65
Qwen/Qwen2.5-7B-Instruct,NVIDIA GeForce RTX 5060 Ti,42,MultiFieldQA-en,8,16,27,multi-hop,55.8684,51.7587,51.5136,0.0,0,0,0,1,110,366,366,366,53771010048,53771010048,53771010048,6.07,0.021,0.9,0.1,0.35,0.65,0.35,0.65
Qwen/Qwen2.5-7B-Instruct,NVIDIA GeForce RTX 5060 Ti,42,MultiFieldQA-en,8,16,28,semantic,38.7461,0.0,0.0,0.0,0,1,1,1,1,16,16,16,102760448,102760448,102760448,6.07,0.021,0.9,0.1,0.35,0.65,0.35,0.65
Qwen/Qwen2.5-7B-Instruct,NVIDIA GeForce RTX 5060 Ti,42,MultiFieldQA-en,8,16,29,structural,58.9515,0.0,0.0,0.0,0,1,1,1,26,169,137,282,11464613888,7534026752,31921569792,6.07,0.021,0.9,0.1,0.35,0.65,0.35,0.65
Qwen/Qwen2.5-7B-Instruct,NVIDIA GeForce RTX 5060 Ti,42,MultiFieldQA-en,8,16,30,multi-hop,0.0,0.0,0.0,50.7617,1,1,1,0,119,375,375,375,56448000000,56448000000,56448000000,6.07,0.021,0.9,0.1,0.35,0.65,0.35,0.65
Qwen/Qwen2.5-7B-Instruct,NVIDIA GeForce RTX 5060 Ti,42,MultiFieldQA-en,8,16,31,multi-hop,0.0,0.0,38.8288,39.9493,1,1,0,0,1,16,16,16,102760448,102760448,102760448,6.07,0.021,0.9,0.1,0.35,0.65,0.35,0.65
Qwen/Qwen2.5-7B-Instruct,NVIDIA GeForce RTX 5060 Ti,42,MultiFieldQA-en,8,16,32,semantic,49.6589,0.0,0.0,0.0,0,1,1,1,73,329,329,329,43448803328,43448803328,43448803328,6.07,0.021,0.9,0.1,0.35,0.65,0.35,0.65
Qwen/Qwen2.5-7B-Instruct,NVIDIA GeForce RTX 5060 Ti,42,MultiFieldQA-en,8,16,33,structural,68.599,0.0,0.0,0.0,0,1,1,1,111,367,367,367,54065242112,54065242112,54065242112,6.07,0.021,0.9,0.1,0.35,0.65,0.35,0.65
Qwen/Qwen2.5-7B-Instruct,NVIDIA GeForce RTX 5060 Ti,42,MultiFieldQA-en,8,16,34,structural,45.2915,44.4888,43.939,0.0,0,0,0,1,107,363,363,363,52893130752,52893130752,52893130752,6.07,0.021,0.9,0.1,0.35,0.65,0.35,0.65
Qwen/Qwen2.5-7B-Instruct,NVIDIA GeForce RTX 5060 Ti,42,MultiFieldQA-en,8,16,35,semantic,51.5679,0.0,0.0,0.0,0,1,1,1,88,344,344,344,47501017088,47501017088,47501017088,6.07,0.021,0.9,0.1,0.35,0.65,0.35,0.65
Qwen/Qwen2.5-7B-Instruct,NVIDIA GeForce RTX 5060 Ti,42,MultiFieldQA-en,8,16,36,structural,43.617,0.0,0.0,0.0,0,1,1,1,104,360,360,360,52022476800,52022476800,52022476800,6.07,0.021,0.9,0.1,0.35,0.65,0.35,0.65
Qwen/Qwen2.5-7B-Instruct,NVIDIA GeForce RTX 5060 Ti,42,MultiFieldQA-en,8,16,37,multi-hop,45.6011,45.7888,44.2957,50.6151,0,0,0,0,106,362,362,362,52602109952,52602109952,52602109952,6.07,0.021,0.9,0.1,0.35,0.65,0.35,0.65
Qwen/Qwen2.5-7B-Instruct,NVIDIA GeForce RTX 5060 Ti,42,MultiFieldQA-en,8,16,38,multi-hop,44.738,0.0,0.0,45.7822,0,1,1,0,134,390,390,390,61054156800,61054156800,61054156800,6.07,0.021,0.9,0.1,0.35,0.65,0.35,0.65
Qwen/Qwen2.5-7B-Instruct,NVIDIA GeForce RTX 5060 Ti,42,MultiFieldQA-en,8,16,39,multi-hop,42.4259,42.4383,43.3715,0.0,0,0,0,1,177,433,433,433,75259584512,75259584512,75259584512,6.07,0.021,0.9,0.1,0.35,0.65,0.35,0.65
Qwen/Qwen2.5-7B-Instruct,NVIDIA GeForce RTX 5060 Ti,42,MultiFieldQA-en,8,16,40,semantic,45.097,0.0,0.0,0.0,0,1,1,1,35,248,154,141,24688197632,9519792128,7980392448,6.07,0.021,0.9,0.1,0.35,0.65,0.35,0.65
Qwen/Qwen2.5-7B-Instruct,NVIDIA GeForce RTX 5060 Ti,42,MultiFieldQA-en,8,16,41,multi-hop,49.6148,52.4931,0.0,0.0,0,0,1,1,110,366,366,366,53771010048,53771010048,53771010048,6.07,0.021,0.9,0.1,0.35,0.65,0.35,0.65
Qwen/Qwen2.5-7B-Instruct,NVIDIA GeForce RTX 5060 Ti,42,MultiFieldQA-en,8,16,42,semantic,42.7101,0.0,44.0126,43.6997,0,1,0,0,107,363,363,363,52893130752,52893130752,52893130752,6.07,0.021,0.9,0.1,0.35,0.65,0.35,0.65
Qwen/Qwen2.5-7B-Instruct,NVIDIA GeForce RTX 5060 Ti,42,MultiFieldQA-en,8,16,43,semantic,51.5018,0.0,52.1888,0.0,0,1,0,1,93,349,349,349,48891895808,48891895808,48891895808,6.07,0.021,0.9,0.1,0.35,0.65,0.35,0.65
Qwen/Qwen2.5-7B-Instruct,NVIDIA GeForce RTX 5060 Ti,42,MultiFieldQA-en,8,16,44,multi-hop,40.4711,40.2914,39.4109,0.0,0,0,0,1,120,376,376,376,56749457408,56749457408,56749457408,6.07,0.021,0.9,0.1,0.35,0.65,0.35,0.65
Qwen/Qwen2.5-7B-Instruct,NVIDIA GeForce RTX 5060 Ti,42,MultiFieldQA-en,8,16,45,structural,48.9871,0.0,0.0,0.0,0,1,1,1,115,371,371,371,55250198528,55250198528,55250198528,6.07,0.021,0.9,0.1,0.35,0.65,0.35,0.65
Qwen/Qwen2.5-7B-Instruct,NVIDIA GeForce RTX 5060 Ti,42,MultiFieldQA-en,8,16,46,structural,44.9556,44.7389,43.7725,0.0,0,0,0,1,43,299,299,299,35886276608,35886276608,35886276608,6.07,0.021,0.9,0.1,0.35,0.65,0.35,0.65
Qwen/Qwen2.5-7B-Instruct,NVIDIA GeForce RTX 5060 Ti,42,MultiFieldQA-en,8,16,47,semantic,48.5406,0.0,0.0,0.0,0,1,1,1,111,367,367,367,54065242112,54065242112,54065242112,6.07,0.021,0.9,0.1,0.35,0.65,0.35,0.65
Qwen/Qwen2.5-7B-Instruct,NVIDIA GeForce RTX 5060 Ti,42,MultiFieldQA-en,8,16,48,multi-hop,48.646,0.0,51.5695,51.1877,0,1,0,0,110,366,366,366,53771010048,53771010048,53771010048,6.07,0.021,0.9,0.1,0.35,0.65,0.35,0.65
Qwen/Qwen2.5-7B-Instruct,NVIDIA GeForce RTX 5060 Ti,42,MultiFieldQA-en,8,16,49,structural,57.1441,49.6289,50.2898,0.0,0,0,0,1,113,369,369,369,54656114688,54656114688,54656114688,6.07,0.021,0.9,0.1,0.35,0.65,0.35,0.65
Qwen/Qwen2.5-7B-Instruct,NVIDIA GeForce RTX 5060 Ti,42,MultiFieldQA-en,8,16,50,multi-hop,42.0882,0.0,0.0,0.0,0,1,1,1,80,336,336,336,45317357568,45317357568,45317357568,6.07,0.021,0.9,0.1,0.35,0.65,0.35,0.65
Qwen/Qwen2.5-7B-Instruct,NVIDIA GeForce RTX 5060 Ti,42,MultiFieldQA-en,8,16,51,structural,40.3672,42.0478,0.0,0.0,0,0,1,1,112,368,368,368,54360276992,54360276992,54360276992,6.07,0.021,0.9,0.1,0.35,0.65,0.35,0.65
Qwen/Qwen2.5-7B-Instruct,NVIDIA GeForce RTX 5060 Ti,42,MultiFieldQA-en,8,16,52,semantic,44.0039,0.0,45.1042,0.0,0,1,0,1,99,355,355,355,50587443200,50587443200,50587443200,6.07,0.021,0.9,0.1,0.35,0.65,0.35,0.65
Qwen/Qwen2.5-7B-Instruct,NVIDIA GeForce RTX 5060 Ti,42,MultiFieldQA-en,8,16,53,structural,65.865,66.7912,65.5635,0.0,0,0,0,1,5,104,133,261,4341628928,7100506112,27344314368,6.07,0.021,0.9,0.1,0.35,0.65,0.35,0.65
Qwen/Qwen2.5-7B-Instruct,NVIDIA GeForce RTX 5060 Ti,42,MultiFieldQA-en,8,16,54,structural,49.5081,56.0962,49.7934,49.2603,0,0,0,0,101,357,357,357,51159048192,51159048192,51159048192,6.07,0.021,0.9,0.1,0.35,0.65,0.35,0.65
Qwen/Qwen2.5-7B-Instruct,NVIDIA GeForce RTX 5060 Ti,42,MultiFieldQA-en,8,16,55,semantic,50.3128,0.0,0.0,0.0,0,1,1,1,55,311,311,311,38824583168,38824583168,38824583168,6.07,0.021,0.9,0.1,0.35,0.65,0.35,0.65
Qwen/Qwen2.5-7B-Instruct,NVIDIA GeForce RTX 5060 Ti,42,MultiFieldQA-en,8,16,56,multi-hop,65.7049,0.0,0.0,70.8455,0,1,1,0,121,377,377,377,57051717632,57051717632,57051717632,6.07,0.021,0.9,0.1,0.35,0.65,0.35,0.65
Qwen/Qwen2.5-7B-Instruct,NVIDIA GeForce RTX 5060 Ti,42,MultiFieldQA-en,8,16,57,structural,50.2937,52.277,50.6185,0.0,0,0,0,1,102,358,358,358,51446054912,51446054912,51446054912,6.07,0.021,0.9,0.1,0.35,0.65,0.35,0.65
Qwen/Qwen2.5-7B-Instruct,NVIDIA GeForce RTX 5060 Ti,42,MultiFieldQA-en,8,16,58,multi-hop,42.0748,0.0,42.8398,42.9451,0,1,0,0,23,279,279,279,31246000128,31246000128,31246000128,6.07,0.021,0.9,0.1,0.35,0.65,0.35,0.65
Qwen/Qwen2.5-7B-Instruct,NVIDIA GeForce RTX 5060 Ti,42,MultiFieldQA-en,8,16,59,semantic,49.5815,0.0,0.0,0.0,0,1,1,1,102,358,358,358,51446054912,51446054912,51446054912,6.07,0.021,0.9,0.1,0.35,0.65,0.35,0.65
Qwen/Qwen2.5-7B-Instruct,NVIDIA GeForce RTX 5060 Ti,42,MultiFieldQA-en,8,16,60,semantic,45.7141,0.0,44.9976,45.8378,0,1,0,0,10,266,266,266,28402024448,28402024448,28402024448,6.07,0.021,0.9,0.1,0.35,0.65,0.35,0.65
Qwen/Qwen2.5-7B-Instruct,NVIDIA GeForce RTX 5060 Ti,42,MultiFieldQA-en,8,16,61,structural,45.8718,46.3766,51.1357,0.0,0,0,0,1,149,405,405,405,65840947200,65840947200,65840947200,6.07,0.021,0.9,0.1,0.35,0.65,0.35,0.65
Qwen/Qwen2.5-7B-Instruct,NVIDIA GeForce RTX 5060 Ti,42,MultiFieldQA-en,8,16,62,semantic,69.0516,0.0,70.5404,0.0,0,1,0,1,136,392,392,392,61681958912,61681958912,61681958912,6.07,0.021,0.9,0.1,0.35,0.65,0.35,0.65
Qwen/Qwen2.5-7B-Instruct,NVIDIA GeForce RTX 5060 Ti,42,MultiFieldQA-en,8,16,63,multi-hop,45.0685,0.0,0.0,0.0,0,1,1,1,68,324,324,324,42138206208,42138206208,42138206208,6.07,0.021,0.9,0.1,0.35,0.65,0.35,0.65
Qwen/Qwen2.5-7B-Instruct,NVIDIA GeForce RTX 5060 Ti,42,MultiFieldQA-en,8,16,64,multi-hop,51.3887,0.0,0.0,0.0,0,1,1,1,144,400,400,400,64225280000,64225280000,64225280000,6.07,0.021,0.9,0.1,0.35,0.65,0.35,0.65
Qwen/Qwen2.5-7B-Instruct,NVIDIA GeForce RTX 5060 Ti,42,MultiFieldQA-en,8,16,65,multi-hop,69.1864,68.5288,68.9983,0.0,0,0,0,1,5,104,133,261,4341628928,7100506112,27344314368,6.07,0.021,0.9,0.1,0.35,0.65,0.35,0.65
Qwen/Qwen2.5-7B-Instruct,NVIDIA GeForce RTX 5060 Ti,42,MultiFieldQA-en,8,16,66,multi-hop,0.0,0.0,0.0,0.0,1,1,1,1,124,380,380,380,57963315200,57963315200,57963315200,6.07,0.021,0.9,0.1,0.35,0.65,0.35,0.65
Qwen/Qwen2.5-7B-Instruct,NVIDIA GeForce RTX 5060 Ti,42,MultiFieldQA-en,8,16,67,semantic,50.1743,0.0,0.0,51.7366,0,1,1,0,27,283,283,283,32148365312,32148365312,32148365312,6.07,0.021,0.9,0.1,0.35,0.65,0.35,0.65
Qwen/Qwen2.5-7B-Instruct,NVIDIA GeForce RTX 5060 Ti,42,MultiFieldQA-en,8,16,68,structural,49.6065,51.1934,51.4571,0.0,0,0,0,1,85,341,341,341,46676123648,46676123648,46676123648,6.07,0.021,0.9,0.1,0.35,0.65,0.35,0.65
Qwen/Qwen2.5-7B-Instruct,NVIDIA GeForce RTX 5060 Ti,42,MultiFieldQA-en,8,16,69,multi-hop,51.6012,0.0,57.2556,53.5908,0,1,0,0,111,367,367,367,54065242112,54065242112,54065242112,6.07,0.021,0.9,0.1,0.35,0.65,0.35,0.65
Qwen/Qwen2.5-7B-Instruct,NVIDIA GeForce RTX 5060 Ti,42,MultiFieldQA-en,8,16,70,structural,67.6185,0.0,70.5834,0.0,0,1,0,1,11,267,267,267,28615974912,28615974912,28615974912,6.07,0.021,0.9,0.1,0.35,0.65,0.35,0.65
Qwen/Qwen2.5-7B-Instruct,NVIDIA GeForce RTX 5060 Ti,42,MultiFieldQA-en,8,16,71,multi-hop,43.6293,45.6515,43.8129,0.0,0,0,0,1,47,303,303,303,36852867072,36852867072,36852867072,6.07,0.021,0.9,0.1,0.35,0.65,0.35,0.65
Qwen/Qwen2.5-7B-Instruct,NVIDIA GeForce RTX 5060 Ti,42,MultiFieldQA-en,8,16,72,semantic,69.4292,0.0,0.0,0.0,0,1,1,1,127,383,383,383,58882138112,58882138112,58882138112,6.07,0.021,0.9,0.1,0.35,0.65,0.35,0.65
Qwen/Qwen2.5-7B-Instruct,NVIDIA GeForce RTX 5060 Ti,42,MultiFieldQA-en,8,16,73,multi-hop,52.102,0.0,0.0,0.0,0,1,1,1,143,399,399,399,63904555008,63904555008,63904555008,6.07,0.021,0.9,0.1,0.35,0.65,0.35,0.65
Qwen/Qwen2.5-7B-Instruct,NVIDIA GeForce RTX 5060 Ti,42,MultiFieldQA-en,8,16,74,multi-hop,51.8909,0.0,0.0,0.0,0,1,1,1,73,329,329,329,43448803328,43448803328,43448803328,6.07,0.021,0.9,0.1,0.35,0.65,0.35,0.65
Qwen/Qwen2.5-7B-Instruct,NVIDIA GeForce RTX 5060 Ti,42,MultiFieldQA-en,8,16,75,structural,44.3965,47.072,46.3166,47.2692,0,0,0,0,109,365,365,365,53477580800,53477580800,53477580800,6.07,0.021,0.9,0.1,0.35,0.65,0.35,0.65
Qwen/Qwen2.5-7B-Instruct,NVIDIA GeForce RTX 5060 Ti,42,MultiFieldQA-en,8,16,76,multi-hop,52.2093,0.0,53.2101,52.9249,0,1,0,0,125,381,381,381,58268786688,58268786688,58268786688,6.07,0.021,0.9,0.1,0.35,0.65,0.35,0.65
Qwen/Qwen2.5-7B-Instruct,NVIDIA GeForce RTX 5060 Ti,42,MultiFieldQA-en,8,16,77,semantic,52.1967,0.0,54.4183,53.0659,0,1,0,0,110,366,366,366,53771010048,53771010048,53771010048,6.07,0.021,0.9,0.1,0.35,0.65,0.35,0.65
Qwen/Qwen2.5-7B-Instruct,NVIDIA GeForce RTX 5060 Ti,42,MultiFieldQA-en,8,16,78,semantic,45.6611,0.0,46.4886,44.6968,0,1,0,0,45,301,301,301,36367966208,36367966208,36367966208,6.07,0.021,0.9,0.1,0.35,0.65,0.35,0.65
Qwen/Qwen2.5-7B-Instruct,NVIDIA GeForce RTX 5060 Ti,42,MultiFieldQA-en,8,16,79,semantic,51.3488,0.0,0.0,0.0,0,1,1,1,37,293,293,293,34460475392,34460475392,34460475392,6.07,0.021,0.9,0.1,0.35,0.65,0.35,0.65
Qwen/Qwen2.5-7B-Instruct,NVIDIA GeForce RTX 5060 Ti,42,MultiFieldQA-en,8,16,80,structural,69.3206,72.7163,70.7553,0.0,0,0,0,1,96,352,352,352,49736056832,49736056832,49736056832,6.07,0.021,0.9,0.1,0.35,0.65,0.35,0.65
Qwen/Qwen2.5-7B-Instruct,NVIDIA GeForce RTX 5060 Ti,42,MultiFieldQA-en,8,16,81,multi-hop,68.7995,0.0,0.0,0.0,0,1,1,1,23,279,279,279,31246000128,31246000128,31246000128,6.07,0.021,0.9,0.1,0.35,0.65,0.35,0.65
Qwen/Qwen2.5-7B-Instruct,NVIDIA GeForce RTX 5060 Ti,42,MultiFieldQA-en,8,16,82,multi-hop,54.6773,54.3126,57.3421,0.0,0,0,0,1,101,357,357,357,51159048192,51159048192,51159048192,6.07,0.021,0.9,0.1,0.35,0.65,0.35,0.65
Qwen/Qwen2.5-7B-Instruct,NVIDIA GeForce RTX 5060 Ti,42,MultiFieldQA-en,8,16,83,structural,51.1264,53.0019,0.0,0.0,0,0,1,1,13,269,269,269,29046284288,29046284288,29046284288,6.07,0.021,0.9,0.1,0.35,0.65,0.35,0.65
Qwen/Qwen2.5-7B-Instruct,NVIDIA GeForce RTX 5060 Ti,42,MultiFieldQA-en,8,16,84,semantic,53.1592,0.0,0.0,0.0,0,1,1,1,83,339,339,339,46130208768,46130208768,46130208768,6.07,0.021,0.9,0.1,0.35,0.65,0.35,0.65
Qwen/Qwen2.5-7B-Instruct,NVIDIA GeForce RTX 5060 Ti,42,MultiFieldQA-en,8,16,85,semantic,51.5864,0.0,0.0,0.0,0,1,1,1,91,347,347,347,48333135872,48333135872,48333135872,6.07,0.021,0.9,0.1,0.35,0.65,0.35,0.65
Qwen/Qwen2.5-7B-Instruct,NVIDIA GeForce RTX 5060 Ti,42,MultiFieldQA-en,8,16,86,multi-hop,44.6487,0.0,42.4082,41.714,0,1,0,0,21,277,277,277,30799634432,30799634432,30799634432,6.07,0.021,0.9,0.1,0.35,0.65,0.35,0.65
Qwen/Qwen2.5-7B-Instruct,NVIDIA GeForce RTX 5060 Ti,42,MultiFieldQA-en,8,16,87,multi-hop,48.707,0.0,0.0,0.0,0,1,1,1,114,370,370,370,54952755200,54952755200,54952755200,6.07,0.021,0.9,0.1,0.35,0.65,0.35,0.65
Qwen/Qwen2.5-7B-Instruct,NVIDIA GeForce RTX 5060 Ti,42,MultiFieldQA-en,8,16,88,multi-hop,47.6327,49.9897,52.8902,0.0,0,0,0,1,25,281,281,281,31695577088,31695577088,31695577088,6.07,0.021,0.9,0.1,0.35,0.65,0.35,0.65
Qwen/Qwen2.5-7B-Instruct,NVIDIA GeForce RTX 5060 Ti,42,MultiFieldQA-en,8,16,89,multi-hop,48.7538,0.0,0.0,0.0,0,1,1,1,85,341,341,341,46676123648,46676123648,46676123648,6.07,0.021,0.9,0.1,0.35,0.65,0.35,0.65
Qwen/Qwen2.5-7B-Instruct,NVIDIA GeForce RTX 5060 Ti,42,MultiFieldQA-en,8,16,90,semantic,49.1282,0.0,0.0,0.0,0,1,1,1,94,350,350,350,49172480000,49172480000,49172480000,6.07,0.021,0.9,0.1,0.35,0.65,0.35,0.65
Qwen/Qwen2.5-7B-Instruct,NVIDIA GeForce RTX 5060 Ti,42,MultiFieldQA-en,8,16,91,multi-hop,47.8553,50.255,0.0,0.0,0,0,1,1,87,343,343,343,47225249792,47225249792,47225249792,6.07,0.021,0.9,0.1,0.35,0.65,0.35,0.65
Qwen/Qwen2.5-7B-Instruct,NVIDIA GeForce RTX 5060 Ti,42,MultiFieldQA-en,8,16,92,semantic,83.7672,0.0,90.9651,86.4418,0,1,0,0,4,260,260,260,27135180800,27135180800,27135180800,6.07,0.021,0.9,0.1,0.35,0.65,0.35,0.65
Qwen/Qwen2.5-7B-Instruct,NVIDIA GeForce RTX 5060 Ti,42,MultiFieldQA-en,8,16,93,semantic,0.0,0.0,0.0,0.0,1,1,1,1,100,356,356,356,50872844288,50872844288,50872844288,6.07,0.021,0.9,0.1,0.35,0.65,0.35,0.65
Qwen/Qwen2.5-7B-Instruct,NVIDIA GeForce RTX 5060 Ti,42,MultiFieldQA-en,8,16,94,semantic,48.148,0.0,49.2907,49.195,0,1,0,0,127,383,383,383,58882138112,58882138112,58882138112,6.07,0.021,0.9,0.1,0.35,0.65,0.35,0.65
Qwen/Qwen2.5-7B-Instruct,NVIDIA GeForce RTX 5060 Ti,42,MultiFieldQA-en,8,16,95,semantic,48.7899,51.0498,0.0,0.0,0,0,1,1,101,357,357,357,51159048192,51159048192,51159048192,6.07,0.021,0.9,0.1,0.35,0.65,0.35,0.65
Qwen/Qwen2.5-7B-Instruct,NVIDIA GeForce RTX 5060 Ti,42,MultiFieldQA-en,8,16,96,multi-hop,0.0,49.1785,0.0,0.0,1,0,1,1,114,370,370,370,54952755200,54952755200,54952755200,6.07,0.021,0.9,0.1,0.35,0.65,0.35,0.65
Qwen/Qwen2.5-7B-Instruct,NVIDIA GeForce RTX 5060 Ti,42,MultiFieldQA-en,8,16,97,structural,55.0168,0.0,0.0,50.5697,0,1,1,0,86,342,342,342,46950285312,46950285312,46950285312,6.07,0.021,0.9,0.1,0.35,0.65,0.35,0.65
Qwen/Qwen2.5-7B-Instruct,NVIDIA GeForce RTX 5060 Ti,42,MultiFieldQA-en,8,16,98,multi-hop,41.2342,0.0,0.0,43.2662,0,1,1,0,73,329,329,329,43448803328,43448803328,43448803328,6.07,0.021,0.9,0.1,0.35,0.65,0.35,0.65
Qwen/Qwen2.5-7B-Instruct,NVIDIA GeForce RTX 5060 Ti,42,MultiFieldQA-en,8,16,99,semantic,47.8292,0.0,0.0,0.0,0,1,1,1,114,370,370,370,54952755200,54952755200,54952755200,6.07,0.021,0.9,0.1,0.35,0.65,0.35,0.65
Qwen/Qwen2.5-7B-Instruct,NVIDIA GeForce RTX 5060 Ti,42,MultiFieldQA-en,8,16,100,semantic,63.8713,0.0,0.0,68.6197,0,1,1,0,138,394,394,394,62312972288,62312972288,62312972288,6.07,0.021,0.9,0.1,0.35,0.65,0.35,0.65
Qwen/Qwen2.5-7B-Instruct,NVIDIA GeForce RTX 5060 Ti,42,MultiFieldQA-en,8,16,101,multi-hop,68.5234,73.2133,0.0,0.0,0,0,1,1,39,295,295,295,34932531200,34932531200,34932531200,6.07,0.021,0.9,0.1,0.35,0.65,0.35,0.65
Qwen/Qwen2.5-7B-Instruct,NVIDIA GeForce RTX 5060 Ti,42,MultiFieldQA-en,8,16,102,multi-hop,69.2469,0.0,0.0,69.9549,0,1,1,0,158,414,414,414,68799725568,68799725568,68799725568,6.07,0.021,0.9,0.1,0.35,0.65,0.35,0.65
Qwen/Qwen2.5-7B-Instruct,NVIDIA GeForce RTX 5060 Ti,42,MultiFieldQA-en,8,16,103,semantic,50.6085,0.0,0.0,0.0,0,1,1,1,78,334,334,334,44779470848,44779470848,44779470848,6.07,0.021,0.9,0.1,0.35,0.65,0.35,0.65
Qwen/Qwen2.5-7B-Instruct,NVIDIA GeForce RTX 5060 Ti,42,MultiFieldQA-en,8,16,104,multi-hop,50.3125,0.0,0.0,0.0,0,1,1,1,109,365,365,365,53477580800,53477580800,53477580800,6.07,0.021,0.9,0.1,0.35,0.65,0.35,0.65
Qwen/Qwen2.5-7B-Instruct,NVIDIA GeForce RTX 5060 Ti,42,MultiFieldQA-en,8,16,105,semantic,49.3132,0.0,0.0,0.0,0,1,1,1,142,398,398,398,63584632832,63584632832,63584632832,6.07,0.021,0.9,0.1,0.35,0.65,0.35,0.65
Qwen/Qwen2.5-7B-Instruct,NVIDIA GeForce RTX 5060 Ti,42,MultiFieldQA-en,8,16,106,semantic,50.3625,0.0,0.0,0.0,0,1,1,1,103,359,359,359,51733864448,51733864448,51733864448,6.07,0.021,0.9,0.1,0.35,0.65,0.35,0.65
Qwen/Qwen2.5-7B-Instruct,NVIDIA GeForce RTX 5060 Ti,42,MultiFieldQA-en,8,16,107,structural,67.1924,67.0945,70.8427,65.9751,0,0,0,0,1,16,16,16,102760448,102760448,102760448,6.07,0.021,0.9,0.1,0.35,0.65,0.35,0.65
Qwen/Qwen2.5-7B-Instruct,NVIDIA GeForce RTX 5060 Ti,42,MultiFieldQA-en,8,16,108,structural,40.6562,0.0,0.0,0.0,0,1,1,1,107,363,363,363,52893130752,52893130752,52893130752,6.07,0.021,0.9,0.1,0.35,0.65,0.35,0.65
Qwen/Qwen2.5-7B-Instruct,NVIDIA GeForce RTX 5060 Ti,42,MultiFieldQA-en,8,16,109,multi-hop,50.763,0.0,0.0,0.0,0,1,1,1,86,342,342,342,46950285312,46950285312,46950285312,6.07,0.021,0.9,0.1,0.35,0.65,0.35,0.65
Qwen/Qwen2.5-7B-Instruct,NVIDIA GeForce RTX 5060 Ti,42,MultiFieldQA-en,8,16,110,multi-hop,49.517,52.1161,0.0,0.0,0,0,1,1,58,314,314,314,39577223168,39577223168,39577223168,6.07,0.021,0.9,0.1,0.35,0.65,0.35,0.65
Qwen/Qwen2.5-7B-Instruct,NVIDIA GeForce RTX 5060 Ti,42,MultiFieldQA-en,8,16,111,multi-hop,40.5032,42.5091,41.8846,0.0,0,0,0,1,113,369,369,369,54656114688,54656114688,54656114688,6.07,0.021,0.9,0.1,0.35,0.65,0.35,0.65
Qwen/Qwen2.5-7B-Instruct,NVIDIA GeForce RTX 5060 Ti,42,MultiFieldQA-en,8,16,112,semantic,48.9897,0.0,50.3139,51.289,0,1,0,0,110,366,366,366,53771010048,53771010048,53771010048,6.07,0.021,0.9,0.1,0.35,0.65,0.35,0.65
Qwen/Qwen2.5-7B-Instruct,NVIDIA GeForce RTX 5060 Ti,42,MultiFieldQA-en,8,16,113,multi-hop,43.8519,0.0,0.0,0.0,0,1,1,1,97,353,353,353,50019049472,50019049472,50019049472,6.07,0.021,0.9,0.1,0.35,0.65,0.35,0.65
Qwen/Qwen2.5-7B-Instruct,NVIDIA GeForce RTX 5060 Ti,42,MultiFieldQA-en,8,16,114,multi-hop,66.4276,0.0,70.4846,69.1668,0,1,0,0,48,304,304,304,37096521728,37096521728,37096521728,6.07,0.021,0.9,0.1,0.35,0.65,0.35,0.65
Qwen/Qwen2.5-7B-Instruct,NVIDIA GeForce RTX 5060 Ti,42,MultiFieldQA-en,8,16,115,multi-hop,70.763,71.5575,70.9369,0.0,0,0,0,1,23,277,137,279,30799634432,7534026752,31246000128,6.07,0.021,0.9,0.1,0.35,0.65,0.35,0.65
Qwen/Qwen2.5-7B-Instruct,NVIDIA GeForce RTX 5060 Ti,42,MultiFieldQA-en,8,16,116,semantic,51.6317,0.0,0.0,53.1486,0,1,1,0,27,283,283,283,32148365312,32148365312,32148365312,6.07,0.021,0.9,0.1,0.35,0.65,0.35,0.65
Qwen/Qwen2.5-7B-Instruct,NVIDIA GeForce RTX 5060 Ti,42,MultiFieldQA-en,8,16,117,multi-hop,75.2403,0.0,0.0,0.0,0,1,1,1,125,381,381,381,58268786688,58268786688,58268786688,6.07,0.021,0.9,0.1,0.35,0.65,0.35,0.65
Qwen/Qwen2.5-7B-Instruct,NVIDIA GeForce RTX 5060 Ti,42,MultiFieldQA-en,8,16,118,multi-hop,51.6608,0.0,51.8425,52.7226,0,1,0,0,61,317,317,317,40337088512,40337088512,40337088512,6.07,0.021,0.9,0.1,0.35,0.65,0.35,0.65
Qwen/Qwen2.5-7B-Instruct,NVIDIA GeForce RTX 5060 Ti,42,MultiFieldQA-en,8,16,119,multi-hop,52.7224,53.0712,52.6865,0.0,0,0,0,1,86,342,342,342,46950285312,46950285312,46950285312,6.07,0.021,0.9,0.1,0.35,0.65,0.35,0.65
Qwen/Qwen2.5-7B-Instruct,NVIDIA GeForce RTX 5060 Ti,42,MultiFieldQA-en,8,16,120,structural,51.4774,52.1318,0.0,0.0,0,0,1,1,55,311,311,311,38824583168,38824583168,38824583168,6.07,0.021,0.9,0.1,0.35,0.65,0.35,0.65
Qwen/Qwen2.5-7B-Instruct,NVIDIA GeForce RTX 5060 Ti,42,MultiFieldQA-en,8,16,121,multi-hop,68.9897,0.0,0.0,0.0,0,1,1,1,152,408,408,408,66819981312,66819981312,66819981312,6.07,0.021,0.9,0.1,0.35,0.65,0.35,0.65
Qwen/Qwen2.5-7B-Instruct,NVIDIA GeForce RTX 5060 Ti,42,MultiFieldQA-en,8,16,122,semantic,52.3139,0.0,0.0,0.0,0,1,1,1,108,364,364,364,53184954368,53184954368,53184954368,6.07,0.021,0.9,0.1,0.35,0.65,0.35,0.65
Qwen/Qwen2.5-7B-Instruct,NVIDIA GeForce RTX 5060 Ti,42,MultiFieldQA-en,8,16,123,semantic,53.8551,56.138,0.0,0.0,0,0,1,1,151,407,407,407,66492833792,66492833792,66492833792,6.07,0.021,0.9,0.1,0.35,0.65,0.35,0.65
Qwen/Qwen2.5-7B-Instruct,NVIDIA GeForce RTX 5060 Ti,42,MultiFieldQA-en,8,16,124,multi-hop,50.0973,0.0,0.0,0.0,0,1,1,1,91,347,347,347,48333135872,48333135872,48333135872,6.07,0.021,0.9,0.1,0.35,0.65,0.35,0.65
Qwen/Qwen2.5-7B-Instruct,NVIDIA GeForce RTX 5060 Ti,42,MultiFieldQA-en,8,16,125,semantic,51.3967,0.0,0.0,0.0,0,1,1,1,96,352,352,352,49736056832,49736056832,49736056832,6.07,0.021,0.9,0.1,0.35,0.65,0.35,0.65
Qwen/Qwen2.5-7B-Instruct,NVIDIA GeForce RTX 5060 Ti,42,MultiFieldQA-en,8,16,126,semantic,70.1672,0.0,72.336,72.1592,0,1,0,0,125,381,381,381,58268786688,58268786688,58268786688,6.07,0.021,0.9,0.1,0.35,0.65,0.35,0.65
Qwen/Qwen2.5-7B-Instruct,NVIDIA GeForce RTX 5060 Ti,42,MultiFieldQA-en,8,16,127,multi-hop,50.4677,53.5918,49.3247,50.7589,0,0,0,0,1,16,16,16,102760448,102760448,102760448,6.07,0.021,0.9,0.1,0.35,0.65,0.35,0.65
Qwen/Qwen2.5-7B-Instruct,NVIDIA GeForce RTX 5060 Ti,42,MultiFieldQA-en,8,16,128,multi-hop,46.4415,46.823,46.6023,0.0,0,0,0,1,94,350,350,350,49172480000,49172480000,49172480000,6.07,0.021,0.9,0.1,0.35,0.65,0.35,0.65
Qwen/Qwen2.5-7B-Instruct,NVIDIA GeForce RTX 5060 Ti,42,MultiFieldQA-en,8,16,129,structural,44.3373,45.9816,45.7262,0.0,0,0,0,1,138,394,394,394,62312972288,62312972288,62312972288,6.07,0.021,0.9,0.1,0.35,0.65,0.35,0.65
Qwen/Qwen2.5-7B-Instruct,NVIDIA GeForce RTX 5060 Ti,42,MultiFieldQA-en,8,16,130,semantic,69.1432,0.0,69.857,69.2611,0,1,0,0,114,370,370,370,54952755200,54952755200,54952755200,6.07,0.021,0.9,0.1,0.35,0.65,0.35,0.65
Qwen/Qwen2.5-7B-Instruct,NVIDIA GeForce RTX 5060 Ti,42,MultiFieldQA-en,8,16,131,semantic,70.1725,0.0,0.0,0.0,0,1,1,1,117,373,373,373,55847493632,55847493632,55847493632,6.07,0.021,0.9,0.1,0.35,0.65,0.35,0.65
Qwen/Qwen2.5-7B-Instruct,NVIDIA GeForce RTX 5060 Ti,42,MultiFieldQA-en,8,16,132,semantic,91.9487,0.0,93.8878,92.4572,0,1,0,0,58,314,314,314,39577223168,39577223168,39577223168,6.07,0.021,0.9,0.1,0.35,0.65,0.35,0.65
Qwen/Qwen2.5-7B-Instruct,NVIDIA GeForce RTX 5060 Ti,42,MultiFieldQA-en,8,16,133,multi-hop,52.4468,0.0,0.0,0.0,0,1,1,1,101,357,357,357,51159048192,51159048192,51159048192,6.07,0.021,0.9,0.1,0.35,0.65,0.35,0.65
Qwen/Qwen2.5-7B-Instruct,NVIDIA GeForce RTX 5060 Ti,42,MultiFieldQA-en,8,16,134,structural,51.4566,0.0,0.0,0.0,0,1,1,1,99,355,355,355,50587443200,50587443200,50587443200,6.07,0.021,0.9,0.1,0.35,0.65,0.35,0.65
Qwen/Qwen2.5-7B-Instruct,NVIDIA GeForce RTX 5060 Ti,42,MultiFieldQA-en,8,16,135,multi-hop,71.8717,0.0,0.0,128.5821,0,1,1,0,150,406,406,406,66166489088,66166489088,66166489088,6.07,0.021,0.9,0.1,0.35,0.65,0.35,0.65
Qwen/Qwen2.5-7B-Instruct,NVIDIA GeForce RTX 5060 Ti,42,MultiFieldQA-en,8,16,136,semantic,49.6061,0.0,45.9122,0.0,0,1,0,1,71,327,327,327,42922156032,42922156032,42922156032,6.07,0.021,0.9,0.1,0.35,0.65,0.35,0.65
Qwen/Qwen2.5-7B-Instruct,NVIDIA GeForce RTX 5060 Ti,42,MultiFieldQA-en,8,16,137,semantic,49.0733,0.0,0.0,0.0,0,1,1,1,15,271,271,271,29479804928,29479804928,29479804928,6.07,0.021,0.9,0.1,0.35,0.65,0.35,0.65
Qwen/Qwen2.5-7B-Instruct,NVIDIA GeForce RTX 5060 Ti,42,MultiFieldQA-en,8,16,138,semantic,50.5257,0.0,51.0477,51.5252,0,1,0,0,85,341,341,341,46676123648,46676123648,46676123648,6.07,0.021,0.9,0.1,0.35,0.65,0.35,0.65
Qwen/Qwen2.5-7B-Instruct,NVIDIA GeForce RTX 5060 Ti,42,MultiFieldQA-en,8,16,139,multi-hop,57.2753,54.372,54.5721,0.0,0,0,0,1,130,386,386,386,59808186368,59808186368,59808186368,6.07,0.021,0.9,0.1,0.35,0.65,0.35,0.65
Qwen/Qwen2.5-7B-Instruct,NVIDIA GeForce RTX 5060 Ti,42,MultiFieldQA-en,8,16,140,structural,0.0,70.2247,0.0,0.0,1,0,1,1,26,282,282,282,31921569792,31921569792,31921569792,6.07,0.021,0.9,0.1,0.35,0.65,0.35,0.65
Qwen/Qwen2.5-7B-Instruct,NVIDIA GeForce RTX 5060 Ti,42,MultiFieldQA-en,8,16,141,semantic,55.8539,0.0,52.291,0.0,0,1,0,1,102,358,358,358,51446054912,51446054912,51446054912,6.07,0.021,0.9,0.1,0.35,0.65,0.35,0.65
Qwen/Qwen2.5-7B-Instruct,NVIDIA GeForce RTX 5060 Ti,42,MultiFieldQA-en,8,16,142,multi-hop,52.7329,50.3123,50.4397,51.3397,0,0,0,0,1,16,16,16,102760448,102760448,102760448,6.07,0.021,0.9,0.1,0.35,0.65,0.35,0.65
Qwen/Qwen2.5-7B-Instruct,NVIDIA GeForce RTX 5060 Ti,42,MultiFieldQA-en,8,16,143,semantic,51.3954,0.0,0.0,0.0,0,1,1,1,156,412,412,412,68136599552,68136599552,68136599552,6.07,0.021,0.9,0.1,0.35,0.65,0.35,0.65
Qwen/Qwen2.5-7B-Instruct,NVIDIA GeForce RTX 5060 Ti,42,MultiFieldQA-en,8,16,144,multi-hop,0.0,0.0,52.7042,50.8818,1,1,0,0,102,358,358,358,51446054912,51446054912,51446054912,6.07,0.021,0.9,0.1,0.35,0.65,0.35,0.65
Qwen/Qwen2.5-7B-Instruct,NVIDIA GeForce RTX 5060 Ti,42,MultiFieldQA-en,8,16,145,multi-hop,52.1957,0.0,0.0,51.8013,0,1,1,0,65,321,321,321,41361481728,41361481728,41361481728,6.07,0.021,0.9,0.1,0.35,0.65,0.35,0.65
Qwen/Qwen2.5-7B-Instruct,NVIDIA GeForce RTX 5060 Ti,42,MultiFieldQA-en,8,16,146,multi-hop,51.7572,0.0,0.0,56.549,0,1,1,0,100,356,356,356,50872844288,50872844288,50872844288,6.07,0.021,0.9,0.1,0.35,0.65,0.35,0.65
Qwen/Qwen2.5-7B-Instruct,NVIDIA GeForce RTX 5060 Ti,42,MultiFieldQA-en,8,16,147,multi-hop,49.8244,0.0,0.0,52.2929,0,1,1,0,103,359,359,359,51733864448,51733864448,51733864448,6.07,0.021,0.9,0.1,0.35,0.65,0.35,0.65
Qwen/Qwen2.5-7B-Instruct,NVIDIA GeForce RTX 5060 Ti,42,MultiFieldQA-en,8,16,148,multi-hop,86.8983,0.0,0.0,0.0,0,1,1,1,146,402,402,402,64869138432,64869138432,64869138432,6.07,0.021,0.9,0.1,0.35,0.65,0.35,0.65
Qwen/Qwen2.5-7B-Instruct,NVIDIA GeForce RTX 5060 Ti,42,MultiFieldQA-en,8,16,149,multi-hop,49.7318,50.9726,51.4139,0.0,0,0,0,1,65,321,321,321,41361481728,41361481728,41361481728,6.07,0.021,0.9,0.1,0.35,0.65,0.35,0.65
Qwen/Qwen2.5-7B-Instruct,NVIDIA GeForce RTX 5060 Ti,42,MultiFieldQA-en,8,16,150,semantic,51.2655,0.0,0.0,0.0,0,1,1,1,104,360,360,360,52022476800,52022476800,52022476800,6.07,0.021,0.9,0.1,0.35,0.65,0.35,0.65
Qwen/Qwen2.5-7B-Instruct,NVIDIA GeForce RTX 5060 Ti,42,MultiFieldQA-en,8,16,151,structural,43.2017,45.1527,44.0965,0.0,0,0,0,1,114,370,370,370,54952755200,54952755200,54952755200,6.07,0.021,0.9,0.1,0.35,0.65,0.35,0.65
Qwen/Qwen2.5-7B-Instruct,NVIDIA GeForce RTX 5060 Ti,42,MultiFieldQA-en,8,16,152,structural,52.0522,55.097,0.0,52.9248,0,0,1,0,95,351,351,351,49453867008,49453867008,49453867008,6.07,0.021,0.9,0.1,0.35,0.65,0.35,0.65
Qwen/Qwen2.5-7B-Instruct,NVIDIA GeForce RTX 5060 Ti,42,MultiFieldQA-en,8,16,153,structural,50.5749,50.2816,46.5552,48.0949,0,0,0,0,1,16,16,16,102760448,102760448,102760448,6.07,0.021,0.9,0.1,0.35,0.65,0.35,0.65
Qwen/Qwen2.5-7B-Instruct,NVIDIA GeForce RTX 5060 Ti,42,MultiFieldQA-en,8,16,154,multi-hop,0.0,43.9694,44.4606,0.0,1,0,0,1,114,370,370,370,54952755200,54952755200,54952755200,6.07,0.021,0.9,0.1,0.35,0.65,0.35,0.65
Qwen/Qwen2.5-7B-Instruct,NVIDIA GeForce RTX 5060 Ti,42,MultiFieldQA-en,8,16,155,multi-hop,0.0,0.0,0.0,56.0967,1,1,1,0,107,363,363,363,52893130752,52893130752,52893130752,6.07,0.021,0.9,0.1,0.35,0.65,0.35,0.65
Qwen/Qwen2.5-7B-Instruct,NVIDIA GeForce RTX 5060 Ti,42,MultiFieldQA-en,8,16,156,structural,49.0804,51.1779,0.0,0.0,0,0,1,1,88,344,344,344,47501017088,47501017088,47501017088,6.07,0.021,0.9,0.1,0.35,0.65,0.35,0.65
Qwen/Qwen2.5-7B-Instruct,NVIDIA GeForce RTX 5060 Ti,42,MultiFieldQA-en,8,16,157,multi-hop,38.7345,0.0,0.0,38.2857,0,1,1,0,1,16,16,63,102760448,102760448,1593188352,6.07,0.021,0.9,0.1,0.35,0.65,0.35,0.65
Qwen/Qwen2.5-7B-Instruct,NVIDIA GeForce RTX 5060 Ti,42,MultiFieldQA-en,8,16,158,multi-hop,70.9907,0.0,0.0,0.0,0,1,1,1,163,419,419,419,70471589888,70471589888,70471589888,6.07,0.021,0.9,0.1,0.35,0.65,0.35,0.65
Qwen/Qwen2.5-7B-Instruct,NVIDIA GeForce RTX 5060 Ti,42,MultiFieldQA-en,8,16,159,structural,41.5842,49.1805,44.2735,0.0,0,0,0,1,78,334,334,334,44779470848,44779470848,44779470848,6.07,0.021,0.9,0.1,0.35,0.65,0.35,0.65
Qwen/Qwen2.5-7B-Instruct,NVIDIA GeForce RTX 5060 Ti,42,MultiFieldQA-en,8,16,160,semantic,50.7266,0.0,0.0,48.0563,0,1,1,0,122,378,378,378,57354780672,57354780672,57354780672,6.07,0.021,0.9,0.1,0.35,0.65,0.35,0.65
Qwen/Qwen2.5-7B-Instruct,NVIDIA GeForce RTX 5060 Ti,42,MultiFieldQA-en,8,16,161,multi-hop,42.0291,0.0,0.0,42.7061,0,1,1,0,86,342,342,342,46950285312,46950285312,46950285312,6.07,0.021,0.9,0.1,0.35,0.65,0.35,0.65
Qwen/Qwen2.5-7B-Instruct,NVIDIA GeForce RTX 5060 Ti,42,MultiFieldQA-en,8,16,162,multi-hop,49.1337,50.4789,53.3788,0.0,0,0,0,1,92,348,348,348,48612114432,48612114432,48612114432,6.07,0.021,0.9,0.1,0.35,0.65,0.35,0.65
Qwen/Qwen2.5-7B-Instruct,NVIDIA GeForce RTX 5060 Ti,42,MultiFieldQA-en,8,16,163,multi-hop,43.0062,45.929,42.7469,0.0,0,0,0,1,158,414,414,414,68799725568,68799725568,68799725568,6.07,0.021,0.9,0.1,0.35,0.65,0.35,0.65
Qwen/Qwen2.5-7B-Instruct,NVIDIA GeForce RTX 5060 Ti,42,MultiFieldQA-en,8,16,164,semantic,0.0,0.0,38.2842,38.4143,1,1,0,0,1,16,16,16,102760448,102760448,102760448,6.07,0.021,0.9,0.1,0.35,0.65,0.35,0.65
Qwen/Qwen2.5-7B-Instruct,NVIDIA GeForce RTX 5060 Ti,42,MultiFieldQA-en,8,16,165,multi-hop,47.7429,0.0,0.0,0.0,0,1,1,1,91,347,347,347,48333135872,48333135872,48333135872,6.07,0.021,0.9,0.1,0.35,0.65,0.35,0.65
Qwen/Qwen2.5-7B-Instruct,NVIDIA GeForce RTX 5060 Ti,42,MultiFieldQA-en,8,16,166,multi-hop,41.5039,0.0,0.0,44.4062,0,1,1,0,35,248,154,291,24688197632,9519792128,33991630848,6.07,0.021,0.9,0.1,0.35,0.65,0.35,0.65
Qwen/Qwen2.5-7B-Instruct,NVIDIA GeForce RTX 5060 Ti,42,MultiFieldQA-en,8,16,167,multi-hop,48.6303,47.1272,46.6467,45.8124,0,0,0,0,1,16,16,16,102760448,102760448,102760448,6.07,0.021,0.9,0.1,0.35,0.65,0.35,0.65
Qwen/Qwen2.5-7B-Instruct,NVIDIA GeForce RTX 5060 Ti,42,MultiFieldQA-en,8,16,168,semantic,48.0352,0.0,0.0,0.0,0,1,1,1,106,362,362,362,52602109952,52602109952,52602109952,6.07,0.021,0.9,0.1,0.35,0.65,0.35,0.65
Qwen/Qwen2.5-7B-Instruct,NVIDIA GeForce RTX 5060 Ti,42,MultiFieldQA-en,8,16,169,multi-hop,0.0,40.2729,40.3198,0.0,1,0,0,1,136,392,392,263,61681958912,61681958912,27764989952,6.07,0.021,0.9,0.1,0.35,0.65,0.35,0.65
Qwen/Qwen2.5-7B-Instruct,NVIDIA GeForce RTX 5060 Ti,42,MultiFieldQA-en,8,16,170,multi-hop,69.6808,74.3032,68.6383,0.0,0,0,0,1,150,406,406,406,66166489088,66166489088,66166489088,6.07,0.021,0.9,0.1,0.35,0.65,0.35,0.65
Qwen/Qwen2.5-7B-Instruct,NVIDIA GeForce RTX 5060 Ti,42,MultiFieldQA-en,8,16,171,multi-hop,0.0,0.0,39.8569,40.3041,1,1,0,0,1,16,16,16,102760448,102760448,102760448,6.07,0.021,0.9,0.1,0.35,0.65,0.35,0.65
Qwen/Qwen2.5-7B-Instruct,NVIDIA GeForce RTX 5060 Ti,42,MultiFieldQA-en,8,16,172,structural,43.4023,45.4377,44.3071,50.1141,0,0,0,0,92,348,348,348,48612114432,48612114432,48612114432,6.07,0.021,0.9,0.1,0.35,0.65,0.35,0.65
Qwen/Qwen2.5-7B-Instruct,NVIDIA GeForce RTX 5060 Ti,42,MultiFieldQA-en,8,16,173,multi-hop,48.3164,50.6981,49.993,0.0,0,0,0,1,19,275,275,275,30356480000,30356480000,30356480000,6.07,0.021,0.9,0.1,0.35,0.65,0.35,0.65
Qwen/Qwen2.5-7B-Instruct,NVIDIA GeForce RTX 5060 Ti,42,MultiFieldQA-en,8,16,174,semantic,50.8466,0.0,51.9382,0.0,0,1,0,1,86,342,342,342,46950285312,46950285312,46950285312,6.07,0.021,0.9,0.1,0.35,0.65,0.35,0.65
Qwen/Qwen2.5-7B-Instruct,NVIDIA GeForce RTX 5060 Ti,42,MultiFieldQA-en,8,16,175,multi-hop,48.9586,51.5997,0.0,0.0,0,0,1,1,106,362,362,362,52602109952,52602109952,52602109952,6.07,0.021,0.9,0.1,0.35,0.65,0.35,0.65
Qwen/Qwen2.5-7B-Instruct,NVIDIA GeForce RTX 5060 Ti,42,MultiFieldQA-en,8,16,176,multi-hop,49.6639,0.0,51.9682,50.3627,0,1,0,0,110,366,366,366,53771010048,53771010048,53771010048,6.07,0.021,0.9,0.1,0.35,0.65,0.35,0.65
Qwen/Qwen2.5-7B-Instruct,NVIDIA GeForce RTX 5060 Ti,42,MultiFieldQA-en,8,16,177,multi-hop,50.6128,0.0,0.0,50.1961,0,1,1,0,81,337,337,337,45587505152,45587505152,45587505152,6.07,0.021,0.9,0.1,0.35,0.65,0.35,0.65
Qwen/Qwen2.5-7B-Instruct,NVIDIA GeForce RTX 5060 Ti,42,MultiFieldQA-en,8,16,178,structural,70.1805,69.8832,69.1173,0.0,0,0,0,1,21,277,277,277,30799634432,30799634432,30799634432,6.07,0.021,0.9,0.1,0.35,0.65,0.35,0.65
Qwen/Qwen2.5-7B-Instruct,NVIDIA GeForce RTX 5060 Ti,42,MultiFieldQA-en,8,16,179,structural,49.9081,0.0,0.0,0.0,0,1,1,1,119,375,375,375,56448000000,56448000000,56448000000,6.07,0.021,0.9,0.1,0.35,0.65,0.35,0.65
Qwen/Qwen2.5-7B-Instruct,NVIDIA GeForce RTX 5060 Ti,42,MultiFieldQA-en,8,16,180,semantic,0.0,0.0,45.3011,43.585,1,1,0,0,116,372,372,372,55548444672,55548444672,55548444672,6.07,0.021,0.9,0.1,0.35,0.65,0.35,0.65
Qwen/Qwen2.5-7B-Instruct,NVIDIA GeForce RTX 5060 Ti,42,MultiFieldQA-en,8,16,181,structural,50.9745,52.7561,0.0,0.0,0,0,1,1,142,398,398,398,63584632832,63584632832,63584632832,6.07,0.021,0.9,0.1,0.35,0.65,0.35,0.65
Qwen/Qwen2.5-7B-Instruct,NVIDIA GeForce RTX 5060 Ti,42,MultiFieldQA-en,8,16,182,multi-hop,48.6787,0.0,49.3111,48.2924,0,1,0,0,68,324,324,324,42138206208,42138206208,42138206208,6.07,0.021,0.9,0.1,0.35,0.65,0.35,0.65
Qwen/Qwen2.5-7B-Instruct,NVIDIA GeForce RTX 5060 Ti,42,MultiFieldQA-en,8,16,183,multi-hop,37.5177,0.0,0.0,0.0,0,1,1,1,1,16,16,63,102760448,102760448,1593188352,6.07,0.021,0.9,0.1,0.35,0.65,0.35,0.65
Qwen/Qwen2.5-7B-Instruct,NVIDIA GeForce RTX 5060 Ti,42,MultiFieldQA-en,8,16,184,structural,53.1877,49.915,49.4644,0.0,0,0,0,1,60,316,316,316,40082997248,40082997248,40082997248,6.07,0.021,0.9,0.1,0.35,0.65,0.35,0.65
Qwen/Qwen2.5-7B-Instruct,NVIDIA GeForce RTX 5060 Ti,42,MultiFieldQA-en,8,16,185,multi-hop,47.1765,0.0,54.1656,46.9071,0,1,0,0,51,307,307,307,37832302592,37832302592,37832302592,6.07,0.021,0.9,0.1,0.35,0.65,0.35,0.65
Qwen/Qwen2.5-7B-Instruct,NVIDIA GeForce RTX 5060 Ti,42,MultiFieldQA-en,8,16,186,semantic,41.476,0.0,43.2409,0.0,0,1,0,1,84,340,340,340,46402764800,46402764800,46402764800,6.07,0.021,0.9,0.1,0.35,0.65,0.35,0.65
Qwen/Qwen2.5-7B-Instruct,NVIDIA GeForce RTX 5060 Ti,42,MultiFieldQA-en,8,16,187,multi-hop,64.58,66.1577,65.3347,0.0,0,0,0,1,99,355,355,355,50587443200,50587443200,50587443200,6.07,0.021,0.9,0.1,0.35,0.65,0.35,0.65
Qwen/Qwen2.5-7B-Instruct,NVIDIA GeForce RTX 5060 Ti,42,MultiFieldQA-en,8,16,188,multi-hop,42.3874,0.0,0.0,41.7938,0,1,1,0,15,271,271,271,29479804928,29479804928,29479804928,6.07,0.021,0.9,0.1,0.35,0.65,0.35,0.65
Qwen/Qwen2.5-7B-Instruct,NVIDIA GeForce RTX 5060 Ti,42,MultiFieldQA-en,8,16,189,structural,46.4691,42.3293,42.3887,43.6,0,0,0,0,11,267,267,267,28615974912,28615974912,28615974912,6.07,0.021,0.9,0.1,0.35,0.65,0.35,0.65
Qwen/Qwen2.5-7B-Instruct,NVIDIA GeForce RTX 5060 Ti,42,MultiFieldQA-en,8,16,190,structural,46.7133,53.5708,47.974,0.0,0,0,0,1,106,362,362,362,52602109952,52602109952,52602109952,6.07,0.021,0.9,0.1,0.35,0.65,0.35,0.65
Qwen/Qwen2.5-7B-Instruct,NVIDIA GeForce RTX 5060 Ti,42,MultiFieldQA-en,8,16,191,structural,49.6546,0.0,0.0,0.0,0,1,1,1,112,368,368,368,54360276992,54360276992,54360276992,6.07,0.021,0.9,0.1,0.35,0.65,0.35,0.65
Qwen/Qwen2.5-7B-Instruct,NVIDIA GeForce RTX 5060 Ti,42,MultiFieldQA-en,8,16,192,multi-hop,49.8828,0.0,0.0,0.0,0,1,1,1,59,315,315,315,39829708800,39829708800,39829708800,6.07,0.021,0.9,0.1,0.35,0.65,0.35,0.65
Qwen/Qwen2.5-7B-Instruct,NVIDIA GeForce RTX 5060 Ti,42,MultiFieldQA-en,8,16,193,semantic,51.5733,0.0,53.8409,0.0,0,1,0,1,116,372,372,372,55548444672,55548444672,55548444672,6.07,0.021,0.9,0.1,0.35,0.65,0.35,0.65
Qwen/Qwen2.5-7B-Instruct,NVIDIA GeForce RTX 5060 Ti,42,MultiFieldQA-en,8,16,194,multi-hop,52.4609,50.0785,53.455,0.0,0,0,0,1,19,275,275,275,30356480000,30356480000,30356480000,6.07,0.021,0.9,0.1,0.35,0.65,0.35,0.65
Qwen/Qwen2.5-7B-Instruct,NVIDIA GeForce RTX 5060 Ti,42,MultiFieldQA-en,8,16,195,multi-hop,48.4592,0.0,0.0,0.0,0,1,1,1,93,349,349,349,48891895808,48891895808,48891895808,6.07,0.021,0.9,0.1,0.35,0.65,0.35,0.65
Qwen/Qwen2.5-7B-Instruct,NVIDIA GeForce RTX 5060 Ti,42,MultiFieldQA-en,8,16,196,multi-hop,49.2819,0.0,0.0,50.3454,0,1,1,0,109,365,365,365,53477580800,53477580800,53477580800,6.07,0.021,0.9,0.1,0.35,0.65,0.35,0.65
Qwen/Qwen2.5-7B-Instruct,NVIDIA GeForce RTX 5060 Ti,42,MultiFieldQA-en,8,16,197,semantic,48.1801,48.7732,0.0,48.2312,0,0,1,0,80,336,336,336,45317357568,45317357568,45317357568,6.07,0.021,0.9,0.1,0.35,0.65,0.35,0.65
Qwen/Qwen2.5-7B-Instruct,NVIDIA GeForce RTX 5060 Ti,42,MultiFieldQA-en,8,16,198,semantic,48.1323,0.0,0.0,0.0,0,1,1,1,92,348,348,348,48612114432,48612114432,48612114432,6.07,0.021,0.9,0.1,0.35,0.65,0.35,0.65
Qwen/Qwen2.5-7B-Instruct,NVIDIA GeForce RTX 5060 Ti,42,MultiFieldQA-en,8,16,199,semantic,47.1162,0.0,0.0,0.0,0,1,1,1,76,332,332,332,44244795392,44244795392,44244795392,6.07,0.021,0.9,0.1,0.35,0.65,0.35,0.65
Qwen/Qwen2.5-7B-Instruct,NVIDIA GeForce RTX 5060 Ti,42,MultiFieldQA-en,8,16,200,multi-hop,38.08,40.9156,38.4272,0.0,0,0,0,1,151,407,407,407,66492833792,66492833792,66492833792,6.07,0.021,0.9,0.1,0.35,0.65,0.35,0.65
Qwen/Qwen2.5-7B-Instruct,NVIDIA GeForce RTX 5060 Ti,42,MultiFieldQA-en,8,16,201,multi-hop,66.0234,0.0,0.0,65.954,0,1,1,0,138,394,394,394,62312972288,62312972288,62312972288,6.07,0.021,0.9,0.1,0.35,0.65,0.35,0.65
Qwen/Qwen2.5-7B-Instruct,NVIDIA GeForce RTX 5060 Ti,42,MultiFieldQA-en,8,16,202,semantic,47.9396,0.0,47.9415,48.9905,0,1,0,0,23,279,279,279,31246000128,31246000128,31246000128,6.07,0.021,0.9,0.1,0.35,0.65,0.35,0.65
Qwen/Qwen2.5-7B-Instruct,NVIDIA GeForce RTX 5060 Ti,42,MultiFieldQA-en,8,16,203,semantic,69.1007,0.0,0.0,0.0,0,1,1,1,53,309,309,309,38326837248,38326837248,38326837248,6.07,0.021,0.9,0.1,0.35,0.65,0.35,0.65
Qwen/Qwen2.5-7B-Instruct,NVIDIA GeForce RTX 5060 Ti,42,MultiFieldQA-en,8,16,204,multi-hop,51.6052,59.1142,0.0,0.0,0,0,1,1,104,360,360,360,52022476800,52022476800,52022476800,6.07,0.021,0.9,0.1,0.35,0.65,0.35,0.65
Qwen/Qwen2.5-7B-Instruct,NVIDIA GeForce RTX 5060 Ti,42,MultiFieldQA-en,8,16,205,multi-hop,45.3945,47.5018,46.9319,0.0,0,0,0,1,119,375,375,375,56448000000,56448000000,56448000000,6.07,0.021,0.9,0.1,0.35,0.65,0.35,0.65
Qwen/Qwen2.5-7B-Instruct,NVIDIA GeForce RTX 5060 Ti,42,MultiFieldQA-en,8,16,206,multi-hop,53.0054,0.0,0.0,54.5785,0,1,1,0,105,361,361,361,52311891968,52311891968,52311891968,6.07,0.021,0.9,0.1,0.35,0.65,0.35,0.65
Qwen/Qwen2.5-7B-Instruct,NVIDIA GeForce RTX 5060 Ti,42,MultiFieldQA-en,8,16,207,multi-hop,51.3754,0.0,0.0,47.3954,0,1,1,0,92,348,348,348,48612114432,48612114432,48612114432,6.07,0.021,0.9,0.1,0.35,0.65,0.35,0.65
Qwen/Qwen2.5-7B-Instruct,NVIDIA GeForce RTX 5060 Ti,42,MultiFieldQA-en,8,16,208,semantic,38.6257,0.0,0.0,0.0,0,1,1,1,5,104,133,133,4341628928,7100506112,7100506112,6.07,0.021,0.9,0.1,0.35,0.65,0.35,0.65
Qwen/Qwen2.5-7B-Instruct,NVIDIA GeForce RTX 5060 Ti,42,MultiFieldQA-en,8,16,209,semantic,43.7982,0.0,42.473,42.3897,0,1,0,0,247,503,503,503,101559836672,101559836672,101559836672,6.07,0.021,0.9,0.1,0.35,0.65,0.35,0.65
Qwen/Qwen2.5-7B-Instruct,NVIDIA GeForce RTX 5060 Ti,42,MultiFieldQA-en,8,16,210,multi-hop,47.5303,0.0,47.3209,48.2414,0,1,0,0,78,334,334,334,44779470848,44779470848,44779470848,6.07,0.021,0.9,0.1,0.35,0.65,0.35,0.65
Qwen/Qwen2.5-7B-Instruct,NVIDIA GeForce RTX 5060 Ti,42,MultiFieldQA-en,8,16,211,multi-hop,48.1273,47.5601,46.1238,47.4114,0,0,0,0,1,16,16,16,102760448,102760448,102760448,6.07,0.021,0.9,0.1,0.35,0.65,0.35,0.65
Qwen/Qwen2.5-7B-Instruct,NVIDIA GeForce RTX 5060 Ti,42,MultiFieldQA-en,8,16,212,semantic,46.7328,0.0,48.4422,0.0,0,1,0,1,19,275,275,275,30356480000,30356480000,30356480000,6.07,0.021,0.9,0.1,0.35,0.65,0.35,0.65
Qwen/Qwen2.5-7B-Instruct,NVIDIA GeForce RTX 5060 Ti,42,MultiFieldQA-en,8,16,213,structural,47.581,0.0,0.0,0.0,0,1,1,1,86,342,342,342,46950285312,46950285312,46950285312,6.07,0.021,0.9,0.1,0.35,0.65,0.35,0.65
Qwen/Qwen2.5-7B-Instruct,NVIDIA GeForce RTX 5060 Ti,42,MultiFieldQA-en,8,16,214,multi-hop,47.2647,0.0,0.0,47.975,0,1,1,0,77,333,333,333,44511731712,44511731712,44511731712,6.07,0.021,0.9,0.1,0.35,0.65,0.35,0.65
Qwen/Qwen2.5-7B-Instruct,NVIDIA GeForce RTX 5060 Ti,42,MultiFieldQA-en,8,16,215,multi-hop,49.7784,0.0,0.0,0.0,0,1,1,1,92,348,348,348,48612114432,48612114432,48612114432,6.07,0.021,0.9,0.1,0.35,0.65,0.35,0.65
Qwen/Qwen2.5-7B-Instruct,NVIDIA GeForce RTX 5060 Ti,42,MultiFieldQA-en,8,16,216,multi-hop,47.7417,0.0,0.0,54.1321,0,1,1,0,101,357,357,357,51159048192,51159048192,51159048192,6.07,0.021,0.9,0.1,0.35,0.65,0.35,0.65
Qwen/Qwen2.5-7B-Instruct,NVIDIA GeForce RTX 5060 Ti,42,MultiFieldQA-en,8,16,217,semantic,54.7608,0.0,0.0,0.0,0,1,1,1,94,350,350,350,49172480000,49172480000,49172480000,6.07,0.021,0.9,0.1,0.35,0.65,0.35,0.65
Qwen/Qwen2.5-7B-Instruct,NVIDIA GeForce RTX 5060 Ti,42,MultiFieldQA-en,8,16,218,semantic,51.2708,54.4634,0.0,0.0,0,0,1,1,138,394,394,394,62312972288,62312972288,62312972288,6.07,0.021,0.9,0.1,0.35,0.65,0.35,0.65
Qwen/Qwen2.5-7B-Instruct,NVIDIA GeForce RTX 5060 Ti,42,MultiFieldQA-en,8,16,219,structural,41.733,0.0,0.0,0.0,0,1,1,1,1,16,16,63,102760448,102760448,1593188352,6.07,0.021,0.9,0.1,0.35,0.65,0.35,0.65
Qwen/Qwen2.5-7B-Instruct,NVIDIA GeForce RTX 5060 Ti,42,MultiFieldQA-en,8,16,220,multi-hop,69.1392,0.0,0.0,0.0,0,1,1,1,11,267,267,267,28615974912,28615974912,28615974912,6.07,0.021,0.9,0.1,0.35,0.65,0.35,0.65
Qwen/Qwen2.5-7B-Instruct,NVIDIA GeForce RTX 5060 Ti,42,MultiFieldQA-en,8,16,221,semantic,51.3153,0.0,0.0,0.0,0,1,1,1,65,321,321,321,41361481728,41361481728,41361481728,6.07,0.021,0.9,0.1,0.35,0.65,0.35,0.65
Qwen/Qwen2.5-7B-Instruct,NVIDIA GeForce RTX 5060 Ti,42,MultiFieldQA-en,8,16,222,structural,56.0187,49.3604,47.1632,0.0,0,0,0,1,142,398,398,398,63584632832,63584632832,63584632832,6.07,0.021,0.9,0.1,0.35,0.65,0.35,0.65
Qwen/Qwen2.5-7B-Instruct,NVIDIA GeForce RTX 5060 Ti,42,MultiFieldQA-en,8,16,223,multi-hop,64.6467,0.0,66.1484,71.4447,0,1,0,0,48,304,304,304,37096521728,37096521728,37096521728,6.07,0.021,0.9,0.1,0.35,0.65,0.35,0.65
Qwen/Qwen2.5-7B-Instruct,NVIDIA GeForce RTX 5060 Ti,42,MultiFieldQA-en,8,16,224,multi-hop,40.7355,44.2446,0.0,0.0,0,0,1,1,121,377,377,377,57051717632,57051717632,57051717632,6.07,0.021,0.9,0.1,0.35,0.65,0.35,0.65
Qwen/Qwen2.5-7B-Instruct,NVIDIA GeForce RTX 5060 Ti,42,MultiFieldQA-en,8,16,225,structural,42.2936,44.5239,41.988,0.0,0,0,0,1,124,380,380,380,57963315200,57963315200,57963315200,6.07,0.021,0.9,0.1,0.35,0.65,0.35,0.65
Qwen/Qwen2.5-7B-Instruct,NVIDIA GeForce RTX 5060 Ti,42,MultiFieldQA-en,8,16,226,semantic,43.1047,0.0,0.0,0.0,0,1,1,1,37,293,293,293,34460475392,34460475392,34460475392,6.07,0.021,0.9,0.1,0.35,0.65,0.35,0.65
Qwen/Qwen2.5-7B-Instruct,NVIDIA GeForce RTX 5060 Ti,42,MultiFieldQA-en,8,16,227,semantic,65.2915,0.0,66.6687,66.8971,0,1,0,0,125,381,381,381,58268786688,58268786688,58268786688,6.07,0.021,0.9,0.1,0.35,0.65,0.35,0.65
Qwen/Qwen2.5-7B-Instruct,NVIDIA GeForce RTX 5060 Ti,42,MultiFieldQA-en,8,16,228,structural,40.1779,0.0,0.0,0.0,0,1,1,1,112,368,368,368,54360276992,54360276992,54360276992,6.07,0.021,0.9,0.1,0.35,0.65,0.35,0.65
Qwen/Qwen2.5-7B-Instruct,NVIDIA GeForce RTX 5060 Ti,42,MultiFieldQA-en,8,16,229,multi-hop,42.0905,0.0,42.662,45.1748,0,1,0,0,45,301,301,301,36367966208,36367966208,36367966208,6.07,0.021,0.9,0.1,0.35,0.65,0.35,0.65
Qwen/Qwen2.5-7B-Instruct,NVIDIA GeForce RTX 5060 Ti,42,MultiFieldQA-en,8,16,230,structural,45.446,46.9723,44.875,0.0,0,0,0,1,18,274,274,274,30136107008,30136107008,30136107008,6.07,0.021,0.9,0.1,0.35,0.65,0.35,0.65
Qwen/Qwen2.5-7B-Instruct,NVIDIA GeForce RTX 5060 Ti,42,MultiFieldQA-en,8,16,231,semantic,71.8071,0.0,72.3292,0.0,0,1,0,1,177,433,433,433,75259584512,75259584512,75259584512,6.07,0.021,0.9,0.1,0.35,0.65,0.35,0.65
Qwen/Qwen2.5-7B-Instruct,NVIDIA GeForce RTX 5060 Ti,42,MultiFieldQA-en,8,16,232,structural,51.8337,53.0487,52.0225,0.0,0,0,0,1,11,267,267,267,28615974912,28615974912,28615974912,6.07,0.021,0.9,0.1,0.35,0.65,0.35,0.65
Qwen/Qwen2.5-7B-Instruct,NVIDIA GeForce RTX 5060 Ti,42,MultiFieldQA-en,8,16,233,structural,52.4941,53.8332,53.7861,0.0,0,0,0,1,92,348,348,348,48612114432,48612114432,48612114432,6.07,0.021,0.9,0.1,0.35,0.65,0.35,0.65
Qwen/Qwen2.5-7B-Instruct,NVIDIA GeForce RTX 5060 Ti,42,MultiFieldQA-en,8,16,234,semantic,69.8775,0.0,0.0,0.0,0,1,1,1,114,370,370,370,54952755200,54952755200,54952755200,6.07,0.021,0.9,0.1,0.35,0.65,0.35,0.65
Qwen/Qwen2.5-7B-Instruct,NVIDIA GeForce RTX 5060 Ti,42,MultiFieldQA-en,8,16,235,multi-hop,0.0,0.0,0.0,0.0,1,1,1,1,125,381,381,381,58268786688,58268786688,58268786688,6.07,0.021,0.9,0.1,0.35,0.65,0.35,0.65
Qwen/Qwen2.5-7B-Instruct,NVIDIA GeForce RTX 5060 Ti,42,MultiFieldQA-en,8,16,236,multi-hop,46.2673,0.0,0.0,47.7979,0,1,1,0,136,392,392,263,61681958912,61681958912,27764989952,6.07,0.021,0.9,0.1,0.35,0.65,0.35,0.65
Qwen/Qwen2.5-7B-Instruct,NVIDIA GeForce RTX 5060 Ti,42,MultiFieldQA-en,8,16,237,structural,49.1001,49.8662,0.0,0.0,0,0,1,1,88,344,344,344,47501017088,47501017088,47501017088,6.07,0.021,0.9,0.1,0.35,0.65,0.35,0.65
Qwen/Qwen2.5-7B-Instruct,NVIDIA GeForce RTX 5060 Ti,42,MultiFieldQA-en,8,16,238,multi-hop,46.703,48.6452,47.0961,0.0,0,0,0,1,43,299,299,299,35886276608,35886276608,35886276608,6.07,0.021,0.9,0.1,0.35,0.65,0.35,0.65
Qwen/Qwen2.5-7B-Instruct,NVIDIA GeForce RTX 5060 Ti,42,MultiFieldQA-en,8,16,239,structural,63.45,71.2114,0.0,0.0,0,0,1,1,20,276,276,276,30577655808,30577655808,30577655808,6.07,0.021,0.9,0.1,0.35,0.65,0.35,0.65
Qwen/Qwen2.5-7B-Instruct,NVIDIA GeForce RTX 5060 Ti,42,MultiFieldQA-en,8,16,240,multi-hop,48.4942,0.0,0.0,49.5189,0,1,1,0,111,367,367,367,54065242112,54065242112,54065242112,6.07,0.021,0.9,0.1,0.35,0.65,0.35,0.65
Qwen/Qwen2.5-7B-Instruct,NVIDIA GeForce RTX 5060 Ti,42,MultiFieldQA-en,8,16,241,multi-hop,49.4326,0.0,48.5073,50.4019,0,1,0,0,122,378,378,378,57354780672,57354780672,57354780672,6.07,0.021,0.9,0.1,0.35,0.65,0.35,0.65
Qwen/Qwen2.5-7B-Instruct,NVIDIA GeForce RTX 5060 Ti,42,MultiFieldQA-en,8,16,242,multi-hop,47.9141,53.6746,53.9196,0.0,0,0,0,1,86,342,342,342,46950285312,46950285312,46950285312,6.07,0.021,0.9,0.1,0.35,0.65,0.35,0.65
Qwen/Qwen2.5-7B-Instruct,NVIDIA GeForce RTX 5060 Ti,42,MultiFieldQA-en,8,16,243,multi-hop,0.0,1018.7792,71.1103,71.3838,1,0,0,0,23,279,279,279,31246000128,31246000128,31246000128,6.07,0.021,0.9,0.1,0.35,0.65,0.35,0.65
Qwen/Qwen2.5-7B-Instruct,NVIDIA GeForce RTX 5060 Ti,42,MultiFieldQA-en,8,16,244,semantic,90.0026,0.0,0.0,0.0,0,1,1,1,289,545,545,545,119228211200,119228211200,119228211200,6.07,0.021,0.9,0.1,0.35,0.65,0.35,0.65
Qwen/Qwen2.5-7B-Instruct,NVIDIA GeForce RTX 5060 Ti,42,MultiFieldQA-en,8,16,245,multi-hop,68.7299,72.0602,71.7466,0.0,0,0,0,1,83,339,339,339,46130208768,46130208768,46130208768,6.07,0.021,0.9,0.1,0.35,0.65,0.35,0.65
Qwen/Qwen2.5-7B-Instruct,NVIDIA GeForce RTX 5060 Ti,42,MultiFieldQA-en,8,16,246,structural,52.5727,0.0,0.0,0.0,0,1,1,1,100,356,356,356,50872844288,50872844288,50872844288,6.07,0.021,0.9,0.1,0.35,0.65,0.35,0.65
Qwen/Qwen2.5-7B-Instruct,NVIDIA GeForce RTX 5060 Ti,42,MultiFieldQA-en,8,16,247,structural,53.9267,51.6747,0.0,0.0,0,0,1,1,37,293,293,293,34460475392,34460475392,34460475392,6.07,0.021,0.9,0.1,0.35,0.65,0.35,0.65
Qwen/Qwen2.5-7B-Instruct,NVIDIA GeForce RTX 5060 Ti,42,MultiFieldQA-en,8,16,248,semantic,48.8835,0.0,50.1535,54.8021,0,1,0,0,127,383,383,383,58882138112,58882138112,58882138112,6.07,0.021,0.9,0.1,0.35,0.65,0.35,0.65
Qwen/Qwen2.5-7B-Instruct,NVIDIA GeForce RTX 5060 Ti,42,MultiFieldQA-en,8,16,249,multi-hop,47.1474,0.0,48.0629,48.1252,0,1,0,0,33,289,289,289,33525997568,33525997568,33525997568,6.07,0.021,0.9,0.1,0.35,0.65,0.35,0.65
Qwen/Qwen2.5-7B-Instruct,NVIDIA GeForce RTX 5060 Ti,42,MultiFieldQA-en,8,16,250,semantic,65.9561,0.0,0.0,0.0,0,1,1,1,149,405,405,405,65840947200,65840947200,65840947200,6.07,0.021,0.9,0.1,0.35,0.65,0.35,0.65
Qwen/Qwen2.5-7B-Instruct,NVIDIA GeForce RTX 5060 Ti,42,MultiFieldQA-en,8,16,251,multi-hop,48.5969,50.2903,0.0,0.0,0,0,1,1,87,343,343,343,47225249792,47225249792,47225249792,6.07,0.021,0.9,0.1,0.35,0.65,0.35,0.65
Qwen/Qwen2.5-7B-Instruct,NVIDIA GeForce RTX 5060 Ti,42,MultiFieldQA-en,8,16,252,multi-hop,49.3502,0.0,0.0,0.0,0,1,1,1,86,342,342,342,46950285312,46950285312,46950285312,6.07,0.021,0.9,0.1,0.35,0.65,0.35,0.65
Qwen/Qwen2.5-7B-Instruct,NVIDIA GeForce RTX 5060 Ti,42,MultiFieldQA-en,8,16,253,multi-hop,48.9409,51.5485,48.933,50.2573,0,0,0,0,119,375,375,375,56448000000,56448000000,56448000000,6.07,0.021,0.9,0.1,0.35,0.65,0.35,0.65
Qwen/Qwen2.5-7B-Instruct,NVIDIA GeForce RTX 5060 Ti,42,MultiFieldQA-en,8,16,254,multi-hop,46.2151,48.1326,53.228,0.0,0,0,0,1,79,335,335,335,45048012800,45048012800,45048012800,6.07,0.021,0.9,0.1,0.35,0.65,0.35,0.65
Qwen/Qwen2.5-7B-Instruct,NVIDIA GeForce RTX 5060 Ti,42,MultiFieldQA-en,8,16,255,multi-hop,48.397,50.8439,0.0,0.0,0,0,1,1,48,304,304,304,37096521728,37096521728,37096521728,6.07,0.021,0.9,0.1,0.35,0.65,0.35,0.65
Qwen/Qwen2.5-7B-Instruct,NVIDIA GeForce RTX 5060 Ti,42,MultiFieldQA-en,8,16,256,multi-hop,52.4556,53.633,53.5,0.0,0,0,0,1,106,362,362,362,52602109952,52602109952,52602109952,6.07,0.021,0.9,0.1,0.35,0.65,0.35,0.65
Qwen/Qwen2.5-7B-Instruct,NVIDIA GeForce RTX 5060 Ti,42,MultiFieldQA-en,8,16,257,semantic,51.5597,0.0,0.0,0.0,0,1,1,1,109,365,365,365,53477580800,53477580800,53477580800,6.07,0.021,0.9,0.1,0.35,0.65,0.35,0.65
Qwen/Qwen2.5-7B-Instruct,NVIDIA GeForce RTX 5060 Ti,42,MultiFieldQA-en,8,16,258,multi-hop,70.1241,0.0,71.6601,71.7105,0,1,0,0,48,304,304,304,37096521728,37096521728,37096521728,6.07,0.021,0.9,0.1,0.35,0.65,0.35,0.65
Qwen/Qwen2.5-7B-Instruct,NVIDIA GeForce RTX 5060 Ti,42,MultiFieldQA-en,8,16,259,multi-hop,44.6163,0.0,45.7268,46.4416,0,1,0,0,118,374,374,374,56147345408,56147345408,56147345408,6.07,0.021,0.9,0.1,0.35,0.65,0.35,0.65
Qwen/Qwen2.5-7B-Instruct,NVIDIA GeForce RTX 5060 Ti,42,MultiFieldQA-en,8,16,260,structural,46.8751,43.9538,43.6558,43.5104,0,0,0,0,110,366,366,366,53771010048,53771010048,53771010048,6.07,0.021,0.9,0.1,0.35,0.65,0.35,0.65
Qwen/Qwen2.5-7B-Instruct,NVIDIA GeForce RTX 5060 Ti,42,MultiFieldQA-en,8,16,261,semantic,46.7044,0.0,0.0,0.0,0,1,1,1,101,357,357,357,51159048192,51159048192,51159048192,6.07,0.021,0.9,0.1,0.35,0.65,0.35,0.65
Qwen/Qwen2.5-7B-Instruct,NVIDIA GeForce RTX 5060 Ti,42,MultiFieldQA-en,8,16,262,multi-hop,48.654,50.2302,48.0168,0.0,0,0,0,1,6,224,262,262,20141047808,27554250752,27554250752,6.07,0.021,0.9,0.1,0.35,0.65,0.35,0.65
Qwen/Qwen2.5-7B-Instruct,NVIDIA GeForce RTX 5060 Ti,42,MultiFieldQA-en,8,16,263,semantic,63.1375,0.0,65.9996,66.4017,0,1,0,0,37,293,293,293,34460475392,34460475392,34460475392,6.07,0.021,0.9,0.1,0.35,0.65,0.35,0.65
Qwen/Qwen2.5-7B-Instruct,NVIDIA GeForce RTX 5060 Ti,42,MultiFieldQA-en,8,16,264,semantic,38.1786,0.0,0.0,0.0,0,1,1,1,1,16,16,16,102760448,102760448,102760448,6.07,0.021,0.9,0.1,0.35,0.65,0.35,0.65
Qwen/Qwen2.5-7B-Instruct,NVIDIA GeForce RTX 5060 Ti,42,MultiFieldQA-en,8,16,265,semantic,51.8616,0.0,47.5361,0.0,0,1,0,1,125,381,381,381,58268786688,58268786688,58268786688,6.07,0.021,0.9,0.1,0.35,0.65,0.35,0.65
Qwen/Qwen2.5-7B-Instruct,NVIDIA GeForce RTX 5060 Ti,42,MultiFieldQA-en,8,16,266,semantic,46.51,0.0,0.0,0.0,0,1,1,1,69,325,325,325,42398720000,42398720000,42398720000,6.07,0.021,0.9,0.1,0.35,0.65,0.35,0.65
Qwen/Qwen2.5-7B-Instruct,NVIDIA GeForce RTX 5060 Ti,42,MultiFieldQA-en,8,16,267,structural,46.3263,0.0,0.0,0.0,0,1,1,1,107,363,363,363,52893130752,52893130752,52893130752,6.07,0.021,0.9,0.1,0.35,0.65,0.35,0.65
Qwen/Qwen2.5-7B-Instruct,NVIDIA GeForce RTX 5060 Ti,42,MultiFieldQA-en,8,16,268,structural,48.5616,0.0,0.0,0.0,0,1,1,1,93,349,349,349,48891895808,48891895808,48891895808,6.07,0.021,0.9,0.1,0.35,0.65,0.35,0.65
Qwen/Qwen2.5-7B-Instruct,NVIDIA GeForce RTX 5060 Ti,42,MultiFieldQA-en,8,16,269,semantic,52.6007,0.0,47.3455,0.0,0,1,0,1,3,259,259,259,26926850048,26926850048,26926850048,6.07,0.021,0.9,0.1,0.35,0.65,0.35,0.65
Qwen/Qwen2.5-7B-Instruct,NVIDIA GeForce RTX 5060 Ti,42,MultiFieldQA-en,8,16,270,multi-hop,51.0346,0.0,0.0,54.2116,0,1,1,0,142,398,398,398,63584632832,63584632832,63584632832,6.07,0.021,0.9,0.1,0.35,0.65,0.35,0.65
Qwen/Qwen2.5-7B-Instruct,NVIDIA GeForce RTX 5060 Ti,42,MultiFieldQA-en,8,16,271,multi-hop,57.8558,0.0,53.7202,54.5388,0,1,0,0,110,366,366,366,53771010048,53771010048,53771010048,6.07,0.021,0.9,0.1,0.35,0.65,0.35,0.65
Qwen/Qwen2.5-7B-Instruct,NVIDIA GeForce RTX 5060 Ti,42,MultiFieldQA-en,8,16,272,semantic,52.5407,0.0,54.175,0.0,0,1,0,1,110,366,366,366,53771010048,53771010048,53771010048,6.07,0.021,0.9,0.1,0.35,0.65,0.35,0.65
Qwen/Qwen2.5-7B-Instruct,NVIDIA GeForce RTX 5060 Ti,42,MultiFieldQA-en,8,16,273,multi-hop,53.4293,54.1751,52.5488,0.0,0,0,0,1,93,349,349,349,48891895808,48891895808,48891895808,6.07,0.021,0.9,0.1,0.35,0.65,0.35,0.65
Qwen/Qwen2.5-7B-Instruct,NVIDIA GeForce RTX 5060 Ti,42,MultiFieldQA-en,8,16,274,multi-hop,51.6618,50.0812,0.0,0.0,0,0,1,1,114,370,370,370,54952755200,54952755200,54952755200,6.07,0.021,0.9,0.1,0.35,0.65,0.35,0.65
Qwen/Qwen2.5-7B-Instruct,NVIDIA GeForce RTX 5060 Ti,42,MultiFieldQA-en,8,16,275,multi-hop,47.279,0.0,49.5479,48.6455,0,1,0,0,20,276,276,276,30577655808,30577655808,30577655808,6.07,0.021,0.9,0.1,0.35,0.65,0.35,0.65
Qwen/Qwen2.5-7B-Instruct,NVIDIA GeForce RTX 5060 Ti,42,MultiFieldQA-en,8,16,276,multi-hop,47.1566,0.0,0.0,47.682,0,1,1,0,79,335,335,335,45048012800,45048012800,45048012800,6.07,0.021,0.9,0.1,0.35,0.65,0.35,0.65
Qwen/Qwen2.5-7B-Instruct,NVIDIA GeForce RTX 5060 Ti,42,MultiFieldQA-en,8,16,277,structural,65.3953,66.4315,0.0,0.0,0,0,1,1,141,397,397,397,63265513472,63265513472,63265513472,6.07,0.021,0.9,0.1,0.35,0.65,0.35,0.65
Qwen/Qwen2.5-7B-Instruct,NVIDIA GeForce RTX 5060 Ti,42,MultiFieldQA-en,8,16,278,multi-hop,68.1758,66.2038,64.834,64.7226,0,0,0,0,27,283,283,283,32148365312,32148365312,32148365312,6.07,0.021,0.9,0.1,0.35,0.65,0.35,0.65
Qwen/Qwen2.5-7B-Instruct,NVIDIA GeForce RTX 5060 Ti,42,MultiFieldQA-en,8,16,279,structural,47.5781,49.3374,53.4717,47.9124,0,0,0,0,120,376,376,376,56749457408,56749457408,56749457408,6.07,0.021,0.9,0.1,0.35,0.65,0.35,0.65
Qwen/Qwen2.5-7B-Instruct,NVIDIA GeForce RTX 5060 Ti,42,MultiFieldQA-en,8,16,280,multi-hop,46.8347,49.2884,49.1261,0.0,0,0,0,1,106,362,362,362,52602109952,52602109952,52602109952,6.07,0.021,0.9,0.1,0.35,0.65,0.35,0.65
Qwen/Qwen2.5-7B-Instruct,NVIDIA GeForce RTX 5060 Ti,42,MultiFieldQA-en,8,16,281,semantic,45.0437,0.0,0.0,0.0,0,1,1,1,135,391,391,391,61367656448,61367656448,61367656448,6.07,0.021,0.9,0.1,0.35,0.65,0.35,0.65
Qwen/Qwen2.5-7B-Instruct,NVIDIA GeForce RTX 5060 Ti,42,MultiFieldQA-en,8,16,282,semantic,54.0574,0.0,53.8174,53.9764,0,1,0,0,67,323,323,323,41878495232,41878495232,41878495232,6.07,0.021,0.9,0.1,0.35,0.65,0.35,0.65
Qwen/Qwen2.5-7B-Instruct,NVIDIA GeForce RTX 5060 Ti,42,MultiFieldQA-en,8,16,283,structural,45.2452,48.1469,46.5995,0.0,0,0,0,1,119,375,375,375,56448000000,56448000000,56448000000,6.07,0.021,0.9,0.1,0.35,0.65,0.35,0.65
Qwen/Qwen2.5-7B-Instruct,NVIDIA GeForce RTX 5060 Ti,42,MultiFieldQA-en,8,16,284,multi-hop,69.7688,68.2554,70.1201,71.0008,0,0,0,0,1,16,16,211,102760448,102760448,17871085568,6.07,0.021,0.9,0.1,0.35,0.65,0.35,0.65
Qwen/Qwen2.5-7B-Instruct,NVIDIA GeForce RTX 5060 Ti,42,MultiFieldQA-en,8,16,285,structural,51.8199,0.0,0.0,0.0,0,1,1,1,34,290,290,290,33758412800,33758412800,33758412800,6.07,0.021,0.9,0.1,0.35,0.65,0.35,0.65
Qwen/Qwen2.5-7B-Instruct,NVIDIA GeForce RTX 5060 Ti,42,MultiFieldQA-en,8,16,286,multi-hop,45.4644,0.0,0.0,0.0,0,1,1,1,101,357,357,357,51159048192,51159048192,51159048192,6.07,0.021,0.9,0.1,0.35,0.65,0.35,0.65
Qwen/Qwen2.5-7B-Instruct,NVIDIA GeForce RTX 5060 Ti,42,MultiFieldQA-en,8,16,287,structural,46.4248,43.1497,0.0,0.0,0,0,1,1,108,364,364,364,53184954368,53184954368,53184954368,6.07,0.021,0.9,0.1,0.35,0.65,0.35,0.65
Qwen/Qwen2.5-7B-Instruct,NVIDIA GeForce RTX 5060 Ti,42,MultiFieldQA-en,8,16,288,multi-hop,41.6528,0.0,44.1448,42.2031,0,1,0,0,84,340,340,340,46402764800,46402764800,46402764800,6.07,0.021,0.9,0.1,0.35,0.65,0.35,0.65
Qwen/Qwen2.5-7B-Instruct,NVIDIA GeForce RTX 5060 Ti,42,MultiFieldQA-en,8,16,289,multi-hop,46.5839,0.0,0.0,49.3709,0,1,1,0,23,279,279,279,31246000128,31246000128,31246000128,6.07,0.021,0.9,0.1,0.35,0.65,0.35,0.65
Qwen/Qwen2.5-7B-Instruct,NVIDIA GeForce RTX 5060 Ti,42,MultiFieldQA-en,8,16,290,semantic,64.9682,0.0,0.0,0.0,0,1,1,1,124,380,380,380,57963315200,57963315200,57963315200,6.07,0.021,0.9,0.1,0.35,0.65,0.35,0.65
Qwen/Qwen2.5-7B-Instruct,NVIDIA GeForce RTX 5060 Ti,42,MultiFieldQA-en,8,16,291,multi-hop,53.8463,49.8268,48.1457,0.0,0,0,0,1,67,323,323,323,41878495232,41878495232,41878495232,6.07,0.021,0.9,0.1,0.35,0.65,0.35,0.65
Qwen/Qwen2.5-7B-Instruct,NVIDIA GeForce RTX 5060 Ti,42,MultiFieldQA-en,8,16,292,multi-hop,48.8983,0.0,0.0,49.5107,0,1,1,0,110,366,366,366,53771010048,53771010048,53771010048,6.07,0.021,0.9,0.1,0.35,0.65,0.35,0.65
Qwen/Qwen2.5-7B-Instruct,NVIDIA GeForce RTX 5060 Ti,42,MultiFieldQA-en,8,16,293,multi-hop,64.7132,63.9124,63.8249,70.1067,0,0,0,0,5,104,133,261,4341628928,7100506112,27344314368,6.07,0.021,0.9,0.1,0.35,0.65,0.35,0.65
Qwen/Qwen2.5-7B-Instruct,NVIDIA GeForce RTX 5060 Ti,42,MultiFieldQA-en,8,16,294,multi-hop,51.4188,53.1825,0.0,0.0,0,0,1,1,104,360,360,360,52022476800,52022476800,52022476800,6.07,0.021,0.9,0.1,0.35,0.65,0.35,0.65
Qwen/Qwen2.5-7B-Instruct,NVIDIA GeForce RTX 5060 Ti,42,MultiFieldQA-en,8,16,295,semantic,46.1474,0.0,0.0,0.0,0,1,1,1,86,342,342,342,46950285312,46950285312,46950285312,6.07,0.021,0.9,0.1,0.35,0.65,0.35,0.65
Qwen/Qwen2.5-7B-Instruct,NVIDIA GeForce RTX 5060 Ti,42,MultiFieldQA-en,8,16,296,multi-hop,53.3586,54.7372,53.0176,0.0,0,0,0,1,21,277,277,277,30799634432,30799634432,30799634432,6.07,0.021,0.9,0.1,0.35,0.65,0.35,0.65
Qwen/Qwen2.5-7B-Instruct,NVIDIA GeForce RTX 5060 Ti,42,MultiFieldQA-en,8,16,297,multi-hop,45.9207,46.4679,53.9374,0.0,0,0,0,1,289,545,545,545,119228211200,119228211200,119228211200,6.07,0.021,0.9,0.1,0.35,0.65,0.35,0.65
Qwen/Qwen2.5-7B-Instruct,NVIDIA GeForce RTX 5060 Ti,42,MultiFieldQA-en,8,16,298,structural,54.4268,64.0342,50.5758,49.5231,0,0,0,0,103,359,359,359,51733864448,51733864448,51733864448,6.07,0.021,0.9,0.1,0.35,0.65,0.35,0.65
Qwen/Qwen2.5-7B-Instruct,NVIDIA GeForce RTX 5060 Ti,42,MultiFieldQA-en,8,16,299,semantic,40.1675,0.0,39.5218,39.8254,0,1,0,0,16,272,272,272,29697769472,29697769472,29697769472,6.07,0.021,0.9,0.1,0.35,0.65,0.35,0.65
Qwen/Qwen2.5-7B-Instruct,NVIDIA GeForce RTX 5060 Ti,42,MultiFieldQA-en,8,16,300,multi-hop,42.3696,0.0,42.9303,43.2416,0,1,0,0,71,327,327,327,42922156032,42922156032,42922156032,6.07,0.021,0.9,0.1,0.35,0.65,0.35,0.65
Qwen/Qwen2.5-7B-Instruct,NVIDIA GeForce RTX 5060 Ti,42,MultiFieldQA-en,8,16,301,multi-hop,48.4505,49.8167,0.0,0.0,0,0,1,1,81,337,337,337,45587505152,45587505152,45587505152,6.07,0.021,0.9,0.1,0.35,0.65,0.35,0.65
Qwen/Qwen2.5-7B-Instruct,NVIDIA GeForce RTX 5060 Ti,42,MultiFieldQA-en,8,16,302,structural,46.5128,50.0096,0.0,0.0,0,0,1,1,102,358,358,358,51446054912,51446054912,51446054912,6.07,0.021,0.9,0.1,0.35,0.65,0.35,0.65
Qwen/Qwen2.5-7B-Instruct,NVIDIA GeForce RTX 5060 Ti,42,MultiFieldQA-en,8,16,303,semantic,0.0,0.0,42.1438,42.9393,1,1,0,0,21,277,277,277,30799634432,30799634432,30799634432,6.07,0.021,0.9,0.1,0.35,0.65,0.35,0.65
Qwen/Qwen2.5-7B-Instruct,NVIDIA GeForce RTX 5060 Ti,42,MultiFieldQA-en,8,16,304,multi-hop,47.7535,0.0,0.0,47.4395,0,1,1,0,86,342,342,342,46950285312,46950285312,46950285312,6.07,0.021,0.9,0.1,0.35,0.65,0.35,0.65
Qwen/Qwen2.5-7B-Instruct,NVIDIA GeForce RTX 5060 Ti,42,MultiFieldQA-en,8,16,305,multi-hop,48.3749,0.0,49.4015,49.4281,0,1,0,0,106,362,362,362,52602109952,52602109952,52602109952,6.07,0.021,0.9,0.1,0.35,0.65,0.35,0.65
Qwen/Qwen2.5-7B-Instruct,NVIDIA GeForce RTX 5060 Ti,42,MultiFieldQA-en,8,16,306,semantic,40.4988,0.0,0.0,0.0,0,1,1,1,6,224,262,253,20141047808,27554250752,25693724672,6.07,0.021,0.9,0.1,0.35,0.65,0.35,0.65
Qwen/Qwen2.5-7B-Instruct,NVIDIA GeForce RTX 5060 Ti,42,MultiFieldQA-en,8,16,307,semantic,46.6093,0.0,0.0,0.0,0,1,1,1,92,348,348,348,48612114432,48612114432,48612114432,6.07,0.021,0.9,0.1,0.35,0.65,0.35,0.65
Qwen/Qwen2.5-7B-Instruct,NVIDIA GeForce RTX 5060 Ti,42,MultiFieldQA-en,8,16,308,multi-hop,45.0888,46.0689,45.7706,0.0,0,0,0,1,144,400,400,400,64225280000,64225280000,64225280000,6.07,0.021,0.9,0.1,0.35,0.65,0.35,0.65
Qwen/Qwen2.5-7B-Instruct,NVIDIA GeForce RTX 5060 Ti,42,MultiFieldQA-en,8,16,309,multi-hop,50.8603,0.0,0.0,0.0,0,1,1,1,13,269,269,269,29046284288,29046284288,29046284288,6.07,0.021,0.9,0.1,0.35,0.65,0.35,0.65
Qwen/Qwen2.5-7B-Instruct,NVIDIA GeForce RTX 5060 Ti,42,MultiFieldQA-en,8,16,310,structural,40.6771,40.8956,41.8146,40.9062,0,0,0,0,20,276,276,276,30577655808,30577655808,30577655808,6.07,0.021,0.9,0.1,0.35,0.65,0.35,0.65
Qwen/Qwen2.5-7B-Instruct,NVIDIA GeForce RTX 5060 Ti,42,MultiFieldQA-en,8,16,311,multi-hop,52.3424,52.6788,58.8646,0.0,0,0,0,1,88,344,344,344,47501017088,47501017088,47501017088,6.07,0.021,0.9,0.1,0.35,0.65,0.35,0.65
Qwen/Qwen2.5-7B-Instruct,NVIDIA GeForce RTX 5060 Ti,42,MultiFieldQA-en,8,16,312,multi-hop,51.9165,50.9446,48.2963,47.8286,0,0,0,0,85,341,341,341,46676123648,46676123648,46676123648,6.07,0.021,0.9,0.1,0.35,0.65,0.35,0.65
Qwen/Qwen2.5-7B-Instruct,NVIDIA GeForce RTX 5060 Ti,42,MultiFieldQA-en,8,16,313,structural,42.6896,46.6698,0.0,0.0,0,0,1,1,95,351,351,351,49453867008,49453867008,49453867008,6.07,0.021,0.9,0.1,0.35,0.65,0.35,0.65
Qwen/Qwen2.5-7B-Instruct,NVIDIA GeForce RTX 5060 Ti,42,MultiFieldQA-en,8,16,314,structural,48.5256,49.8137,0.0,0.0,0,0,1,1,77,333,333,333,44511731712,44511731712,44511731712,6.07,0.021,0.9,0.1,0.35,0.65,0.35,0.65
Qwen/Qwen2.5-7B-Instruct,NVIDIA GeForce RTX 5060 Ti,42,MultiFieldQA-en,8,16,315,multi-hop,64.1931,66.5635,65.8815,0.0,0,0,0,1,83,339,339,339,46130208768,46130208768,46130208768,6.07,0.021,0.9,0.1,0.35,0.65,0.35,0.65
Qwen/Qwen2.5-7B-Instruct,NVIDIA GeForce RTX 5060 Ti,42,MultiFieldQA-en,8,16,316,semantic,64.0145,0.0,0.0,0.0,0,1,1,1,135,391,391,391,61367656448,61367656448,61367656448,6.07,0.021,0.9,0.1,0.35,0.65,0.35,0.65
Qwen/Qwen2.5-7B-Instruct,NVIDIA GeForce RTX 5060 Ti,42,MultiFieldQA-en,8,16,317,multi-hop,52.1215,0.0,49.5604,48.4279,0,1,0,0,106,362,362,362,52602109952,52602109952,52602109952,6.07,0.021,0.9,0.1,0.35,0.65,0.35,0.65
Qwen/Qwen2.5-7B-Instruct,NVIDIA GeForce RTX 5060 Ti,42,MultiFieldQA-en,8,16,318,multi-hop,48.3793,0.0,0.0,50.8509,0,1,1,0,137,393,393,393,61997064192,61997064192,61997064192,6.07,0.021,0.9,0.1,0.35,0.65,0.35,0.65
Qwen/Qwen2.5-7B-Instruct,NVIDIA GeForce RTX 5060 Ti,42,MultiFieldQA-en,8,16,319,semantic,47.553,0.0,0.0,0.0,0,1,1,1,73,329,329,329,43448803328,43448803328,43448803328,6.07,0.021,0.9,0.1,0.35,0.65,0.35,0.65
Qwen/Qwen2.5-7B-Instruct,NVIDIA GeForce RTX 5060 Ti,42,MultiFieldQA-en,8,16,320,multi-hop,69.9276,0.0,0.0,0.0,0,1,1,1,177,433,433,433,75259584512,75259584512,75259584512,6.07,0.021,0.9,0.1,0.35,0.65,0.35,0.65
Qwen/Qwen2.5-7B-Instruct,NVIDIA GeForce RTX 5060 Ti,42,MultiFieldQA-en,8,16,321,multi-hop,53.1227,60.3044,0.0,0.0,0,0,1,1,119,375,375,375,56448000000,56448000000,56448000000,6.07,0.021,0.9,0.1,0.35,0.65,0.35,0.65
Qwen/Qwen2.5-7B-Instruct,NVIDIA GeForce RTX 5060 Ti,42,MultiFieldQA-en,8,16,322,multi-hop,51.3926,54.186,52.3435,0.0,0,0,0,1,88,344,344,344,47501017088,47501017088,47501017088,6.07,0.021,0.9,0.1,0.35,0.65,0.35,0.65
Qwen/Qwen2.5-7B-Instruct,NVIDIA GeForce RTX 5060 Ti,42,MultiFieldQA-en,8,16,323,structural,0.0,0.0,0.0,0.0,1,1,1,1,141,397,397,397,63265513472,63265513472,63265513472,6.07,0.021,0.9,0.1,0.35,0.65,0.35,0.65
Qwen/Qwen2.5-7B-Instruct,NVIDIA GeForce RTX 5060 Ti,42,MultiFieldQA-en,8,16,324,semantic,52.7887,0.0,0.0,0.0,0,1,1,1,10,266,266,266,28402024448,28402024448,28402024448,6.07,0.021,0.9,0.1,0.35,0.65,0.35,0.65
Qwen/Qwen2.5-7B-Instruct,NVIDIA GeForce RTX 5060 Ti,42,MultiFieldQA-en,8,16,325,semantic,53.3757,0.0,49.7206,48.9149,0,1,0,0,127,383,383,383,58882138112,58882138112,58882138112,6.07,0.021,0.9,0.1,0.35,0.65,0.35,0.65
Qwen/Qwen2.5-7B-Instruct,NVIDIA GeForce RTX 5060 Ti,42,MultiFieldQA-en,8,16,326,multi-hop,41.6392,42.3064,43.5483,0.0,0,0,0,1,116,372,372,372,55548444672,55548444672,55548444672,6.07,0.021,0.9,0.1,0.35,0.65,0.35,0.65
Qwen/Qwen2.5-7B-Instruct,NVIDIA GeForce RTX 5060 Ti,42,MultiFieldQA-en,8,16,327,structural,50.8566,0.0,0.0,0.0,0,1,1,1,151,407,407,407,66492833792,66492833792,66492833792,6.07,0.021,0.9,0.1,0.35,0.65,0.35,0.65
Qwen/Qwen2.5-7B-Instruct,NVIDIA GeForce RTX 5060 Ti,42,MultiFieldQA-en,8,16,328,multi-hop,48.1256,0.0,47.5136,49.0915,0,1,0,0,26,282,282,282,31921569792,31921569792,31921569792,6.07,0.021,0.9,0.1,0.35,0.65,0.35,0.65
Qwen/Qwen2.5-7B-Instruct,NVIDIA GeForce RTX 5060 Ti,42,MultiFieldQA-en,8,16,329,multi-hop,47.8401,0.0,0.0,0.0,0,1,1,1,104,360,360,360,52022476800,52022476800,52022476800,6.07,0.021,0.9,0.1,0.35,0.65,0.35,0.65
Qwen/Qwen2.5-7B-Instruct,NVIDIA GeForce RTX 5060 Ti,42,MultiFieldQA-en,8,16,330,structural,48.3296,49.7324,47.994,0.0,0,0,0,1,181,437,437,437,76656484352,76656484352,76656484352,6.07,0.021,0.9,0.1,0.35,0.65,0.35,0.65
Qwen/Qwen2.5-7B-Instruct,NVIDIA GeForce RTX 5060 Ti,42,MultiFieldQA-en,8,16,331,multi-hop,46.7796,0.0,49.1055,48.8356,0,1,0,0,23,279,279,279,31246000128,31246000128,31246000128,6.07,0.021,0.9,0.1,0.35,0.65,0.35,0.65
Qwen/Qwen2.5-7B-Instruct,NVIDIA GeForce RTX 5060 Ti,42,MultiFieldQA-en,8,16,332,multi-hop,49.547,0.0,0.0,0.0,0,1,1,1,107,363,363,363,52893130752,52893130752,52893130752,6.07,0.021,0.9,0.1,0.35,0.65,0.35,0.65
Qwen/Qwen2.5-7B-Instruct,NVIDIA GeForce RTX 5060 Ti,42,MultiFieldQA-en,8,16,333,semantic,0.0,0.0,0.0,0.0,1,1,1,1,117,373,373,373,55847493632,55847493632,55847493632,6.07,0.021,0.9,0.1,0.35,0.65,0.35,0.65
Qwen/Qwen2.5-7B-Instruct,NVIDIA GeForce RTX 5060 Ti,42,MultiFieldQA-en,8,16,334,semantic,44.7822,0.0,46.8089,46.0421,0,1,0,0,21,277,277,277,30799634432,30799634432,30799634432,6.07,0.021,0.9,0.1,0.35,0.65,0.35,0.65
Qwen/Qwen2.5-7B-Instruct,NVIDIA GeForce RTX 5060 Ti,42,MultiFieldQA-en,8,16,335,multi-hop,73.9216,72.47,72.403,72.338,0,0,0,0,135,391,391,391,61367656448,61367656448,61367656448,6.07,0.021,0.9,0.1,0.35,0.65,0.35,0.65
Qwen/Qwen2.5-7B-Instruct,NVIDIA GeForce RTX 5060 Ti,42,MultiFieldQA-en,8,16,336,multi-hop,53.8923,0.0,53.7453,57.9002,0,1,0,0,96,352,352,352,49736056832,49736056832,49736056832,6.07,0.021,0.9,0.1,0.35,0.65,0.35,0.65
Qwen/Qwen2.5-7B-Instruct,NVIDIA GeForce RTX 5060 Ti,42,MultiFieldQA-en,8,16,337,structural,52.8913,54.5532,0.0,0.0,0,0,1,1,100,356,356,356,50872844288,50872844288,50872844288,6.07,0.021,0.9,0.1,0.35,0.65,0.35,0.65
Qwen/Qwen2.5-7B-Instruct,NVIDIA GeForce RTX 5060 Ti,42,MultiFieldQA-en,8,16,338,multi-hop,0.0,0.0,0.0,0.0,1,1,1,1,114,370,370,370,54952755200,54952755200,54952755200,6.07,0.021,0.9,0.1,0.35,0.65,0.35,0.65
Qwen/Qwen2.5-7B-Instruct,NVIDIA GeForce RTX 5060 Ti,42,MultiFieldQA-en,8,16,339,multi-hop,52.566,0.0,50.1187,50.1908,0,1,0,0,72,328,328,328,43185078272,43185078272,43185078272,6.07,0.021,0.9,0.1,0.35,0.65,0.35,0.65
Qwen/Qwen2.5-7B-Instruct,NVIDIA GeForce RTX 5060 Ti,42,MultiFieldQA-en,8,16,340,semantic,49.0057,0.0,0.0,0.0,0,1,1,1,108,364,364,364,53184954368,53184954368,53184954368,6.07,0.021,0.9,0.1,0.35,0.65,0.35,0.65
Qwen/Qwen2.5-7B-Instruct,NVIDIA GeForce RTX 5060 Ti,42,MultiFieldQA-en,8,16,341,semantic,50.6811,0.0,0.0,0.0,0,1,1,1,89,345,345,345,47777587200,47777587200,47777587200,6.07,0.021,0.9,0.1,0.35,0.65,0.35,0.65
Qwen/Qwen2.5-7B-Instruct,NVIDIA GeForce RTX 5060 Ti,42,MultiFieldQA-en,8,16,342,multi-hop,64.1413,0.0,0.0,0.0,0,1,1,1,100,356,356,356,50872844288,50872844288,50872844288,6.07,0.021,0.9,0.1,0.35,0.65,0.35,0.65
Qwen/Qwen2.5-7B-Instruct,NVIDIA GeForce RTX 5060 Ti,42,MultiFieldQA-en,8,16,343,structural,51.9956,48.0121,48.4002,0.0,0,0,0,1,95,351,351,351,49453867008,49453867008,49453867008,6.07,0.021,0.9,0.1,0.35,0.65,0.35,0.65
Qwen/Qwen2.5-7B-Instruct,NVIDIA GeForce RTX 5060 Ti,42,MultiFieldQA-en,8,16,344,multi-hop,65.354,66.8772,66.8332,0.0,0,0,0,1,201,457,457,457,83833659392,83833659392,83833659392,6.07,0.021,0.9,0.1,0.35,0.65,0.35,0.65
Qwen/Qwen2.5-7B-Instruct,NVIDIA GeForce RTX 5060 Ti,42,MultiFieldQA-en,8,16,345,semantic,69.8196,0.0,0.0,0.0,0,1,1,1,53,309,309,309,38326837248,38326837248,38326837248,6.07,0.021,0.9,0.1,0.35,0.65,0.35,0.65
Qwen/Qwen2.5-7B-Instruct,NVIDIA GeForce RTX 5060 Ti,42,MultiFieldQA-en,8,16,346,semantic,53.3445,0.0,52.4947,0.0,0,1,0,1,99,355,355,355,50587443200,50587443200,50587443200,6.07,0.021,0.9,0.1,0.35,0.65,0.35,0.65
Qwen/Qwen2.5-7B-Instruct,NVIDIA GeForce RTX 5060 Ti,42,MultiFieldQA-en,8,16,347,structural,70.8195,72.4881,0.0,0.0,0,0,1,1,96,352,352,352,49736056832,49736056832,49736056832,6.07,0.021,0.9,0.1,0.35,0.65,0.35,0.65
Qwen/Qwen2.5-7B-Instruct,NVIDIA GeForce RTX 5060 Ti,42,MultiFieldQA-en,8,16,348,structural,70.0234,0.0,0.0,0.0,0,1,1,1,128,384,384,384,59190018048,59190018048,59190018048,6.07,0.021,0.9,0.1,0.35,0.65,0.35,0.65
Qwen/Qwen2.5-7B-Instruct,NVIDIA GeForce RTX 5060 Ti,42,MultiFieldQA-en,8,16,349,semantic,0.0,0.0,52.6834,0.0,1,1,0,1,99,355,355,355,50587443200,50587443200,50587443200,6.07,0.021,0.9,0.1,0.35,0.65,0.35,0.65
Qwen/Qwen2.5-7B-Instruct,NVIDIA GeForce RTX 5060 Ti,42,MultiFieldQA-en,8,16,350,semantic,52.488,0.0,0.0,0.0,0,1,1,1,116,372,372,372,55548444672,55548444672,55548444672,6.07,0.021,0.9,0.1,0.35,0.65,0.35,0.65
Qwen/Qwen2.5-7B-Instruct,NVIDIA GeForce RTX 5060 Ti,42,MultiFieldQA-en,8,16,351,multi-hop,40.8221,41.5151,42.9705,0.0,0,0,0,1,104,360,360,360,52022476800,52022476800,52022476800,6.07,0.021,0.9,0.1,0.35,0.65,0.35,0.65
Qwen/Qwen2.5-7B-Instruct,NVIDIA GeForce RTX 5060 Ti,42,MultiFieldQA-en,8,16,352,structural,48.6313,49.7584,48.2297,0.0,0,0,0,1,100,356,356,356,50872844288,50872844288,50872844288,6.07,0.021,0.9,0.1,0.35,0.65,0.35,0.65
Qwen/Qwen2.5-7B-Instruct,NVIDIA GeForce RTX 5060 Ti,42,MultiFieldQA-en,8,16,353,semantic,46.3227,0.0,47.6454,49.0753,0,1,0,0,110,366,366,366,53771010048,53771010048,53771010048,6.07,0.021,0.9,0.1,0.35,0.65,0.35,0.65
Qwen/Qwen2.5-7B-Instruct,NVIDIA GeForce RTX 5060 Ti,42,MultiFieldQA-en,8,16,354,semantic,66.3943,0.0,0.0,0.0,0,1,1,1,149,405,405,405,65840947200,65840947200,65840947200,6.07,0.021,0.9,0.1,0.35,0.65,0.35,0.65
Qwen/Qwen2.5-7B-Instruct,NVIDIA GeForce RTX 5060 Ti,42,MultiFieldQA-en,8,16,355,semantic,0.0,0.0,0.0,0.0,1,1,1,1,149,405,405,405,65840947200,65840947200,65840947200,6.07,0.021,0.9,0.1,0.35,0.65,0.35,0.65
Qwen/Qwen2.5-7B-Instruct,NVIDIA GeForce RTX 5060 Ti,42,MultiFieldQA-en,8,16,356,multi-hop,42.8024,43.7389,42.3055,0.0,0,0,0,1,71,327,327,327,42922156032,42922156032,42922156032,6.07,0.021,0.9,0.1,0.35,0.65,0.35,0.65
Qwen/Qwen2.5-7B-Instruct,NVIDIA GeForce RTX 5060 Ti,42,MultiFieldQA-en,8,16,357,structural,47.9015,0.0,0.0,0.0,0,1,1,1,78,334,334,334,44779470848,44779470848,44779470848,6.07,0.021,0.9,0.1,0.35,0.65,0.35,0.65
Qwen/Qwen2.5-7B-Instruct,NVIDIA GeForce RTX 5060 Ti,42,MultiFieldQA-en,8,16,358,multi-hop,48.1645,49.4947,48.2896,0.0,0,0,0,1,72,328,328,328,43185078272,43185078272,43185078272,6.07,0.021,0.9,0.1,0.35,0.65,0.35,0.65
Qwen/Qwen2.5-7B-Instruct,NVIDIA GeForce RTX 5060 Ti,42,MultiFieldQA-en,8,16,359,structural,47.292,52.066,50.7518,0.0,0,0,0,1,95,351,351,351,49453867008,49453867008,49453867008,6.07,0.021,0.9,0.1,0.35,0.65,0.35,0.65
Qwen/Qwen2.5-7B-Instruct,NVIDIA GeForce RTX 5060 Ti,42,MultiFieldQA-en,8,16,360,structural,52.454,55.3548,0.0,0.0,0,0,1,1,125,381,381,381,58268786688,58268786688,58268786688,6.07,0.021,0.9,0.1,0.35,0.65,0.35,0.65
Qwen/Qwen2.5-7B-Instruct,NVIDIA GeForce RTX 5060 Ti,42,MultiFieldQA-en,8,16,361,semantic,51.4083,0.0,45.9722,0.0,0,1,0,1,43,299,299,299,35886276608,35886276608,35886276608,6.07,0.021,0.9,0.1,0.35,0.65,0.35,0.65
Qwen/Qwen2.5-7B-Instruct,NVIDIA GeForce RTX 5060 Ti,42,MultiFieldQA-en,8,16,362,multi-hop,52.672,53.4833,53.8488,0.0,0,0,0,1,101,357,357,357,51159048192,51159048192,51159048192,6.07,0.021,0.9,0.1,0.35,0.65,0.35,0.65
Qwen/Qwen2.5-7B-Instruct,NVIDIA GeForce RTX 5060 Ti,42,MultiFieldQA-en,8,16,363,structural,71.5564,0.0,0.0,0.0,0,1,1,1,136,392,392,392,61681958912,61681958912,61681958912,6.07,0.021,0.9,0.1,0.35,0.65,0.35,0.65
Qwen/Qwen2.5-7B-Instruct,NVIDIA GeForce RTX 5060 Ti,42,MultiFieldQA-en,8,16,364,semantic,48.6847,0.0,0.0,0.0,0,1,1,1,55,311,311,311,38824583168,38824583168,38824583168,6.07,0.021,0.9,0.1,0.35,0.65,0.35,0.65
Qwen/Qwen2.5-7B-Instruct,NVIDIA GeForce RTX 5060 Ti,42,MultiFieldQA-en,8,16,365,semantic,53.2533,0.0,0.0,49.0263,0,1,1,0,95,351,351,351,49453867008,49453867008,49453867008,6.07,0.021,0.9,0.1,0.35,0.65,0.35,0.65
Qwen/Qwen2.5-7B-Instruct,NVIDIA GeForce RTX 5060 Ti,42,MultiFieldQA-en,8,16,366,multi-hop,48.0579,48.9568,49.5155,0.0,0,0,0,1,33,289,289,289,33525997568,33525997568,33525997568,6.07,0.021,0.9,0.1,0.35,0.65,0.35,0.65
Qwen/Qwen2.5-7B-Instruct,NVIDIA GeForce RTX 5060 Ti,42,MultiFieldQA-en,8,16,367,semantic,47.5889,0.0,0.0,0.0,0,1,1,1,86,342,342,342,46950285312,46950285312,46950285312,6.07,0.021,0.9,0.1,0.35,0.65,0.35,0.65
Qwen/Qwen2.5-7B-Instruct,NVIDIA GeForce RTX 5060 Ti,42,MultiFieldQA-en,8,16,368,semantic,42.2783,0.0,0.0,0.0,0,1,1,1,121,377,377,377,57051717632,57051717632,57051717632,6.07,0.021,0.9,0.1,0.35,0.65,0.35,0.65
Qwen/Qwen2.5-7B-Instruct,NVIDIA GeForce RTX 5060 Ti,42,MultiFieldQA-en,8,16,369,semantic,46.6565,0.0,0.0,0.0,0,1,1,1,86,342,342,342,46950285312,46950285312,46950285312,6.07,0.021,0.9,0.1,0.35,0.65,0.35,0.65
Qwen/Qwen2.5-7B-Instruct,NVIDIA GeForce RTX 5060 Ti,42,MultiFieldQA-en,8,16,370,multi-hop,39.5288,0.0,0.0,44.5456,0,1,1,0,10,210,266,266,17702092800,28402024448,28402024448,6.07,0.021,0.9,0.1,0.35,0.65,0.35,0.65
Qwen/Qwen2.5-7B-Instruct,NVIDIA GeForce RTX 5060 Ti,42,MultiFieldQA-en,8,16,371,semantic,42.7555,0.0,0.0,0.0,0,1,1,1,48,304,304,304,37096521728,37096521728,37096521728,6.07,0.021,0.9,0.1,0.35,0.65,0.35,0.65
Qwen/Qwen2.5-7B-Instruct,NVIDIA GeForce RTX 5060 Ti,42,MultiFieldQA-en,8,16,372,multi-hop,48.6493,0.0,0.0,0.0,0,1,1,1,106,362,362,362,52602109952,52602109952,52602109952,6.07,0.021,0.9,0.1,0.35,0.65,0.35,0.65
Qwen/Qwen2.5-7B-Instruct,NVIDIA GeForce RTX 5060 Ti,42,MultiFieldQA-en,8,16,373,multi-hop,60.2415,0.0,54.9685,54.235,0,1,0,0,100,356,356,356,50872844288,50872844288,50872844288,6.07,0.021,0.9,0.1,0.35,0.65,0.35,0.65
Qwen/Qwen2.5-7B-Instruct,NVIDIA GeForce RTX 5060 Ti,42,MultiFieldQA-en,8,16,374,structural,54.1987,53.8582,0.0,0.0,0,0,1,1,150,406,406,406,66166489088,66166489088,66166489088,6.07,0.021,0.9,0.1,0.35,0.65,0.35,0.65
Qwen/Qwen2.5-7B-Instruct,NVIDIA GeForce RTX 5060 Ti,42,MultiFieldQA-en,8,16,375,structural,50.0079,46.8516,46.2809,46.8951,0,0,0,0,92,348,348,348,48612114432,48612114432,48612114432,6.07,0.021,0.9,0.1,0.35,0.65,0.35,0.65
Qwen/Qwen2.5-7B-Instruct,NVIDIA GeForce RTX 5060 Ti,42,MultiFieldQA-en,8,16,376,multi-hop,52.7358,55.433,0.0,0.0,0,0,1,1,95,351,351,351,49453867008,49453867008,49453867008,6.07,0.021,0.9,0.1,0.35,0.65,0.35,0.65
Qwen/Qwen2.5-7B-Instruct,NVIDIA GeForce RTX 5060 Ti,42,MultiFieldQA-en,8,16,377,structural,44.9107,45.4255,46.3366,41.1932,0,0,0,0,86,342,342,342,46950285312,46950285312,46950285312,6.07,0.021,0.9,0.1,0.35,0.65,0.35,0.65
Qwen/Qwen2.5-7B-Instruct,NVIDIA GeForce RTX 5060 Ti,42,MultiFieldQA-en,8,16,378,multi-hop,39.4394,40.7981,45.3134,0.0,0,0,0,1,143,399,399,399,63904555008,63904555008,63904555008,6.07,0.021,0.9,0.1,0.35,0.65,0.35,0.65
Qwen/Qwen2.5-7B-Instruct,NVIDIA GeForce RTX 5060 Ti,42,MultiFieldQA-en,8,16,379,structural,47.7199,48.7639,0.0,0.0,0,0,1,1,92,348,348,348,48612114432,48612114432,48612114432,6.07,0.021,0.9,0.1,0.35,0.65,0.35,0.65
Qwen/Qwen2.5-7B-Instruct,NVIDIA GeForce RTX 5060 Ti,42,MultiFieldQA-en,8,16,380,semantic,65.7662,0.0,0.0,0.0,0,1,1,1,150,406,406,406,66166489088,66166489088,66166489088,6.07,0.021,0.9,0.1,0.35,0.65,0.35,0.65
Qwen/Qwen2.5-7B-Instruct,NVIDIA GeForce RTX 5060 Ti,42,MultiFieldQA-en,8,16,381,structural,50.5126,48.7549,47.9097,0.0,0,0,0,1,111,367,367,367,54065242112,54065242112,54065242112,6.07,0.021,0.9,0.1,0.35,0.65,0.35,0.65
Qwen/Qwen2.5-7B-Instruct,NVIDIA GeForce RTX 5060 Ti,42,MultiFieldQA-en,8,16,382,semantic,37.143,0.0,0.0,0.0,0,1,1,1,1,16,16,16,102760448,102760448,102760448,6.07,0.021,0.9,0.1,0.35,0.65,0.35,0.65
Qwen/Qwen2.5-7B-Instruct,NVIDIA GeForce RTX 5060 Ti,42,MultiFieldQA-en,8,16,383,multi-hop,84.3469,0.0,0.0,82.1996,0,1,1,0,19,275,275,275,30356480000,30356480000,30356480000,6.07,0.021,0.9,0.1,0.35,0.65,0.35,0.65
Qwen/Qwen2.5-7B-Instruct,NVIDIA GeForce RTX 5060 Ti,42,MultiFieldQA-en,8,16,384,structural,41.3519,41.853,42.2107,0.0,0,0,0,1,116,372,372,372,55548444672,55548444672,55548444672,6.07,0.021,0.9,0.1,0.35,0.65,0.35,0.65
Qwen/Qwen2.5-7B-Instruct,NVIDIA GeForce RTX 5060 Ti,42,MultiFieldQA-en,8,16,385,multi-hop,69.4976,0.0,0.0,0.0,0,1,1,1,184,440,440,440,77712588800,77712588800,77712588800,6.07,0.021,0.9,0.1,0.35,0.65,0.35,0.65
Qwen/Qwen2.5-7B-Instruct,NVIDIA GeForce RTX 5060 Ti,42,MultiFieldQA-en,8,16,386,semantic,46.8824,0.0,46.6977,48.2135,0,1,0,0,85,341,341,341,46676123648,46676123648,46676123648,6.07,0.021,0.9,0.1,0.35,0.65,0.35,0.65
Qwen/Qwen2.5-7B-Instruct,NVIDIA GeForce RTX 5060 Ti,42,MultiFieldQA-en,8,16,387,semantic,47.7789,0.0,0.0,0.0,0,1,1,1,70,326,326,326,42660036608,42660036608,42660036608,6.07,0.021,0.9,0.1,0.35,0.65,0.35,0.65
Qwen/Qwen2.5-7B-Instruct,NVIDIA GeForce RTX 5060 Ti,42,MultiFieldQA-en,8,16,388,multi-hop,46.3496,0.0,0.0,47.0928,0,1,1,0,99,355,355,355,50587443200,50587443200,50587443200,6.07,0.021,0.9,0.1,0.35,0.65,0.35,0.65
Qwen/Qwen2.5-7B-Instruct,NVIDIA GeForce RTX 5060 Ti,42,MultiFieldQA-en,8,16,389,semantic,49.2155,0.0,48.6242,0.0,0,1,0,1,81,337,337,337,45587505152,45587505152,45587505152,6.07,0.021,0.9,0.1,0.35,0.65,0.35,0.65
Qwen/Qwen2.5-7B-Instruct,NVIDIA GeForce RTX 5060 Ti,42,MultiFieldQA-en,8,16,390,multi-hop,41.6133,0.0,0.0,44.5282,0,1,1,0,67,323,323,323,41878495232,41878495232,41878495232,6.07,0.021,0.9,0.1,0.35,0.65,0.35,0.65
Qwen/Qwen2.5-7B-Instruct,NVIDIA GeForce RTX 5060 Ti,42,MultiFieldQA-en,8,16,391,multi-hop,57.4278,0.0,52.2692,52.4647,0,1,0,0,96,352,352,352,49736056832,49736056832,49736056832,6.07,0.021,0.9,0.1,0.35,0.65,0.35,0.65
Qwen/Qwen2.5-7B-Instruct,NVIDIA GeForce RTX 5060 Ti,42,MultiFieldQA-en,8,16,392,multi-hop,50.2228,0.0,52.962,50.8708,0,1,0,0,53,309,309,309,38326837248,38326837248,38326837248,6.07,0.021,0.9,0.1,0.35,0.65,0.35,0.65
Qwen/Qwen2.5-7B-Instruct,NVIDIA GeForce RTX 5060 Ti,42,MultiFieldQA-en,8,16,393,semantic,54.4784,0.0,0.0,0.0,0,1,1,1,107,363,363,363,52893130752,52893130752,52893130752,6.07,0.021,0.9,0.1,0.35,0.65,0.35,0.65
Qwen/Qwen2.5-7B-Instruct,NVIDIA GeForce RTX 5060 Ti,42,MultiFieldQA-en,8,16,394,multi-hop,43.6921,44.1265,0.0,0.0,0,0,1,1,108,364,364,364,53184954368,53184954368,53184954368,6.07,0.021,0.9,0.1,0.35,0.65,0.35,0.65
Qwen/Qwen2.5-7B-Instruct,NVIDIA GeForce RTX 5060 Ti,42,MultiFieldQA-en,8,16,395,multi-hop,58.1843,0.0,0.0,0.0,0,1,1,1,137,393,393,393,61997064192,61997064192,61997064192,6.07,0.021,0.9,0.1,0.35,0.65,0.35,0.65
Qwen/Qwen2.5-7B-Instruct,NVIDIA GeForce RTX 5060 Ti,42,MultiFieldQA-en,8,16,396,multi-hop,50.9616,52.0867,0.0,0.0,0,0,1,1,58,314,314,314,39577223168,39577223168,39577223168,6.07,0.021,0.9,0.1,0.35,0.65,0.35,0.65
Qwen/Qwen2.5-7B-Instruct,NVIDIA GeForce RTX 5060 Ti,42,MultiFieldQA-en,8,16,397,structural,50.7052,0.0,0.0,0.0,0,1,1,1,106,362,362,362,52602109952,52602109952,52602109952,6.07,0.021,0.9,0.1,0.35,0.65,0.35,0.65
Qwen/Qwen2.5-7B-Instruct,NVIDIA GeForce RTX 5060 Ti,42,MultiFieldQA-en,8,16,398,multi-hop,50.3541,51.7467,0.0,0.0,0,0,1,1,10,210,266,266,17702092800,28402024448,28402024448,6.07,0.021,0.9,0.1,0.35,0.65,0.35,0.65
Qwen/Qwen2.5-7B-Instruct,NVIDIA GeForce RTX 5060 Ti,42,MultiFieldQA-en,8,16,399,multi-hop,51.5458,0.0,53.7333,52.3743,0,1,0,0,60,316,316,316,40082997248,40082997248,40082997248,6.07,0.021,0.9,0.1,0.35,0.65,0.35,0.65
Qwen/Qwen2.5-7B-Instruct,NVIDIA GeForce RTX 5060 Ti,42,MultiFieldQA-en,8,16,400,multi-hop,49.7422,0.0,0.0,50.9631,0,1,1,0,23,279,279,279,31246000128,31246000128,31246000128,6.07,0.021,0.9,0.1,0.35,0.65,0.35,0.65
Qwen/Qwen2.5-7B-Instruct,NVIDIA GeForce RTX 5060 Ti,42,MultiFieldQA-en,8,16,401,structural,67.2341,65.3595,1036.9161,66.2272,0,0,0,0,1,16,16,16,102760448,102760448,102760448,6.07,0.021,0.9,0.1,0.35,0.65,0.35,0.65
Qwen/Qwen2.5-7B-Instruct,NVIDIA GeForce RTX 5060 Ti,42,MultiFieldQA-en,8,16,402,semantic,53.9321,0.0,0.0,0.0,0,1,1,1,128,384,384,384,59190018048,59190018048,59190018048,6.07,0.021,0.9,0.1,0.35,0.65,0.35,0.65
Qwen/Qwen2.5-7B-Instruct,NVIDIA GeForce RTX 5060 Ti,42,MultiFieldQA-en,8,16,403,multi-hop,89.2878,0.0,91.194,0.0,0,1,0,1,194,450,450,450,81285120000,81285120000,81285120000,6.07,0.021,0.9,0.1,0.35,0.65,0.35,0.65
Qwen/Qwen2.5-7B-Instruct,NVIDIA GeForce RTX 5060 Ti,42,MultiFieldQA-en,8,16,404,semantic,50.0208,0.0,0.0,0.0,0,1,1,1,73,329,329,329,43448803328,43448803328,43448803328,6.07,0.021,0.9,0.1,0.35,0.65,0.35,0.65
Qwen/Qwen2.5-7B-Instruct,NVIDIA GeForce RTX 5060 Ti,42,MultiFieldQA-en,8,16,405,structural,50.4194,51.2037,0.0,0.0,0,0,1,1,53,309,309,309,38326837248,38326837248,38326837248,6.07,0.021,0.9,0.1,0.35,0.65,0.35,0.65
Qwen/Qwen2.5-7B-Instruct,NVIDIA GeForce RTX 5060 Ti,42,MultiFieldQA-en,8,16,406,semantic,67.9596,0.0,0.0,0.0,0,1,1,1,115,371,371,371,55250198528,55250198528,55250198528,6.07,0.021,0.9,0.1,0.35,0.65,0.35,0.65
Qwen/Qwen2.5-7B-Instruct,NVIDIA GeForce RTX 5060 Ti,42,MultiFieldQA-en,8,16,407,multi-hop,47.0964,44.9292,45.5497,0.0,0,0,0,1,43,299,299,299,35886276608,35886276608,35886276608,6.07,0.021,0.9,0.1,0.35,0.65,0.35,0.65
Qwen/Qwen2.5-7B-Instruct,NVIDIA GeForce RTX 5060 Ti,42,MultiFieldQA-en,8,16,408,multi-hop,43.8779,0.0,45.3326,45.5496,0,1,0,0,43,299,299,299,35886276608,35886276608,35886276608,6.07,0.021,0.9,0.1,0.35,0.65,0.35,0.65
Qwen/Qwen2.5-7B-Instruct,NVIDIA GeForce RTX 5060 Ti,42,MultiFieldQA-en,8,16,409,semantic,50.8026,0.0,0.0,0.0,0,1,1,1,109,365,365,365,53477580800,53477580800,53477580800,6.07,0.021,0.9,0.1,0.35,0.65,0.35,0.65
Qwen/Qwen2.5-7B-Instruct,NVIDIA GeForce RTX 5060 Ti,42,MultiFieldQA-en,8,16,410,multi-hop,0.0,0.0,0.0,53.4172,1,1,1,0,137,393,393,393,61997064192,61997064192,61997064192,6.07,0.021,0.9,0.1,0.35,0.65,0.35,0.65
Qwen/Qwen2.5-7B-Instruct,NVIDIA GeForce RTX 5060 Ti,42,MultiFieldQA-en,8,16,411,structural,52.6626,50.9815,49.9424,50.1472,0,0,0,0,1,16,16,63,102760448,102760448,1593188352,6.07,0.021,0.9,0.1,0.35,0.65,0.35,0.65
Qwen/Qwen2.5-7B-Instruct,NVIDIA GeForce RTX 5060 Ti,42,MultiFieldQA-en,8,16,412,multi-hop,56.1027,0.0,53.0929,52.9349,0,1,0,0,159,415,415,415,69132492800,69132492800,69132492800,6.07,0.021,0.9,0.1,0.35,0.65,0.35,0.65
Qwen/Qwen2.5-7B-Instruct,NVIDIA GeForce RTX 5060 Ti,42,MultiFieldQA-en,8,16,413,multi-hop,51.4922,50.1553,0.0,55.2513,0,0,1,0,1,16,16,16,102760448,102760448,102760448,6.07,0.021,0.9,0.1,0.35,0.65,0.35,0.65
Qwen/Qwen2.5-7B-Instruct,NVIDIA GeForce RTX 5060 Ti,42,MultiFieldQA-en,8,16,414,multi-hop,52.3059,0.0,52.1877,51.139,0,1,0,0,85,341,341,341,46676123648,46676123648,46676123648,6.07,0.021,0.9,0.1,0.35,0.65,0.35,0.65
Qwen/Qwen2.5-7B-Instruct,NVIDIA GeForce RTX 5060 Ti,42,MultiFieldQA-en,8,16,415,semantic,43.5621,0.0,0.0,0.0,0,1,1,1,111,367,367,367,54065242112,54065242112,54065242112,6.07,0.021,0.9,0.1,0.35,0.65,0.35,0.65
Qwen/Qwen2.5-7B-Instruct,NVIDIA GeForce RTX 5060 Ti,42,MultiFieldQA-en,8,16,416,semantic,48.8847,0.0,0.0,0.0,0,1,1,1,78,334,334,334,44779470848,44779470848,44779470848,6.07,0.021,0.9,0.1,0.35,0.65,0.35,0.65
Qwen/Qwen2.5-7B-Instruct,NVIDIA GeForce RTX 5060 Ti,42,MultiFieldQA-en,8,16,417,semantic,44.0544,0.0,0.0,0.0,0,1,1,1,23,277,137,247,30799634432,7534026752,24489500672,6.07,0.021,0.9,0.1,0.35,0.65,0.35,0.65
Qwen/Qwen2.5-7B-Instruct,NVIDIA GeForce RTX 5060 Ti,42,MultiFieldQA-en,8,16,418,multi-hop,55.7095,50.5097,50.2825,0.0,0,0,0,1,101,357,357,357,51159048192,51159048192,51159048192,6.07,0.021,0.9,0.1,0.35,0.65,0.35,0.65
Qwen/Qwen2.5-7B-Instruct,NVIDIA GeForce RTX 5060 Ti,42,MultiFieldQA-en,8,16,419,multi-hop,51.5191,51.296,51.4858,0.0,0,0,0,1,103,359,359,359,51733864448,51733864448,51733864448,6.07,0.021,0.9,0.1,0.35,0.65,0.35,0.65
Qwen/Qwen2.5-7B-Instruct,NVIDIA GeForce RTX 5060 Ti,42,MultiFieldQA-en,8,16,420,structural,49.4348,50.5302,0.0,0.0,0,0,1,1,46,302,302,302,36610015232,36610015232,36610015232,6.07,0.021,0.9,0.1,0.35,0.65,0.35,0.65
Qwen/Qwen2.5-7B-Instruct,NVIDIA GeForce RTX 5060 Ti,42,MultiFieldQA-en,8,16,421,multi-hop,44.8835,44.4368,44.739,0.0,0,0,0,1,120,376,376,376,56749457408,56749457408,56749457408,6.07,0.021,0.9,0.1,0.35,0.65,0.35,0.65
Qwen/Qwen2.5-7B-Instruct,NVIDIA GeForce RTX 5060 Ti,42,MultiFieldQA-en,8,16,422,multi-hop,50.499,0.0,0.0,0.0,0,1,1,1,59,315,315,315,39829708800,39829708800,39829708800,6.07,0.021,0.9,0.1,0.35,0.65,0.35,0.65
Qwen/Qwen2.5-7B-Instruct,NVIDIA GeForce RTX 5060 Ti,42,MultiFieldQA-en,8,16,423,semantic,40.603,0.0,0.0,0.0,0,1,1,1,8,186,163,163,13887111168,10665009152,10665009152,6.07,0.021,0.9,0.1,0.35,0.65,0.35,0.65
Qwen/Qwen2.5-7B-Instruct,NVIDIA GeForce RTX 5060 Ti,42,MultiFieldQA-en,8,16,424,structural,68.1007,68.6859,0.0,0.0,0,0,1,1,155,411,411,411,67806240768,67806240768,67806240768,6.07,0.021,0.9,0.1,0.35,0.65,0.35,0.65
Qwen/Qwen2.5-7B-Instruct,NVIDIA GeForce RTX 5060 Ti,42,MultiFieldQA-en,8,16,425,semantic,49.0949,0.0,0.0,0.0,0,1,1,1,79,335,335,335,45048012800,45048012800,45048012800,6.07,0.021,0.9,0.1,0.35,0.65,0.35,0.65
Qwen/Qwen2.5-7B-Instruct,NVIDIA GeForce RTX 5060 Ti,42,MultiFieldQA-en,8,16,426,multi-hop,43.6603,45.4887,44.6388,0.0,0,0,0,1,158,414,414,414,68799725568,68799725568,68799725568,6.07,0.021,0.9,0.1,0.35,0.65,0.35,0.65
Qwen/Qwen2.5-7B-Instruct,NVIDIA GeForce RTX 5060 Ti,42,MultiFieldQA-en,8,16,427,semantic,56.206,0.0,0.0,0.0,0,1,1,1,33,289,289,289,33525997568,33525997568,33525997568,6.07,0.021,0.9,0.1,0.35,0.65,0.35,0.65
Qwen/Qwen2.5-7B-Instruct,NVIDIA GeForce RTX 5060 Ti,42,MultiFieldQA-en,8,16,428,semantic,42.4444,0.0,0.0,0.0,0,1,1,1,94,350,350,350,49172480000,49172480000,49172480000,6.07,0.021,0.9,0.1,0.35,0.65,0.35,0.65
Qwen/Qwen2.5-7B-Instruct,NVIDIA GeForce RTX 5060 Ti,42,MultiFieldQA-en,8,16,429,multi-hop,57.2625,50.7506,0.0,0.0,0,0,1,1,129,385,385,385,59498700800,59498700800,59498700800,6.07,0.021,0.9,0.1,0.35,0.65,0.35,0.65
Qwen/Qwen2.5-7B-Instruct,NVIDIA GeForce RTX 5060 Ti,42,MultiFieldQA-en,8,16,430,semantic,49.5956,0.0,49.0401,48.8168,0,1,0,0,93,349,349,349,48891895808,48891895808,48891895808,6.07,0.021,0.9,0.1,0.35,0.65,0.35,0.65
Qwen/Qwen2.5-7B-Instruct,NVIDIA GeForce RTX 5060 Ti,42,MultiFieldQA-en,8,16,431,multi-hop,48.3633,50.2129,50.1929,0.0,0,0,0,1,15,271,271,271,29479804928,29479804928,29479804928,6.07,0.021,0.9,0.1,0.35,0.65,0.35,0.65
Qwen/Qwen2.5-7B-Instruct,NVIDIA GeForce RTX 5060 Ti,42,MultiFieldQA-en,8,16,432,structural,50.745,52.7047,56.8799,0.0,0,0,0,1,66,322,322,322,41619587072,41619587072,41619587072,6.07,0.021,0.9,0.1,0.35,0.65,0.35,0.65
Qwen/Qwen2.5-7B-Instruct,NVIDIA GeForce RTX 5060 Ti,42,MultiFieldQA-en,8,16,433,structural,43.3154,45.5866,43.015,0.0,0,0,0,1,41,297,297,297,35407798272,35407798272,35407798272,6.07,0.021,0.9,0.1,0.35,0.65,0.35,0.65
Qwen/Qwen2.5-7B-Instruct,NVIDIA GeForce RTX 5060 Ti,42,MultiFieldQA-en,8,16,434,multi-hop,43.0773,43.7862,45.3056,0.0,0,0,0,1,111,367,367,367,54065242112,54065242112,54065242112,6.07,0.021,0.9,0.1,0.35,0.65,0.35,0.65
Qwen/Qwen2.5-7B-Instruct,NVIDIA GeForce RTX 5060 Ti,42,MultiFieldQA-en,8,16,435,structural,49.9302,51.6379,0.0,0.0,0,0,1,1,105,361,361,361,52311891968,52311891968,52311891968,6.07,0.021,0.9,0.1,0.35,0.65,0.35,0.65
Qwen/Qwen2.5-7B-Instruct,NVIDIA GeForce RTX 5060 Ti,42,MultiFieldQA-en,8,16,436,multi-hop,47.7306,0.0,50.1141,48.2603,0,1,0,0,17,273,273,273,29916536832,29916536832,29916536832,6.07,0.021,0.9,0.1,0.35,0.65,0.35,0.65
Qwen/Qwen2.5-7B-Instruct,NVIDIA GeForce RTX 5060 Ti,42,MultiFieldQA-en,8,16,437,multi-hop,42.5192,0.0,0.0,48.7244,0,1,1,0,134,390,390,390,61054156800,61054156800,61054156800,6.07,0.021,0.9,0.1,0.35,0.65,0.35,0.65
Qwen/Qwen2.5-7B-Instruct,NVIDIA GeForce RTX 5060 Ti,42,MultiFieldQA-en,8,16,438,multi-hop,41.5763,42.7773,41.4228,0.0,0,0,0,1,45,301,301,301,36367966208,36367966208,36367966208,6.07,0.021,0.9,0.1,0.35,0.65,0.35,0.65
Qwen/Qwen2.5-7B-Instruct,NVIDIA GeForce RTX 5060 Ti,42,MultiFieldQA-en,8,16,439,semantic,48.1541,0.0,49.5836,49.8968,0,1,0,0,21,277,277,277,30799634432,30799634432,30799634432,6.07,0.021,0.9,0.1,0.35,0.65,0.35,0.65
Qwen/Qwen2.5-7B-Instruct,NVIDIA GeForce RTX 5060 Ti,42,MultiFieldQA-en,8,16,440,multi-hop,48.7892,0.0,0.0,0.0,0,1,1,1,63,319,319,319,40847679488,40847679488,40847679488,6.07,0.021,0.9,0.1,0.35,0.65,0.35,0.65
Qwen/Qwen2.5-7B-Instruct,NVIDIA GeForce RTX 5060 Ti,42,MultiFieldQA-en,8,16,441,multi-hop,66.5469,0.0,0.0,0.0,0,1,1,1,111,367,367,367,54065242112,54065242112,54065242112,6.07,0.021,0.9,0.1,0.35,0.65,0.35,0.65
Qwen/Qwen2.5-7B-Instruct,NVIDIA GeForce RTX 5060 Ti,42,MultiFieldQA-en,8,16,442,semantic,50.633,0.0,0.0,0.0,0,1,1,1,156,412,412,412,68136599552,68136599552,68136599552,6.07,0.021,0.9,0.1,0.35,0.65,0.35,0.65
Qwen/Qwen2.5-7B-Instruct,NVIDIA GeForce RTX 5060 Ti,42,MultiFieldQA-en,8,16,443,structural,65.7903,69.1483,67.5102,0.0,0,0,0,1,11,267,267,267,28615974912,28615974912,28615974912,6.07,0.021,0.9,0.1,0.35,0.65,0.35,0.65
Qwen/Qwen2.5-7B-Instruct,NVIDIA GeForce RTX 5060 Ti,42,MultiFieldQA-en,8,16,444,multi-hop,67.4501,0.0,68.0053,69.3357,0,1,0,0,150,406,406,406,66166489088,66166489088,66166489088,6.07,0.021,0.9,0.1,0.35,0.65,0.35,0.65
Qwen/Qwen2.5-7B-Instruct,NVIDIA GeForce RTX 5060 Ti,42,MultiFieldQA-en,8,16,445,structural,43.8163,46.7878,42.7617,42.8396,0,0,0,0,1,16,16,16,102760448,102760448,102760448,6.07,0.021,0.9,0.1,0.35,0.65,0.35,0.65
Qwen/Qwen2.5-7B-Instruct,NVIDIA GeForce RTX 5060 Ti,42,MultiFieldQA-en,8,16,446,structural,48.4352,52.1395,0.0,0.0,0,0,1,1,106,362,362,362,52602109952,52602109952,52602109952,6.07,0.021,0.9,0.1,0.35,0.65,0.35,0.65
Qwen/Qwen2.5-7B-Instruct,NVIDIA GeForce RTX 5060 Ti,42,MultiFieldQA-en,8,16,447,multi-hop,54.7587,0.0,0.0,0.0,0,1,1,1,103,359,359,359,51733864448,51733864448,51733864448,6.07,0.021,0.9,0.1,0.35,0.65,0.35,0.65
Qwen/Qwen2.5-7B-Instruct,NVIDIA GeForce RTX 5060 Ti,42,MultiFieldQA-en,8,16,448,multi-hop,49.0409,49.7653,0.0,0.0,0,0,1,1,81,337,337,337,45587505152,45587505152,45587505152,6.07,0.021,0.9,0.1,0.35,0.65,0.35,0.65
Qwen/Qwen2.5-7B-Instruct,NVIDIA GeForce RTX 5060 Ti,42,MultiFieldQA-en,8,16,449,semantic,52.1455,0.0,0.0,0.0,0,1,1,1,83,339,339,339,46130208768,46130208768,46130208768,6.07,0.021,0.9,0.1,0.35,0.65,0.35,0.65
Qwen/Qwen2.5-7B-Instruct,NVIDIA GeForce RTX 5060 Ti,42,MultiFieldQA-en,8,16,450,structural,49.6603,51.8075,50.0706,0.0,0,0,0,1,76,332,332,332,44244795392,44244795392,44244795392,6.07,0.021,0.9,0.1,0.35,0.65,0.35,0.65
Qwen/Qwen2.5-7B-Instruct,NVIDIA GeForce RTX 5060 Ti,42,MultiFieldQA-en,8,16,451,semantic,50.1195,0.0,0.0,0.0,0,1,1,1,97,353,353,353,50019049472,50019049472,50019049472,6.07,0.021,0.9,0.1,0.35,0.65,0.35,0.65
Qwen/Qwen2.5-7B-Instruct,NVIDIA GeForce RTX 5060 Ti,42,MultiFieldQA-en,8,16,452,structural,50.0555,51.8745,50.0986,0.0,0,0,0,1,110,366,366,366,53771010048,53771010048,53771010048,6.07,0.021,0.9,0.1,0.35,0.65,0.35,0.65
Qwen/Qwen2.5-7B-Instruct,NVIDIA GeForce RTX 5060 Ti,42,MultiFieldQA-en,8,16,453,multi-hop,50.5041,0.0,0.0,53.4134,0,1,1,0,96,352,352,352,49736056832,49736056832,49736056832,6.07,0.021,0.9,0.1,0.35,0.65,0.35,0.65
Qwen/Qwen2.5-7B-Instruct,NVIDIA GeForce RTX 5060 Ti,42,MultiFieldQA-en,8,16,454,multi-hop,50.4904,53.2371,52.0757,0.0,0,0,0,1,96,352,352,352,49736056832,49736056832,49736056832,6.07,0.021,0.9,0.1,0.35,0.65,0.35,0.65
Qwen/Qwen2.5-7B-Instruct,NVIDIA GeForce RTX 5060 Ti,42,MultiFieldQA-en,8,16,455,semantic,67.1289,0.0,0.0,0.0,0,1,1,1,163,419,419,419,70471589888,70471589888,70471589888,6.07,0.021,0.9,0.1,0.35,0.65,0.35,0.65
Qwen/Qwen2.5-7B-Instruct,NVIDIA GeForce RTX 5060 Ti,42,MultiFieldQA-en,8,16,456,semantic,48.9858,0.0,51.946,0.0,0,1,0,1,20,276,276,276,30577655808,30577655808,30577655808,6.07,0.021,0.9,0.1,0.35,0.65,0.35,0.65
Qwen/Qwen2.5-7B-Instruct,NVIDIA GeForce RTX 5060 Ti,42,MultiFieldQA-en,8,16,457,multi-hop,44.5401,0.0,0.0,43.896,0,1,1,0,137,393,393,393,61997064192,61997064192,61997064192,6.07,0.021,0.9,0.1,0.35,0.65,0.35,0.65
Qwen/Qwen2.5-7B-Instruct,NVIDIA GeForce RTX 5060 Ti,42,MultiFieldQA-en,8,16,458,multi-hop,68.9004,0.0,74.3057,70.3504,0,1,0,0,150,406,406,406,66166489088,66166489088,66166489088,6.07,0.021,0.9,0.1,0.35,0.65,0.35,0.65
Qwen/Qwen2.5-7B-Instruct,NVIDIA GeForce RTX 5060 Ti,42,MultiFieldQA-en,8,16,459,multi-hop,43.0327,0.0,44.5588,43.2856,0,1,0,0,26,282,282,282,31921569792,31921569792,31921569792,6.07,0.021,0.9,0.1,0.35,0.65,0.35,0.65
Qwen/Qwen2.5-7B-Instruct,NVIDIA GeForce RTX 5060 Ti,42,MultiFieldQA-en,8,16,460,structural,50.7211,0.0,0.0,0.0,0,1,1,1,111,367,367,367,54065242112,54065242112,54065242112,6.07,0.021,0.9,0.1,0.35,0.65,0.35,0.65
Qwen/Qwen2.5-7B-Instruct,NVIDIA GeForce RTX 5060 Ti,42,MultiFieldQA-en,8,16,461,semantic,68.6915,0.0,0.0,0.0,0,1,1,1,158,414,414,414,68799725568,68799725568,68799725568,6.07,0.021,0.9,0.1,0.35,0.65,0.35,0.65
Qwen/Qwen2.5-7B-Instruct,NVIDIA GeForce RTX 5060 Ti,42,MultiFieldQA-en,8,16,462,structural,51.9064,0.0,57.4244,0.0,0,1,0,1,107,363,363,363,52893130752,52893130752,52893130752,6.07,0.021,0.9,0.1,0.35,0.65,0.35,0.65
Qwen/Qwen2.5-7B-Instruct,NVIDIA GeForce RTX 5060 Ti,42,MultiFieldQA-en,8,16,463,semantic,43.7512,0.0,0.0,0.0,0,1,1,1,73,329,329,329,43448803328,43448803328,43448803328,6.07,0.021,0.9,0.1,0.35,0.65,0.35,0.65
Qwen/Qwen2.5-7B-Instruct,NVIDIA GeForce RTX 5060 Ti,42,MultiFieldQA-en,8,16,464,multi-hop,44.7076,45.4106,45.2261,0.0,0,0,0,1,47,303,303,303,36852867072,36852867072,36852867072,6.07,0.021,0.9,0.1,0.35,0.65,0.35,0.65
Qwen/Qwen2.5-7B-Instruct,NVIDIA GeForce RTX 5060 Ti,42,MultiFieldQA-en,8,16,465,semantic,0.0,0.0,70.5043,70.1155,1,1,0,0,102,358,358,358,51446054912,51446054912,51446054912,6.07,0.021,0.9,0.1,0.35,0.65,0.35,0.65
Qwen/Qwen2.5-7B-Instruct,NVIDIA GeForce RTX 5060 Ti,42,MultiFieldQA-en,8,16,466,semantic,0.0,0.0,0.0,0.0,1,1,1,1,99,355,355,355,50587443200,50587443200,50587443200,6.07,0.021,0.9,0.1,0.35,0.65,0.35,0.65
Qwen/Qwen2.5-7B-Instruct,NVIDIA GeForce RTX 5060 Ti,42,MultiFieldQA-en,8,16,467,structural,0.0,51.9277,0.0,0.0,1,0,1,1,116,372,372,372,55548444672,55548444672,55548444672,6.07,0.021,0.9,0.1,0.35,0.65,0.35,0.65
Qwen/Qwen2.5-7B-Instruct,NVIDIA GeForce RTX 5060 Ti,42,MultiFieldQA-en,8,16,468,structural,50.3688,51.7229,50.1811,0.0,0,0,0,1,37,293,293,293,34460475392,34460475392,34460475392,6.07,0.021,0.9,0.1,0.35,0.65,0.35,0.65
Qwen/Qwen2.5-7B-Instruct,NVIDIA GeForce RTX 5060 Ti,42,MultiFieldQA-en,8,16,469,multi-hop,41.0768,42.4721,43.4994,0.0,0,0,0,1,91,347,347,347,48333135872,48333135872,48333135872,6.07,0.021,0.9,0.1,0.35,0.65,0.35,0.65
Qwen/Qwen2.5-7B-Instruct,NVIDIA GeForce RTX 5060 Ti,42,MultiFieldQA-en,8,16,470,multi-hop,51.3716,0.0,51.3269,48.2103,0,1,0,0,135,391,391,391,61367656448,61367656448,61367656448,6.07,0.021,0.9,0.1,0.35,0.65,0.35,0.65
Qwen/Qwen2.5-7B-Instruct,NVIDIA GeForce RTX 5060 Ti,42,MultiFieldQA-en,8,16,471,structural,46.3791,47.5964,48.013,0.0,0,0,0,1,63,319,319,319,40847679488,40847679488,40847679488,6.07,0.021,0.9,0.1,0.35,0.65,0.35,0.65
Qwen/Qwen2.5-7B-Instruct,NVIDIA GeForce RTX 5060 Ti,42,MultiFieldQA-en,8,16,472,multi-hop,51.8873,49.795,0.0,0.0,0,0,1,1,116,372,372,372,55548444672,55548444672,55548444672,6.07,0.021,0.9,0.1,0.35,0.65,0.35,0.65
Qwen/Qwen2.5-7B-Instruct,NVIDIA GeForce RTX 5060 Ti,42,MultiFieldQA-en,8,16,473,semantic,62.7011,0.0,63.5627,64.6973,0,1,0,0,114,370,370,370,54952755200,54952755200,54952755200,6.07,0.021,0.9,0.1,0.35,0.65,0.35,0.65
Qwen/Qwen2.5-7B-Instruct,NVIDIA GeForce RTX 5060 Ti,42,MultiFieldQA-en,8,16,474,multi-hop,46.9121,0.0,0.0,46.7428,0,1,1,0,86,342,342,342,46950285312,46950285312,46950285312,6.07,0.021,0.9,0.1,0.35,0.65,0.35,0.65
Qwen/Qwen2.5-7B-Instruct,NVIDIA GeForce RTX 5060 Ti,42,MultiFieldQA-en,8,16,475,multi-hop,48.1083,0.0,0.0,48.1379,0,1,1,0,137,393,393,393,61997064192,61997064192,61997064192,6.07,0.021,0.9,0.1,0.35,0.65,0.35,0.65
Qwen/Qwen2.5-7B-Instruct,NVIDIA GeForce RTX 5060 Ti,42,MultiFieldQA-en,8,16,476,multi-hop,51.4436,48.3868,0.0,0.0,0,0,1,1,61,317,317,317,40337088512,40337088512,40337088512,6.07,0.021,0.9,0.1,0.35,0.65,0.35,0.65
Qwen/Qwen2.5-7B-Instruct,NVIDIA GeForce RTX 5060 Ti,42,MultiFieldQA-en,8,16,477,multi-hop,62.635,0.0,0.0,0.0,0,1,1,1,47,303,303,303,36852867072,36852867072,36852867072,6.07,0.021,0.9,0.1,0.35,0.65,0.35,0.65
Qwen/Qwen2.5-7B-Instruct,NVIDIA GeForce RTX 5060 Ti,42,MultiFieldQA-en,8,16,478,structural,48.1278,47.2187,47.3523,50.1576,0,0,0,0,5,104,133,261,4341628928,7100506112,27344314368,6.07,0.021,0.9,0.1,0.35,0.65,0.35,0.65
Qwen/Qwen2.5-7B-Instruct,NVIDIA GeForce RTX 5060 Ti,42,MultiFieldQA-en,8,16,479,structural,51.9628,58.2055,50.4329,0.0,0,0,0,1,96,352,352,352,49736056832,49736056832,49736056832,6.07,0.021,0.9,0.1,0.35,0.65,0.35,0.65
Qwen/Qwen2.5-7B-Instruct,NVIDIA GeForce RTX 5060 Ti,42,MultiFieldQA-en,8,16,480,semantic,49.5923,0.0,0.0,0.0,0,1,1,1,78,334,334,334,44779470848,44779470848,44779470848,6.07,0.021,0.9,0.1,0.35,0.65,0.35,0.65
Qwen/Qwen2.5-7B-Instruct,NVIDIA GeForce RTX 5060 Ti,42,MultiFieldQA-en,8,16,481,multi-hop,68.8464,70.3498,69.0024,0.0,0,0,0,1,150,406,406,406,66166489088,66166489088,66166489088,6.07,0.021,0.9,0.1,0.35,0.65,0.35,0.65
Qwen/Qwen2.5-7B-Instruct,NVIDIA GeForce RTX 5060 Ti,42,MultiFieldQA-en,8,16,482,structural,66.2945,68.2034,0.0,0.0,0,0,1,1,114,370,370,370,54952755200,54952755200,54952755200,6.07,0.021,0.9,0.1,0.35,0.65,0.35,0.65
Qwen/Qwen2.5-7B-Instruct,NVIDIA GeForce RTX 5060 Ti,42,MultiFieldQA-en,8,16,483,structural,39.0737,42.9593,40.0732,39.1465,0,0,0,0,5,104,133,261,4341628928,7100506112,27344314368,6.07,0.021,0.9,0.1,0.35,0.65,0.35,0.65
Qwen/Qwen2.5-7B-Instruct,NVIDIA GeForce RTX 5060 Ti,42,MultiFieldQA-en,8,16,484,multi-hop,44.2841,43.7676,0.0,0.0,0,0,1,1,111,367,367,367,54065242112,54065242112,54065242112,6.07,0.021,0.9,0.1,0.35,0.65,0.35,0.65
Qwen/Qwen2.5-7B-Instruct,NVIDIA GeForce RTX 5060 Ti,42,MultiFieldQA-en,8,16,485,multi-hop,49.2447,52.2778,0.0,0.0,0,0,1,1,110,366,366,366,53771010048,53771010048,53771010048,6.07,0.021,0.9,0.1,0.35,0.65,0.35,0.65
Qwen/Qwen2.5-7B-Instruct,NVIDIA GeForce RTX 5060 Ti,42,MultiFieldQA-en,8,16,486,multi-hop,49.2001,0.0,50.0303,49.9366,0,1,0,0,110,366,366,366,53771010048,53771010048,53771010048,6.07,0.021,0.9,0.1,0.35,0.65,0.35,0.65
Qwen/Qwen2.5-7B-Instruct,NVIDIA GeForce RTX 5060 Ti,42,MultiFieldQA-en,8,16,487,semantic,48.7221,0.0,0.0,49.6706,0,1,1,0,122,378,378,378,57354780672,57354780672,57354780672,6.07,0.021,0.9,0.1,0.35,0.65,0.35,0.65
Qwen/Qwen2.5-7B-Instruct,NVIDIA GeForce RTX 5060 Ti,42,MultiFieldQA-en,8,16,488,multi-hop,50.4379,0.0,0.0,51.8219,0,1,1,0,45,301,301,301,36367966208,36367966208,36367966208,6.07,0.021,0.9,0.1,0.35,0.65,0.35,0.65
Qwen/Qwen2.5-7B-Instruct,NVIDIA GeForce RTX 5060 Ti,42,MultiFieldQA-en,8,16,489,multi-hop,56.3221,0.0,0.0,0.0,0,1,1,1,142,398,398,398,63584632832,63584632832,63584632832,6.07,0.021,0.9,0.1,0.35,0.65,0.35,0.65
Qwen/Qwen2.5-7B-Instruct,NVIDIA GeForce RTX 5060 Ti,42,MultiFieldQA-en,8,16,490,structural,41.6707,42.4648,42.578,0.0,0,0,0,1,32,288,288,288,33294385152,33294385152,33294385152,6.07,0.021,0.9,0.1,0.35,0.65,0.35,0.65
Qwen/Qwen2.5-7B-Instruct,NVIDIA GeForce RTX 5060 Ti,42,MultiFieldQA-en,8,16,491,structural,51.5778,51.6311,51.4995,0.0,0,0,0,1,5,186,163,261,13887111168,10665009152,27344314368,6.07,0.021,0.9,0.1,0.35,0.65,0.35,0.65
Qwen/Qwen2.5-7B-Instruct,NVIDIA GeForce RTX 5060 Ti,42,MultiFieldQA-en,8,16,492,structural,44.0122,43.8749,43.2474,45.2434,0,0,0,0,86,342,342,342,46950285312,46950285312,46950285312,6.07,0.021,0.9,0.1,0.35,0.65,0.35,0.65
Qwen/Qwen2.5-7B-Instruct,NVIDIA GeForce RTX 5060 Ti,42,MultiFieldQA-en,8,16,493,multi-hop,51.8434,0.0,0.0,0.0,0,1,1,1,85,341,341,341,46676123648,46676123648,46676123648,6.07,0.021,0.9,0.1,0.35,0.65,0.35,0.65
Qwen/Qwen2.5-7B-Instruct,NVIDIA GeForce RTX 5060 Ti,42,MultiFieldQA-en,8,16,494,multi-hop,38.8808,39.8942,40.6139,39.0221,0,0,0,0,100,356,356,356,50872844288,50872844288,50872844288,6.07,0.021,0.9,0.1,0.35,0.65,0.35,0.65
Qwen/Qwen2.5-7B-Instruct,NVIDIA GeForce RTX 5060 Ti,42,MultiFieldQA-en,8,16,495,structural,0.0,50.7131,0.0,0.0,1,0,1,1,121,377,377,377,57051717632,57051717632,57051717632,6.07,0.021,0.9,0.1,0.35,0.65,0.35,0.65
Qwen/Qwen2.5-7B-Instruct,NVIDIA GeForce RTX 5060 Ti,42,MultiFieldQA-en,8,16,496,structural,49.1158,56.8073,0.0,0.0,0,0,1,1,34,290,290,290,33758412800,33758412800,33758412800,6.07,0.021,0.9,0.1,0.35,0.65,0.35,0.65
Qwen/Qwen2.5-7B-Instruct,NVIDIA GeForce RTX 5060 Ti,42,MultiFieldQA-en,8,16,497,semantic,68.3804,0.0,0.0,0.0,0,1,1,1,150,406,406,406,66166489088,66166489088,66166489088,6.07,0.021,0.9,0.1,0.35,0.65,0.35,0.65
Qwen/Qwen2.5-7B-Instruct,NVIDIA GeForce RTX 5060 Ti,42,MultiFieldQA-en,8,16,498,multi-hop,51.0911,0.0,52.9195,50.7993,0,1,0,0,53,309,309,309,38326837248,38326837248,38326837248,6.07,0.021,0.9,0.1,0.35,0.65,0.35,0.65
Qwen/Qwen2.5-7B-Instruct,NVIDIA GeForce RTX 5060 Ti,42,MultiFieldQA-en,8,16,499,semantic,0.0,0.0,0.0,0.0,1,1,1,1,86,342,342,342,46950285312,46950285312,46950285312,6.07,0.021,0.9,0.1,0.35,0.65,0.35,0.65
Qwen/Qwen2.5-7B-Instruct,NVIDIA GeForce RTX 5060 Ti,42,MultiFieldQA-en,8,16,500,structural,49.1223,49.3809,48.2653,49.8673,0,0,0,0,58,314,314,314,39577223168,39577223168,39577223168,6.07,0.021,0.9,0.1,0.35,0.65,0.35,0.65
Qwen/Qwen2.5-7B-Instruct,NVIDIA GeForce RTX 5060 Ti,42,MultiFieldQA-en,8,16,501,multi-hop,0.0,0.0,68.9896,69.35,1,1,0,0,94,350,350,350,49172480000,49172480000,49172480000,6.07,0.021,0.9,0.1,0.35,0.65,0.35,0.65
Qwen/Qwen2.5-7B-Instruct,NVIDIA GeForce RTX 5060 Ti,42,MultiFieldQA-en,8,16,502,multi-hop,40.4389,42.8264,42.7233,0.0,0,0,0,1,32,288,288,288,33294385152,33294385152,33294385152,6.07,0.021,0.9,0.1,0.35,0.65,0.35,0.65
Qwen/Qwen2.5-7B-Instruct,NVIDIA GeForce RTX 5060 Ti,42,MultiFieldQA-en,8,16,503,structural,50.8961,53.4028,49.974,0.0,0,0,0,1,96,352,352,352,49736056832,49736056832,49736056832,6.07,0.021,0.9,0.1,0.35,0.65,0.35,0.65
Qwen/Qwen2.5-7B-Instruct,NVIDIA GeForce RTX 5060 Ti,42,MultiFieldQA-en,8,16,504,structural,51.5786,0.0,0.0,0.0,0,1,1,1,201,457,457,457,83833659392,83833659392,83833659392,6.07,0.021,0.9,0.1,0.35,0.65,0.35,0.65
Qwen/Qwen2.5-7B-Instruct,NVIDIA GeForce RTX 5060 Ti,42,MultiFieldQA-en,8,16,505,multi-hop,48.8811,51.9283,50.0869,0.0,0,0,0,1,106,362,362,362,52602109952,52602109952,52602109952,6.07,0.021,0.9,0.1,0.35,0.65,0.35,0.65
Qwen/Qwen2.5-7B-Instruct,NVIDIA GeForce RTX 5060 Ti,42,MultiFieldQA-en,8,16,506,multi-hop,49.3748,0.0,0.0,51.9518,0,1,1,0,111,367,367,367,54065242112,54065242112,54065242112,6.07,0.021,0.9,0.1,0.35,0.65,0.35,0.65
Qwen/Qwen2.5-7B-Instruct,NVIDIA GeForce RTX 5060 Ti,42,MultiFieldQA-en,8,16,507,multi-hop,66.6353,69.457,68.6717,0.0,0,0,0,1,11,267,267,267,28615974912,28615974912,28615974912,6.07,0.021,0.9,0.1,0.35,0.65,0.35,0.65
Qwen/Qwen2.5-7B-Instruct,NVIDIA GeForce RTX 5060 Ti,42,MultiFieldQA-en,8,16,508,structural,1041.2909,0.0,0.0,0.0,0,1,1,1,34,290,290,290,33758412800,33758412800,33758412800,6.07,0.021,0.9,0.1,0.35,0.65,0.35,0.65
Qwen/Qwen2.5-7B-Instruct,NVIDIA GeForce RTX 5060 Ti,42,MultiFieldQA-en,8,16,509,structural,54.6358,0.0,56.6097,0.0,0,1,0,1,46,302,302,302,36610015232,36610015232,36610015232,6.07,0.021,0.9,0.1,0.35,0.65,0.35,0.65
Qwen/Qwen2.5-7B-Instruct,NVIDIA GeForce RTX 5060 Ti,42,MultiFieldQA-en,8,16,510,semantic,50.973,0.0,0.0,0.0,0,1,1,1,110,366,366,366,53771010048,53771010048,53771010048,6.07,0.021,0.9,0.1,0.35,0.65,0.35,0.65
Qwen/Qwen2.5-7B-Instruct,NVIDIA GeForce RTX 5060 Ti,42,MultiFieldQA-en,8,16,511,structural,51.1286,0.0,0.0,0.0,0,1,1,1,90,346,346,346,48054960128,48054960128,48054960128,6.07,0.021,0.9,0.1,0.35,0.65,0.35,0.65
Qwen/Qwen2.5-7B-Instruct,NVIDIA GeForce RTX 5060 Ti,42,MultiFieldQA-en,8,16,512,multi-hop,49.6187,50.9828,0.0,0.0,0,0,1,1,17,273,273,273,29916536832,29916536832,29916536832,6.07,0.021,0.9,0.1,0.35,0.65,0.35,0.65
Qwen/Qwen2.5-7B-Instruct,NVIDIA GeForce RTX 5060 Ti,42,MultiFieldQA-en,8,16,513,multi-hop,55.6268,0.0,0.0,0.0,0,1,1,1,122,378,378,378,57354780672,57354780672,57354780672,6.07,0.021,0.9,0.1,0.35,0.65,0.35,0.65
Qwen/Qwen2.5-7B-Instruct,NVIDIA GeForce RTX 5060 Ti,42,MultiFieldQA-en,8,16,514,multi-hop,43.5961,46.8374,0.0,0.0,0,0,1,1,91,347,347,347,48333135872,48333135872,48333135872,6.07,0.021,0.9,0.1,0.35,0.65,0.35,0.65
Qwen/Qwen2.5-7B-Instruct,NVIDIA GeForce RTX 5060 Ti,42,MultiFieldQA-en,8,16,515,structural,68.9984,70.2417,0.0,0.0,0,0,1,1,121,377,377,377,57051717632,57051717632,57051717632,6.07,0.021,0.9,0.1,0.35,0.65,0.35,0.65
Qwen/Qwen2.5-7B-Instruct,NVIDIA GeForce RTX 5060 Ti,42,MultiFieldQA-en,8,16,516,multi-hop,51.7917,0.0,0.0,52.1747,0,1,1,0,55,311,311,311,38824583168,38824583168,38824583168,6.07,0.021,0.9,0.1,0.35,0.65,0.35,0.65
Qwen/Qwen2.5-7B-Instruct,NVIDIA GeForce RTX 5060 Ti,42,MultiFieldQA-en,8,16,517,multi-hop,53.6357,0.0,51.6936,51.4654,0,1,0,0,125,381,381,381,58268786688,58268786688,58268786688,6.07,0.021,0.9,0.1,0.35,0.65,0.35,0.65
Qwen/Qwen2.5-7B-Instruct,NVIDIA GeForce RTX 5060 Ti,42,MultiFieldQA-en,8,16,518,multi-hop,88.041,0.0,91.4714,91.466,0,1,0,0,58,314,314,314,39577223168,39577223168,39577223168,6.07,0.021,0.9,0.1,0.35,0.65,0.35,0.65
Qwen/Qwen2.5-7B-Instruct,NVIDIA GeForce RTX 5060 Ti,42,MultiFieldQA-en,8,16,519,structural,50.7472,51.8984,50.4223,0.0,0,0,0,1,101,357,357,357,51159048192,51159048192,51159048192,6.07,0.021,0.9,0.1,0.35,0.65,0.35,0.65
Qwen/Qwen2.5-7B-Instruct,NVIDIA GeForce RTX 5060 Ti,42,MultiFieldQA-en,8,16,520,semantic,51.823,0.0,52.5677,51.4769,0,1,0,0,100,356,356,356,50872844288,50872844288,50872844288,6.07,0.021,0.9,0.1,0.35,0.65,0.35,0.65
Qwen/Qwen2.5-7B-Instruct,NVIDIA GeForce RTX 5060 Ti,42,MultiFieldQA-en,8,16,521,structural,45.4279,46.4845,45.8228,0.0,0,0,0,1,119,375,375,375,56448000000,56448000000,56448000000,6.07,0.021,0.9,0.1,0.35,0.65,0.35,0.65
Qwen/Qwen2.5-7B-Instruct,NVIDIA GeForce RTX 5060 Ti,42,MultiFieldQA-en,8,16,522,multi-hop,68.3071,0.0,0.0,0.0,0,1,1,1,34,290,290,290,33758412800,33758412800,33758412800,6.07,0.021,0.9,0.1,0.35,0.65,0.35,0.65
Qwen/Qwen2.5-7B-Instruct,NVIDIA GeForce RTX 5060 Ti,42,MultiFieldQA-en,8,16,523,semantic,65.311,0.0,0.0,0.0,0,1,1,1,150,406,406,406,66166489088,66166489088,66166489088,6.07,0.021,0.9,0.1,0.35,0.65,0.35,0.65
Qwen/Qwen2.5-7B-Instruct,NVIDIA GeForce RTX 5060 Ti,42,MultiFieldQA-en,8,16,524,multi-hop,40.6583,43.6955,0.0,0.0,0,0,1,1,60,316,316,316,40082997248,40082997248,40082997248,6.07,0.021,0.9,0.1,0.35,0.65,0.35,0.65
Qwen/Qwen2.5-7B-Instruct,NVIDIA GeForce RTX 5060 Ti,42,MultiFieldQA-en,8,16,525,semantic,46.0622,0.0,0.0,0.0,0,1,1,1,108,364,364,364,53184954368,53184954368,53184954368,6.07,0.021,0.9,0.1,0.35,0.65,0.35,0.65
Qwen/Qwen2.5-7B-Instruct,NVIDIA GeForce RTX 5060 Ti,42,MultiFieldQA-en,8,16,526,multi-hop,0.0,0.0,42.1869,42.1422,1,1,0,0,247,503,503,503,101559836672,101559836672,101559836672,6.07,0.021,0.9,0.1,0.35,0.65,0.35,0.65
Qwen/Qwen2.5-7B-Instruct,NVIDIA GeForce RTX 5060 Ti,42,MultiFieldQA-en,8,16,527,semantic,64.1661,0.0,0.0,0.0,0,1,1,1,155,411,411,411,67806240768,67806240768,67806240768,6.07,0.021,0.9,0.1,0.35,0.65,0.35,0.65
Qwen/Qwen2.5-7B-Instruct,NVIDIA GeForce RTX 5060 Ti,42,MultiFieldQA-en,8,16,528,semantic,46.017,0.0,46.6056,46.9322,0,1,0,0,88,344,344,344,47501017088,47501017088,47501017088,6.07,0.021,0.9,0.1,0.35,0.65,0.35,0.65
Qwen/Qwen2.5-7B-Instruct,NVIDIA GeForce RTX 5060 Ti,42,MultiFieldQA-en,8,16,529,structural,47.2123,0.0,48.3027,0.0,0,1,0,1,73,329,329,329,43448803328,43448803328,43448803328,6.07,0.021,0.9,0.1,0.35,0.65,0.35,0.65
Qwen/Qwen2.5-7B-Instruct,NVIDIA GeForce RTX 5060 Ti,42,MultiFieldQA-en,8,16,530,semantic,47.6044,0.0,0.0,0.0,0,1,1,1,80,336,336,336,45317357568,45317357568,45317357568,6.07,0.021,0.9,0.1,0.35,0.65,0.35,0.65
Qwen/Qwen2.5-7B-Instruct,NVIDIA GeForce RTX 5060 Ti,42,MultiFieldQA-en,8,16,531,structural,48.3454,49.2794,47.9758,0.0,0,0,0,1,68,324,324,324,42138206208,42138206208,42138206208,6.07,0.021,0.9,0.1,0.35,0.65,0.35,0.65
Qwen/Qwen2.5-7B-Instruct,NVIDIA GeForce RTX 5060 Ti,42,MultiFieldQA-en,8,16,532,multi-hop,46.78,0.0,49.007,47.8119,0,1,0,0,135,391,391,391,61367656448,61367656448,61367656448,6.07,0.021,0.9,0.1,0.35,0.65,0.35,0.65
Qwen/Qwen2.5-7B-Instruct,NVIDIA GeForce RTX 5060 Ti,42,MultiFieldQA-en,8,16,533,semantic,39.2115,0.0,0.0,0.0,0,1,1,1,10,210,266,266,17702092800,28402024448,28402024448,6.07,0.021,0.9,0.1,0.35,0.65,0.35,0.65
Qwen/Qwen2.5-7B-Instruct,NVIDIA GeForce RTX 5060 Ti,42,MultiFieldQA-en,8,16,534,multi-hop,46.9371,47.6224,48.0862,0.0,0,0,0,1,100,356,356,356,50872844288,50872844288,50872844288,6.07,0.021,0.9,0.1,0.35,0.65,0.35,0.65
Qwen/Qwen2.5-7B-Instruct,NVIDIA GeForce RTX 5060 Ti,42,MultiFieldQA-en,8,16,535,multi-hop,49.9059,0.0,49.0945,48.8121,0,1,0,0,201,457,457,457,83833659392,83833659392,83833659392,6.07,0.021,0.9,0.1,0.35,0.65,0.35,0.65
Qwen/Qwen2.5-7B-Instruct,NVIDIA GeForce RTX 5060 Ti,42,MultiFieldQA-en,8,16,536,multi-hop,47.7941,50.8598,50.4666,0.0,0,0,0,1,144,400,400,400,64225280000,64225280000,64225280000,6.07,0.021,0.9,0.1,0.35,0.65,0.35,0.65
Qwen/Qwen2.5-7B-Instruct,NVIDIA GeForce RTX 5060 Ti,42,MultiFieldQA-en,8,16,537,structural,51.5627,0.0,0.0,0.0,0,1,1,1,103,359,359,359,51733864448,51733864448,51733864448,6.07,0.021,0.9,0.1,0.35,0.65,0.35,0.65
Qwen/Qwen2.5-7B-Instruct,NVIDIA GeForce RTX 5060 Ti,42,MultiFieldQA-en,8,16,538,multi-hop,39.9806,0.0,0.0,0.0,0,1,1,1,5,104,133,261,4341628928,7100506112,27344314368,6.07,0.021,0.9,0.1,0.35,0.65,0.35,0.65
Qwen/Qwen2.5-7B-Instruct,NVIDIA GeForce RTX 5060 Ti,42,MultiFieldQA-en,8,16,539,multi-hop,47.2563,0.0,0.0,48.0946,0,1,1,0,78,334,334,334,44779470848,44779470848,44779470848,6.07,0.021,0.9,0.1,0.35,0.65,0.35,0.65
Qwen/Qwen2.5-7B-Instruct,NVIDIA GeForce RTX 5060 Ti,42,MultiFieldQA-en,8,16,540,multi-hop,42.4262,43.5568,42.7443,0.0,0,0,0,1,51,307,307,307,37832302592,37832302592,37832302592,6.07,0.021,0.9,0.1,0.35,0.65,0.35,0.65
Qwen/Qwen2.5-7B-Instruct,NVIDIA GeForce RTX 5060 Ti,42,MultiFieldQA-en,8,16,541,multi-hop,43.0801,43.6942,44.1855,0.0,0,0,0,1,43,299,299,299,35886276608,35886276608,35886276608,6.07,0.021,0.9,0.1,0.35,0.65,0.35,0.65
Qwen/Qwen2.5-7B-Instruct,NVIDIA GeForce RTX 5060 Ti,42,MultiFieldQA-en,8,16,542,structural,52.0826,59.56,48.4802,0.0,0,0,0,1,99,355,355,355,50587443200,50587443200,50587443200,6.07,0.021,0.9,0.1,0.35,0.65,0.35,0.65
Qwen/Qwen2.5-7B-Instruct,NVIDIA GeForce RTX 5060 Ti,42,MultiFieldQA-en,8,16,543,semantic,49.513,0.0,49.5556,0.0,0,1,0,1,128,384,384,384,59190018048,59190018048,59190018048,6.07,0.021,0.9,0.1,0.35,0.65,0.35,0.65
Qwen/Qwen2.5-7B-Instruct,NVIDIA GeForce RTX 5060 Ti,42,MultiFieldQA-en,8,16,544,structural,43.4981,39.1488,38.3844,38.7549,0,0,0,0,114,370,370,370,54952755200,54952755200,54952755200,6.07,0.021,0.9,0.1,0.35,0.65,0.35,0.65
Qwen/Qwen2.5-7B-Instruct,NVIDIA GeForce RTX 5060 Ti,42,MultiFieldQA-en,8,16,545,multi-hop,43.5304,0.0,48.1015,0.0,0,1,0,1,103,359,359,359,51733864448,51733864448,51733864448,6.07,0.021,0.9,0.1,0.35,0.65,0.35,0.65
Qwen/Qwen2.5-7B-Instruct,NVIDIA GeForce RTX 5060 Ti,42,MultiFieldQA-en,8,16,546,structural,47.4982,49.7249,49.0885,0.0,0,0,0,1,43,299,299,299,35886276608,35886276608,35886276608,6.07,0.021,0.9,0.1,0.35,0.65,0.35,0.65
Qwen/Qwen2.5-7B-Instruct,NVIDIA GeForce RTX 5060 Ti,42,MultiFieldQA-en,8,16,547,multi-hop,65.5834,0.0,0.0,0.0,0,1,1,1,135,391,391,391,61367656448,61367656448,61367656448,6.07,0.021,0.9,0.1,0.35,0.65,0.35,0.65
Qwen/Qwen2.5-7B-Instruct,NVIDIA GeForce RTX 5060 Ti,42,MultiFieldQA-en,8,16,548,multi-hop,48.714,0.0,0.0,0.0,0,1,1,1,115,371,371,371,55250198528,55250198528,55250198528,6.07,0.021,0.9,0.1,0.35,0.65,0.35,0.65
Qwen/Qwen2.5-7B-Instruct,NVIDIA GeForce RTX 5060 Ti,42,MultiFieldQA-en,8,16,549,multi-hop,49.8318,52.1393,50.9456,0.0,0,0,0,1,102,358,358,358,51446054912,51446054912,51446054912,6.07,0.021,0.9,0.1,0.35,0.65,0.35,0.65
Qwen/Qwen2.5-7B-Instruct,NVIDIA GeForce RTX 5060 Ti,42,MultiFieldQA-en,8,16,550,multi-hop,50.1784,0.0,0.0,0.0,0,1,1,1,130,386,386,386,59808186368,59808186368,59808186368,6.07,0.021,0.9,0.1,0.35,0.65,0.35,0.65
Qwen/Qwen2.5-7B-Instruct,NVIDIA GeForce RTX 5060 Ti,42,MultiFieldQA-en,8,16,551,semantic,0.0,69.6658,0.0,0.0,1,0,1,1,114,370,370,370,54952755200,54952755200,54952755200,6.07,0.021,0.9,0.1,0.35,0.65,0.35,0.65
Qwen/Qwen2.5-7B-Instruct,NVIDIA GeForce RTX 5060 Ti,42,MultiFieldQA-en,8,16,552,structural,50.978,0.0,0.0,0.0,0,1,1,1,108,364,364,364,53184954368,53184954368,53184954368,6.07,0.021,0.9,0.1,0.35,0.65,0.35,0.65
Qwen/Qwen2.5-7B-Instruct,NVIDIA GeForce RTX 5060 Ti,42,MultiFieldQA-en,8,16,553,semantic,42.8455,0.0,0.0,0.0,0,1,1,1,15,271,271,271,29479804928,29479804928,29479804928,6.07,0.021,0.9,0.1,0.35,0.65,0.35,0.65
Qwen/Qwen2.5-7B-Instruct,NVIDIA GeForce RTX 5060 Ti,42,MultiFieldQA-en,8,16,554,multi-hop,50.3683,0.0,0.0,0.0,0,1,1,1,73,329,329,329,43448803328,43448803328,43448803328,6.07,0.021,0.9,0.1,0.35,0.65,0.35,0.65
Qwen/Qwen2.5-7B-Instruct,NVIDIA GeForce RTX 5060 Ti,42,MultiFieldQA-en,8,16,555,semantic,51.3685,0.0,0.0,0.0,0,1,1,1,137,393,393,393,61997064192,61997064192,61997064192,6.07,0.021,0.9,0.1,0.35,0.65,0.35,0.65
Qwen/Qwen2.5-7B-Instruct,NVIDIA GeForce RTX 5060 Ti,42,MultiFieldQA-en,8,16,556,multi-hop,58.6503,0.0,0.0,0.0,0,1,1,1,105,361,361,361,52311891968,52311891968,52311891968,6.07,0.021,0.9,0.1,0.35,0.65,0.35,0.65
Qwen/Qwen2.5-7B-Instruct,NVIDIA GeForce RTX 5060 Ti,42,MultiFieldQA-en,8,16,557,multi-hop,66.9602,67.0166,66.8403,69.5525,0,0,0,0,5,104,133,261,4341628928,7100506112,27344314368,6.07,0.021,0.9,0.1,0.35,0.65,0.35,0.65
Qwen/Qwen2.5-7B-Instruct,NVIDIA GeForce RTX 5060 Ti,42,MultiFieldQA-en,8,16,558,structural,42.235,41.939,0.0,0.0,0,0,1,1,111,367,367,367,54065242112,54065242112,54065242112,6.07,0.021,0.9,0.1,0.35,0.65,0.35,0.65
Qwen/Qwen2.5-7B-Instruct,NVIDIA GeForce RTX 5060 Ti,42,MultiFieldQA-en,8,16,559,structural,50.2558,52.1672,52.8022,0.0,0,0,0,1,68,324,324,324,42138206208,42138206208,42138206208,6.07,0.021,0.9,0.1,0.35,0.65,0.35,0.65
Qwen/Qwen2.5-7B-Instruct,NVIDIA GeForce RTX 5060 Ti,42,MultiFieldQA-en,8,16,560,multi-hop,50.0154,0.0,0.0,0.0,0,1,1,1,32,288,288,288,33294385152,33294385152,33294385152,6.07,0.021,0.9,0.1,0.35,0.65,0.35,0.65
Qwen/Qwen2.5-7B-Instruct,NVIDIA GeForce RTX 5060 Ti,42,MultiFieldQA-en,8,16,561,structural,45.4102,45.6493,43.8857,0.0,0,0,0,1,95,351,351,351,49453867008,49453867008,49453867008,6.07,0.021,0.9,0.1,0.35,0.65,0.35,0.65
Qwen/Qwen2.5-7B-Instruct,NVIDIA GeForce RTX 5060 Ti,42,MultiFieldQA-en,8,16,562,semantic,52.2053,0.0,0.0,0.0,0,1,1,1,94,350,350,350,49172480000,49172480000,49172480000,6.07,0.021,0.9,0.1,0.35,0.65,0.35,0.65
Qwen/Qwen2.5-7B-Instruct,NVIDIA GeForce RTX 5060 Ti,42,MultiFieldQA-en,8,16,563,multi-hop,51.484,0.0,52.5492,0.0,0,1,0,1,127,383,383,383,58882138112,58882138112,58882138112,6.07,0.021,0.9,0.1,0.35,0.65,0.35,0.65
Qwen/Qwen2.5-7B-Instruct,NVIDIA GeForce RTX 5060 Ti,42,MultiFieldQA-en,8,16,564,semantic,44.7398,0.0,47.2574,47.1566,0,1,0,0,81,337,337,337,45587505152,45587505152,45587505152,6.07,0.021,0.9,0.1,0.35,0.65,0.35,0.65
Qwen/Qwen2.5-7B-Instruct,NVIDIA GeForce RTX 5060 Ti,42,MultiFieldQA-en,8,16,565,semantic,51.4873,0.0,0.0,0.0,0,1,1,1,142,398,398,398,63584632832,63584632832,63584632832,6.07,0.021,0.9,0.1,0.35,0.65,0.35,0.65
Qwen/Qwen2.5-7B-Instruct,NVIDIA GeForce RTX 5060 Ti,42,MultiFieldQA-en,8,16,566,structural,0.0,0.0,0.0,0.0,1,1,1,1,41,297,297,297,35407798272,35407798272,35407798272,6.07,0.021,0.9,0.1,0.35,0.65,0.35,0.65
Qwen/Qwen2.5-7B-Instruct,NVIDIA GeForce RTX 5060 Ti,42,MultiFieldQA-en,8,16,567,semantic,50.5078,0.0,51.239,51.1666,0,1,0,0,78,334,334,334,44779470848,44779470848,44779470848,6.07,0.021,0.9,0.1,0.35,0.65,0.35,0.65
Qwen/Qwen2.5-7B-Instruct,NVIDIA GeForce RTX 5060 Ti,42,MultiFieldQA-en,8,16,568,multi-hop,51.718,53.8933,0.0,0.0,0,0,1,1,83,339,339,339,46130208768,46130208768,46130208768,6.07,0.021,0.9,0.1,0.35,0.65,0.35,0.65
Qwen/Qwen2.5-7B-Instruct,NVIDIA GeForce RTX 5060 Ti,42,MultiFieldQA-en,8,16,569,multi-hop,44.6171,0.0,47.5951,47.0133,0,1,0,0,106,362,362,362,52602109952,52602109952,52602109952,6.07,0.021,0.9,0.1,0.35,0.65,0.35,0.65
Qwen/Qwen2.5-7B-Instruct,NVIDIA GeForce RTX 5060 Ti,42,MultiFieldQA-en,8,16,570,multi-hop,52.2666,53.509,53.5081,0.0,0,0,0,1,6,224,262,262,20141047808,27554250752,27554250752,6.07,0.021,0.9,0.1,0.35,0.65,0.35,0.65
Qwen/Qwen2.5-7B-Instruct,NVIDIA GeForce RTX 5060 Ti,42,MultiFieldQA-en,8,16,571,multi-hop,43.7106,45.1245,44.7992,0.0,0,0,0,1,102,358,358,358,51446054912,51446054912,51446054912,6.07,0.021,0.9,0.1,0.35,0.65,0.35,0.65
Qwen/Qwen2.5-7B-Instruct,NVIDIA GeForce RTX 5060 Ti,42,MultiFieldQA-en,8,16,572,multi-hop,51.6951,0.0,0.0,54.5231,0,1,1,0,127,383,383,383,58882138112,58882138112,58882138112,6.07,0.021,0.9,0.1,0.35,0.65,0.35,0.65
Qwen/Qwen2.5-7B-Instruct,NVIDIA GeForce RTX 5060 Ti,42,MultiFieldQA-en,8,16,573,multi-hop,51.7343,0.0,0.0,0.0,0,1,1,1,96,352,352,352,49736056832,49736056832,49736056832,6.07,0.021,0.9,0.1,0.35,0.65,0.35,0.65
Qwen/Qwen2.5-7B-Instruct,NVIDIA GeForce RTX 5060 Ti,42,MultiFieldQA-en,8,16,574,semantic,53.4534,0.0,0.0,0.0,0,1,1,1,72,328,328,328,43185078272,43185078272,43185078272,6.07,0.021,0.9,0.1,0.35,0.65,0.35,0.65
Qwen/Qwen2.5-7B-Instruct,NVIDIA GeForce RTX 5060 Ti,42,MultiFieldQA-en,8,16,575,multi-hop,70.2619,71.7776,0.0,0.0,0,0,1,1,20,276,276,276,30577655808,30577655808,30577655808,6.07,0.021,0.9,0.1,0.35,0.65,0.35,0.65
Qwen/Qwen2.5-7B-Instruct,NVIDIA GeForce RTX 5060 Ti,42,MultiFieldQA-en,8,16,576,structural,47.684,47.74,47.8213,0.0,0,0,0,1,21,277,277,277,30799634432,30799634432,30799634432,6.07,0.021,0.9,0.1,0.35,0.65,0.35,0.65
Qwen/Qwen2.5-7B-Instruct,NVIDIA GeForce RTX 5060 Ti,42,MultiFieldQA-en,8,16,577,multi-hop,63.1515,0.0,65.0984,64.0767,0,1,0,0,48,304,304,304,37096521728,37096521728,37096521728,6.07,0.021,0.9,0.1,0.35,0.65,0.35,0.65
Qwen/Qwen2.5-7B-Instruct,NVIDIA GeForce RTX 5060 Ti,42,MultiFieldQA-en,8,16,578,structural,41.5841,0.0,0.0,0.0,0,1,1,1,124,380,380,380,57963315200,57963315200,57963315200,6.07,0.021,0.9,0.1,0.35,0.65,0.35,0.65
Qwen/Qwen2.5-7B-Instruct,NVIDIA GeForce RTX 5060 Ti,42,MultiFieldQA-en,8,16,579,multi-hop,45.9658,48.9941,48.2186,0.0,0,0,0,1,93,349,349,349,48891895808,48891895808,48891895808,6.07,0.021,0.9,0.1,0.35,0.65,0.35,0.65
Qwen/Qwen2.5-7B-Instruct,NVIDIA GeForce RTX 5060 Ti,42,MultiFieldQA-en,8,16,580,multi-hop,40.5559,0.0,42.5076,46.4811,0,1,0,0,99,355,355,355,50587443200,50587443200,50587443200,6.07,0.021,0.9,0.1,0.35,0.65,0.35,0.65
Qwen/Qwen2.5-7B-Instruct,NVIDIA GeForce RTX 5060 Ti,42,MultiFieldQA-en,8,16,581,semantic,46.4057,0.0,0.0,0.0,0,1,1,1,101,357,357,357,51159048192,51159048192,51159048192,6.07,0.021,0.9,0.1,0.35,0.65,0.35,0.65
Qwen/Qwen2.5-7B-Instruct,NVIDIA GeForce RTX 5060 Ti,42,MultiFieldQA-en,8,16,582,semantic,45.7548,0.0,0.0,0.0,0,1,1,1,92,348,348,348,48612114432,48612114432,48612114432,6.07,0.021,0.9,0.1,0.35,0.65,0.35,0.65
Qwen/Qwen2.5-7B-Instruct,NVIDIA GeForce RTX 5060 Ti,42,MultiFieldQA-en,8,16,583,multi-hop,51.9648,49.3963,48.9675,0.0,0,0,0,1,86,342,342,342,46950285312,46950285312,46950285312,6.07,0.021,0.9,0.1,0.35,0.65,0.35,0.65
Qwen/Qwen2.5-7B-Instruct,NVIDIA GeForce RTX 5060 Ti,42,MultiFieldQA-en,8,16,584,multi-hop,48.0561,49.6658,48.1226,49.1426,0,0,0,0,85,341,341,341,46676123648,46676123648,46676123648,6.07,0.021,0.9,0.1,0.35,0.65,0.35,0.65
Qwen/Qwen2.5-7B-Instruct,NVIDIA GeForce RTX 5060 Ti,42,MultiFieldQA-en,8,16,585,multi-hop,48.9892,50.5583,49.4193,0.0,0,0,0,1,101,357,357,357,51159048192,51159048192,51159048192,6.07,0.021,0.9,0.1,0.35,0.65,0.35,0.65
Qwen/Qwen2.5-7B-Instruct,NVIDIA GeForce RTX 5060 Ti,42,MultiFieldQA-en,8,16,586,semantic,67.3313,0.0,0.0,0.0,0,1,1,1,114,370,370,370,54952755200,54952755200,54952755200,6.07,0.021,0.9,0.1,0.35,0.65,0.35,0.65
Qwen/Qwen2.5-7B-Instruct,NVIDIA GeForce RTX 5060 Ti,42,MultiFieldQA-en,8,16,587,semantic,65.4134,0.0,0.0,0.0,0,1,1,1,125,381,381,381,58268786688,58268786688,58268786688,6.07,0.021,0.9,0.1,0.35,0.65,0.35,0.65
Qwen/Qwen2.5-7B-Instruct,NVIDIA GeForce RTX 5060 Ti,42,MultiFieldQA-en,8,16,588,multi-hop,48.7682,46.6504,47.1261,47.1725,0,0,0,0,1,16,16,16,102760448,102760448,102760448,6.07,0.021,0.9,0.1,0.35,0.65,0.35,0.65
Qwen/Qwen2.5-7B-Instruct,NVIDIA GeForce RTX 5060 Ti,42,MultiFieldQA-en,8,16,589,semantic,48.3292,0.0,0.0,0.0,0,1,1,1,73,329,329,329,43448803328,43448803328,43448803328,6.07,0.021,0.9,0.1,0.35,0.65,0.35,0.65
Qwen/Qwen2.5-7B-Instruct,NVIDIA GeForce RTX 5060 Ti,42,MultiFieldQA-en,8,16,590,structural,63.413,66.1492,0.0,0.0,0,0,1,1,42,298,298,298,35646636032,35646636032,35646636032,6.07,0.021,0.9,0.1,0.35,0.65,0.35,0.65
Qwen/Qwen2.5-7B-Instruct,NVIDIA GeForce RTX 5060 Ti,42,MultiFieldQA-en,8,16,591,semantic,45.4574,0.0,0.0,52.5207,0,1,1,0,122,378,378,378,57354780672,57354780672,57354780672,6.07,0.021,0.9,0.1,0.35,0.65,0.35,0.65
Qwen/Qwen2.5-7B-Instruct,NVIDIA GeForce RTX 5060 Ti,42,MultiFieldQA-en,8,16,592,structural,47.8892,49.1082,0.0,0.0,0,0,1,1,51,307,307,307,37832302592,37832302592,37832302592,6.07,0.021,0.9,0.1,0.35,0.65,0.35,0.65
Qwen/Qwen2.5-7B-Instruct,NVIDIA GeForce RTX 5060 Ti,42,MultiFieldQA-en,8,16,593,semantic,49.3526,0.0,0.0,0.0,0,1,1,1,141,397,397,397,63265513472,63265513472,63265513472,6.07,0.021,0.9,0.1,0.35,0.65,0.35,0.65
Qwen/Qwen2.5-7B-Instruct,NVIDIA GeForce RTX 5060 Ti,42,MultiFieldQA-en,8,16,594,structural,48.4763,48.1806,48.6692,0.0,0,0,0,1,5,186,163,261,13887111168,10665009152,27344314368,6.07,0.021,0.9,0.1,0.35,0.65,0.35,0.65
Qwen/Qwen2.5-7B-Instruct,NVIDIA GeForce RTX 5060 Ti,42,MultiFieldQA-en,8,16,595,multi-hop,47.8495,48.5923,0.0,0.0,0,0,1,1,81,337,337,337,45587505152,45587505152,45587505152,6.07,0.021,0.9,0.1,0.35,0.65,0.35,0.65
Qwen/Qwen2.5-7B-Instruct,NVIDIA GeForce RTX 5060 Ti,42,MultiFieldQA-en,8,16,596,multi-hop,49.269,49.5564,0.0,0.0,0,0,1,1,92,348,348,348,48612114432,48612114432,48612114432,6.07,0.021,0.9,0.1,0.35,0.65,0.35,0.65
Qwen/Qwen2.5-7B-Instruct,NVIDIA GeForce RTX 5060 Ti,42,MultiFieldQA-en,8,16,597,semantic,47.0106,0.0,47.8313,47.9072,0,1,0,0,85,341,341,341,46676123648,46676123648,46676123648,6.07,0.021,0.9,0.1,0.35,0.65,0.35,0.65
Qwen/Qwen2.5-7B-Instruct,NVIDIA GeForce RTX 5060 Ti,42,MultiFieldQA-en,8,16,598,multi-hop,48.2595,48.3212,48.276,0.0,0,0,0,1,21,277,277,277,30799634432,30799634432,30799634432,6.07,0.021,0.9,0.1,0.35,0.65,0.35,0.65
Qwen/Qwen2.5-7B-Instruct,NVIDIA GeForce RTX 5060 Ti,42,MultiFieldQA-en,8,16,599,multi-hop,41.5526,0.0,42.9502,43.0239,0,1,0,0,83,339,339,339,46130208768,46130208768,46130208768,6.07,0.021,0.9,0.1,0.35,0.65,0.35,0.65
Qwen/Qwen2.5-7B-Instruct,NVIDIA GeForce RTX 5060 Ti,42,MultiFieldQA-en,10,16,0,structural,42.6063,42.8444,41.9499,0.0,0,0,0,1,107,363,363,363,52893130752,52893130752,52893130752,6.07,0.021,0.9,0.1,0.35,0.65,0.35,0.65
Qwen/Qwen2.5-7B-Instruct,NVIDIA GeForce RTX 5060 Ti,42,MultiFieldQA-en,10,16,1,multi-hop,41.7822,42.7602,41.3304,0.0,0,0,0,1,114,370,370,370,54952755200,54952755200,54952755200,6.07,0.021,0.9,0.1,0.35,0.65,0.35,0.65
Qwen/Qwen2.5-7B-Instruct,NVIDIA GeForce RTX 5060 Ti,42,MultiFieldQA-en,10,16,2,multi-hop,49.0046,0.0,49.1754,48.0416,0,1,0,0,91,347,347,347,48333135872,48333135872,48333135872,6.07,0.021,0.9,0.1,0.35,0.65,0.35,0.65
Qwen/Qwen2.5-7B-Instruct,NVIDIA GeForce RTX 5060 Ti,42,MultiFieldQA-en,10,16,3,semantic,40.8491,0.0,0.0,0.0,0,1,1,1,85,341,341,341,46676123648,46676123648,46676123648,6.07,0.021,0.9,0.1,0.35,0.65,0.35,0.65
Qwen/Qwen2.5-7B-Instruct,NVIDIA GeForce RTX 5060 Ti,42,MultiFieldQA-en,10,16,4,structural,46.7621,50.562,49.5898,0.0,0,0,0,1,65,321,321,321,41361481728,41361481728,41361481728,6.07,0.021,0.9,0.1,0.35,0.65,0.35,0.65
Qwen/Qwen2.5-7B-Instruct,NVIDIA GeForce RTX 5060 Ti,42,MultiFieldQA-en,10,16,5,multi-hop,48.9025,0.0,49.897,49.5281,0,1,0,0,119,375,375,375,56448000000,56448000000,56448000000,6.07,0.021,0.9,0.1,0.35,0.65,0.35,0.65
Qwen/Qwen2.5-7B-Instruct,NVIDIA GeForce RTX 5060 Ti,42,MultiFieldQA-en,10,16,6,structural,50.7894,0.0,0.0,0.0,0,1,1,1,156,412,412,412,68136599552,68136599552,68136599552,6.07,0.021,0.9,0.1,0.35,0.65,0.35,0.65
Qwen/Qwen2.5-7B-Instruct,NVIDIA GeForce RTX 5060 Ti,42,MultiFieldQA-en,10,16,7,multi-hop,50.5093,53.3864,0.0,0.0,0,0,1,1,144,400,400,400,64225280000,64225280000,64225280000,6.07,0.021,0.9,0.1,0.35,0.65,0.35,0.65
Qwen/Qwen2.5-7B-Instruct,NVIDIA GeForce RTX 5060 Ti,42,MultiFieldQA-en,10,16,8,multi-hop,47.7803,0.0,0.0,50.6443,0,1,1,0,108,364,364,364,53184954368,53184954368,53184954368,6.07,0.021,0.9,0.1,0.35,0.65,0.35,0.65
Qwen/Qwen2.5-7B-Instruct,NVIDIA GeForce RTX 5060 Ti,42,MultiFieldQA-en,10,16,9,structural,49.3854,52.1622,51.6956,0.0,0,0,0,1,102,358,358,358,51446054912,51446054912,51446054912,6.07,0.021,0.9,0.1,0.35,0.65,0.35,0.65
Qwen/Qwen2.5-7B-Instruct,NVIDIA GeForce RTX 5060 Ti,42,MultiFieldQA-en,10,16,10,multi-hop,50.5257,0.0,52.2425,0.0,0,1,0,1,127,383,383,383,58882138112,58882138112,58882138112,6.07,0.021,0.9,0.1,0.35,0.65,0.35,0.65
Qwen/Qwen2.5-7B-Instruct,NVIDIA GeForce RTX 5060 Ti,42,MultiFieldQA-en,10,16,11,semantic,51.3667,0.0,0.0,0.0,0,1,1,1,91,347,347,347,48333135872,48333135872,48333135872,6.07,0.021,0.9,0.1,0.35,0.65,0.35,0.65
Qwen/Qwen2.5-7B-Instruct,NVIDIA GeForce RTX 5060 Ti,42,MultiFieldQA-en,10,16,12,semantic,52.061,0.0,51.64,0.0,0,1,0,1,119,375,375,375,56448000000,56448000000,56448000000,6.07,0.021,0.9,0.1,0.35,0.65,0.35,0.65
Qwen/Qwen2.5-7B-Instruct,NVIDIA GeForce RTX 5060 Ti,42,MultiFieldQA-en,10,16,13,semantic,49.7631,0.0,0.0,55.8144,0,1,1,0,27,283,283,283,32148365312,32148365312,32148365312,6.07,0.021,0.9,0.1,0.35,0.65,0.35,0.65
Qwen/Qwen2.5-7B-Instruct,NVIDIA GeForce RTX 5060 Ti,42,MultiFieldQA-en,10,16,14,multi-hop,51.3594,0.0,0.0,51.6762,0,1,1,0,101,357,357,357,51159048192,51159048192,51159048192,6.07,0.021,0.9,0.1,0.35,0.65,0.35,0.65
Qwen/Qwen2.5-7B-Instruct,NVIDIA GeForce RTX 5060 Ti,42,MultiFieldQA-en,10,16,15,structural,49.4369,0.0,0.0,0.0,0,1,1,1,43,299,299,299,35886276608,35886276608,35886276608,6.07,0.021,0.9,0.1,0.35,0.65,0.35,0.65
Qwen/Qwen2.5-7B-Instruct,NVIDIA GeForce RTX 5060 Ti,42,MultiFieldQA-en,10,16,16,structural,52.3929,0.0,0.0,0.0,0,1,1,1,119,375,375,375,56448000000,56448000000,56448000000,6.07,0.021,0.9,0.1,0.35,0.65,0.35,0.65
Qwen/Qwen2.5-7B-Instruct,NVIDIA GeForce RTX 5060 Ti,42,MultiFieldQA-en,10,16,17,semantic,43.9802,0.0,0.0,0.0,0,1,1,1,121,377,377,377,57051717632,57051717632,57051717632,6.07,0.021,0.9,0.1,0.35,0.65,0.35,0.65
Qwen/Qwen2.5-7B-Instruct,NVIDIA GeForce RTX 5060 Ti,42,MultiFieldQA-en,10,16,18,semantic,45.2989,0.0,0.0,0.0,0,1,1,1,90,346,346,346,48054960128,48054960128,48054960128,6.07,0.021,0.9,0.1,0.35,0.65,0.35,0.65
Qwen/Qwen2.5-7B-Instruct,NVIDIA GeForce RTX 5060 Ti,42,MultiFieldQA-en,10,16,19,multi-hop,44.5237,47.4569,0.0,0.0,0,0,1,1,125,381,381,381,58268786688,58268786688,58268786688,6.07,0.021,0.9,0.1,0.35,0.65,0.35,0.65
Qwen/Qwen2.5-7B-Instruct,NVIDIA GeForce RTX 5060 Ti,42,MultiFieldQA-en,10,16,20,multi-hop,53.3366,53.7076,53.9782,0.0,0,0,0,1,150,406,406,406,66166489088,66166489088,66166489088,6.07,0.021,0.9,0.1,0.35,0.65,0.35,0.65
Qwen/Qwen2.5-7B-Instruct,NVIDIA GeForce RTX 5060 Ti,42,MultiFieldQA-en,10,16,21,multi-hop,46.436,0.0,0.0,0.0,0,1,1,1,73,329,329,329,43448803328,43448803328,43448803328,6.07,0.021,0.9,0.1,0.35,0.65,0.35,0.65
Qwen/Qwen2.5-7B-Instruct,NVIDIA GeForce RTX 5060 Ti,42,MultiFieldQA-en,10,16,22,structural,51.6597,53.6242,52.0701,0.0,0,0,0,1,83,339,339,339,46130208768,46130208768,46130208768,6.07,0.021,0.9,0.1,0.35,0.65,0.35,0.65
Qwen/Qwen2.5-7B-Instruct,NVIDIA GeForce RTX 5060 Ti,42,MultiFieldQA-en,10,16,23,semantic,52.3783,0.0,0.0,0.0,0,1,1,1,65,321,321,321,41361481728,41361481728,41361481728,6.07,0.021,0.9,0.1,0.35,0.65,0.35,0.65
Qwen/Qwen2.5-7B-Instruct,NVIDIA GeForce RTX 5060 Ti,42,MultiFieldQA-en,10,16,24,semantic,46.3712,0.0,0.0,0.0,0,1,1,1,43,299,299,299,35886276608,35886276608,35886276608,6.07,0.021,0.9,0.1,0.35,0.65,0.35,0.65
Qwen/Qwen2.5-7B-Instruct,NVIDIA GeForce RTX 5060 Ti,42,MultiFieldQA-en,10,16,25,multi-hop,52.3267,0.0,0.0,52.3161,0,1,1,0,103,359,359,359,51733864448,51733864448,51733864448,6.07,0.021,0.9,0.1,0.35,0.65,0.35,0.65
Qwen/Qwen2.5-7B-Instruct,NVIDIA GeForce RTX 5060 Ti,42,MultiFieldQA-en,10,16,26,multi-hop,90.4547,0.0,91.9234,93.3518,0,1,0,0,4,260,260,260,27135180800,27135180800,27135180800,6.07,0.021,0.9,0.1,0.35,0.65,0.35,0.65
Qwen/Qwen2.5-7B-Instruct,NVIDIA GeForce RTX 5060 Ti,42,MultiFieldQA-en,10,16,27,multi-hop,51.3892,54.2518,53.1681,0.0,0,0,0,1,110,366,366,366,53771010048,53771010048,53771010048,6.07,0.021,0.9,0.1,0.35,0.65,0.35,0.65
Qwen/Qwen2.5-7B-Instruct,NVIDIA GeForce RTX 5060 Ti,42,MultiFieldQA-en,10,16,28,semantic,41.1746,0.0,0.0,0.0,0,1,1,1,1,20,20,20,160563200,160563200,160563200,6.07,0.021,0.9,0.1,0.35,0.65,0.35,0.65
Qwen/Qwen2.5-7B-Instruct,NVIDIA GeForce RTX 5060 Ti,42,MultiFieldQA-en,10,16,29,structural,41.7214,0.0,0.0,0.0,0,1,1,1,26,282,251,282,31921569792,25289105408,31921569792,6.07,0.021,0.9,0.1,0.35,0.65,0.35,0.65
Qwen/Qwen2.5-7B-Instruct,NVIDIA GeForce RTX 5060 Ti,42,MultiFieldQA-en,10,16,30,multi-hop,0.0,0.0,0.0,0.0,1,1,1,1,119,375,375,375,56448000000,56448000000,56448000000,6.07,0.021,0.9,0.1,0.35,0.65,0.35,0.65
Qwen/Qwen2.5-7B-Instruct,NVIDIA GeForce RTX 5060 Ti,42,MultiFieldQA-en,10,16,31,multi-hop,0.0,0.0,0.0,0.0,1,1,1,1,1,20,20,20,160563200,160563200,160563200,6.07,0.021,0.9,0.1,0.35,0.65,0.35,0.65
Qwen/Qwen2.5-7B-Instruct,NVIDIA GeForce RTX 5060 Ti,42,MultiFieldQA-en,10,16,32,semantic,46.7863,0.0,0.0,0.0,0,1,1,1,73,329,329,329,43448803328,43448803328,43448803328,6.07,0.021,0.9,0.1,0.35,0.65,0.35,0.65
Qwen/Qwen2.5-7B-Instruct,NVIDIA GeForce RTX 5060 Ti,42,MultiFieldQA-en,10,16,33,structural,68.473,0.0,0.0,0.0,0,1,1,1,111,367,367,367,54065242112,54065242112,54065242112,6.07,0.021,0.9,0.1,0.35,0.65,0.35,0.65
Qwen/Qwen2.5-7B-Instruct,NVIDIA GeForce RTX 5060 Ti,42,MultiFieldQA-en,10,16,34,structural,41.9346,40.8882,42.5477,0.0,0,0,0,1,107,363,363,363,52893130752,52893130752,52893130752,6.07,0.021,0.9,0.1,0.35,0.65,0.35,0.65
Qwen/Qwen2.5-7B-Instruct,NVIDIA GeForce RTX 5060 Ti,42,MultiFieldQA-en,10,16,35,semantic,47.5601,0.0,0.0,0.0,0,1,1,1,88,344,344,344,47501017088,47501017088,47501017088,6.07,0.021,0.9,0.1,0.35,0.65,0.35,0.65
Qwen/Qwen2.5-7B-Instruct,NVIDIA GeForce RTX 5060 Ti,42,MultiFieldQA-en,10,16,36,structural,42.1172,0.0,0.0,0.0,0,1,1,1,104,360,360,360,52022476800,52022476800,52022476800,6.07,0.021,0.9,0.1,0.35,0.65,0.35,0.65
Qwen/Qwen2.5-7B-Instruct,NVIDIA GeForce RTX 5060 Ti,42,MultiFieldQA-en,10,16,37,multi-hop,40.8735,41.438,41.951,43.1911,0,0,0,0,106,362,362,362,52602109952,52602109952,52602109952,6.07,0.021,0.9,0.1,0.35,0.65,0.35,0.65
Qwen/Qwen2.5-7B-Instruct,NVIDIA GeForce RTX 5060 Ti,42,MultiFieldQA-en,10,16,38,multi-hop,40.4604,0.0,0.0,0.0,0,1,1,1,134,390,390,390,61054156800,61054156800,61054156800,6.07,0.021,0.9,0.1,0.35,0.65,0.35,0.65
Qwen/Qwen2.5-7B-Instruct,NVIDIA GeForce RTX 5060 Ti,42,MultiFieldQA-en,10,16,39,multi-hop,39.7491,41.0952,41.2134,0.0,0,0,0,1,177,433,433,433,75259584512,75259584512,75259584512,6.07,0.021,0.9,0.1,0.35,0.65,0.35,0.65
Qwen/Qwen2.5-7B-Instruct,NVIDIA GeForce RTX 5060 Ti,42,MultiFieldQA-en,10,16,40,semantic,42.1336,0.0,0.0,0.0,0,1,1,1,35,291,277,291,33991630848,30799634432,33991630848,6.07,0.021,0.9,0.1,0.35,0.65,0.35,0.65
Qwen/Qwen2.5-7B-Instruct,NVIDIA GeForce RTX 5060 Ti,42,MultiFieldQA-en,10,16,41,multi-hop,48.018,48.4436,0.0,0.0,0,0,1,1,110,366,366,366,53771010048,53771010048,53771010048,6.07,0.021,0.9,0.1,0.35,0.65,0.35,0.65
Qwen/Qwen2.5-7B-Instruct,NVIDIA GeForce RTX 5060 Ti,42,MultiFieldQA-en,10,16,42,semantic,40.3203,0.0,41.0549,42.0471,0,1,0,0,107,363,363,363,52893130752,52893130752,52893130752,6.07,0.021,0.9,0.1,0.35,0.65,0.35,0.65
Qwen/Qwen2.5-7B-Instruct,NVIDIA GeForce RTX 5060 Ti,42,MultiFieldQA-en,10,16,43,semantic,47.3671,0.0,48.8746,0.0,0,1,0,1,93,349,349,349,48891895808,48891895808,48891895808,6.07,0.021,0.9,0.1,0.35,0.65,0.35,0.65
Qwen/Qwen2.5-7B-Instruct,NVIDIA GeForce RTX 5060 Ti,42,MultiFieldQA-en,10,16,44,multi-hop,36.829,38.1642,37.0106,0.0,0,0,0,1,120,376,376,376,56749457408,56749457408,56749457408,6.07,0.021,0.9,0.1,0.35,0.65,0.35,0.65
Qwen/Qwen2.5-7B-Instruct,NVIDIA GeForce RTX 5060 Ti,42,MultiFieldQA-en,10,16,45,structural,46.5153,0.0,0.0,0.0,0,1,1,1,115,371,371,371,55250198528,55250198528,55250198528,6.07,0.021,0.9,0.1,0.35,0.65,0.35,0.65
Qwen/Qwen2.5-7B-Instruct,NVIDIA GeForce RTX 5060 Ti,42,MultiFieldQA-en,10,16,46,structural,41.7735,42.3758,42.7683,0.0,0,0,0,1,43,299,299,299,35886276608,35886276608,35886276608,6.07,0.021,0.9,0.1,0.35,0.65,0.35,0.65
Qwen/Qwen2.5-7B-Instruct,NVIDIA GeForce RTX 5060 Ti,42,MultiFieldQA-en,10,16,47,semantic,47.8917,0.0,0.0,0.0,0,1,1,1,111,367,367,367,54065242112,54065242112,54065242112,6.07,0.021,0.9,0.1,0.35,0.65,0.35,0.65
Qwen/Qwen2.5-7B-Instruct,NVIDIA GeForce RTX 5060 Ti,42,MultiFieldQA-en,10,16,48,multi-hop,47.4453,0.0,48.6452,49.0519,0,1,0,0,110,366,366,366,53771010048,53771010048,53771010048,6.07,0.021,0.9,0.1,0.35,0.65,0.35,0.65
Qwen/Qwen2.5-7B-Instruct,NVIDIA GeForce RTX 5060 Ti,42,MultiFieldQA-en,10,16,49,structural,45.0716,56.1353,46.5865,0.0,0,0,0,1,113,369,369,369,54656114688,54656114688,54656114688,6.07,0.021,0.9,0.1,0.35,0.65,0.35,0.65
Qwen/Qwen2.5-7B-Instruct,NVIDIA GeForce RTX 5060 Ti,42,MultiFieldQA-en,10,16,50,multi-hop,48.8537,0.0,0.0,0.0,0,1,1,1,80,336,336,336,45317357568,45317357568,45317357568,6.07,0.021,0.9,0.1,0.35,0.65,0.35,0.65
Qwen/Qwen2.5-7B-Instruct,NVIDIA GeForce RTX 5060 Ti,42,MultiFieldQA-en,10,16,51,structural,39.3919,40.8479,0.0,0.0,0,0,1,1,112,368,368,368,54360276992,54360276992,54360276992,6.07,0.021,0.9,0.1,0.35,0.65,0.35,0.65
Qwen/Qwen2.5-7B-Instruct,NVIDIA GeForce RTX 5060 Ti,42,MultiFieldQA-en,10,16,52,semantic,41.1657,0.0,41.4012,0.0,0,1,0,1,99,355,355,355,50587443200,50587443200,50587443200,6.07,0.021,0.9,0.1,0.35,0.65,0.35,0.65
Qwen/Qwen2.5-7B-Instruct,NVIDIA GeForce RTX 5060 Ti,42,MultiFieldQA-en,10,16,53,structural,63.0724,63.3942,63.7395,0.0,0,0,0,1,5,108,137,261,4682022912,7534026752,27344314368,6.07,0.021,0.9,0.1,0.35,0.65,0.35,0.65
Qwen/Qwen2.5-7B-Instruct,NVIDIA GeForce RTX 5060 Ti,42,MultiFieldQA-en,10,16,54,structural,46.4386,48.2252,49.0894,0.0,0,0,0,1,101,357,357,357,51159048192,51159048192,51159048192,6.07,0.021,0.9,0.1,0.35,0.65,0.35,0.65
Qwen/Qwen2.5-7B-Instruct,NVIDIA GeForce RTX 5060 Ti,42,MultiFieldQA-en,10,16,55,semantic,47.2975,0.0,0.0,0.0,0,1,1,1,55,311,311,311,38824583168,38824583168,38824583168,6.07,0.021,0.9,0.1,0.35,0.65,0.35,0.65
Qwen/Qwen2.5-7B-Instruct,NVIDIA GeForce RTX 5060 Ti,42,MultiFieldQA-en,10,16,56,multi-hop,63.7055,0.0,0.0,64.4719,0,1,1,0,121,377,377,377,57051717632,57051717632,57051717632,6.07,0.021,0.9,0.1,0.35,0.65,0.35,0.65
Qwen/Qwen2.5-7B-Instruct,NVIDIA GeForce RTX 5060 Ti,42,MultiFieldQA-en,10,16,57,structural,47.9238,49.9612,49.6648,0.0,0,0,0,1,102,358,358,358,51446054912,51446054912,51446054912,6.07,0.021,0.9,0.1,0.35,0.65,0.35,0.65
Qwen/Qwen2.5-7B-Instruct,NVIDIA GeForce RTX 5060 Ti,42,MultiFieldQA-en,10,16,58,multi-hop,41.4232,0.0,42.7442,40.995,0,1,0,0,23,279,279,279,31246000128,31246000128,31246000128,6.07,0.021,0.9,0.1,0.35,0.65,0.35,0.65
Qwen/Qwen2.5-7B-Instruct,NVIDIA GeForce RTX 5060 Ti,42,MultiFieldQA-en,10,16,59,semantic,48.752,0.0,0.0,0.0,0,1,1,1,102,358,358,358,51446054912,51446054912,51446054912,6.07,0.021,0.9,0.1,0.35,0.65,0.35,0.65
Qwen/Qwen2.5-7B-Instruct,NVIDIA GeForce RTX 5060 Ti,42,MultiFieldQA-en,10,16,60,semantic,44.0919,0.0,45.0777,43.8096,0,1,0,0,10,266,266,266,28402024448,28402024448,28402024448,6.07,0.021,0.9,0.1,0.35,0.65,0.35,0.65
Qwen/Qwen2.5-7B-Instruct,NVIDIA GeForce RTX 5060 Ti,42,MultiFieldQA-en,10,16,61,structural,49.9218,46.0797,45.3406,0.0,0,0,0,1,149,405,405,405,65840947200,65840947200,65840947200,6.07,0.021,0.9,0.1,0.35,0.65,0.35,0.65
Qwen/Qwen2.5-7B-Instruct,NVIDIA GeForce RTX 5060 Ti,42,MultiFieldQA-en,10,16,62,semantic,68.4596,0.0,0.0,0.0,0,1,1,1,136,392,392,392,61681958912,61681958912,61681958912,6.07,0.021,0.9,0.1,0.35,0.65,0.35,0.65
Qwen/Qwen2.5-7B-Instruct,NVIDIA GeForce RTX 5060 Ti,42,MultiFieldQA-en,10,16,63,multi-hop,44.2589,0.0,0.0,0.0,0,1,1,1,68,324,324,324,42138206208,42138206208,42138206208,6.07,0.021,0.9,0.1,0.35,0.65,0.35,0.65
Qwen/Qwen2.5-7B-Instruct,NVIDIA GeForce RTX 5060 Ti,42,MultiFieldQA-en,10,16,64,multi-hop,50.8788,0.0,0.0,0.0,0,1,1,1,144,400,400,400,64225280000,64225280000,64225280000,6.07,0.021,0.9,0.1,0.35,0.65,0.35,0.65
Qwen/Qwen2.5-7B-Instruct,NVIDIA GeForce RTX 5060 Ti,42,MultiFieldQA-en,10,16,65,multi-hop,67.0124,67.1937,65.9987,0.0,0,0,0,1,5,108,137,261,4682022912,7534026752,27344314368,6.07,0.021,0.9,0.1,0.35,0.65,0.35,0.65
Qwen/Qwen2.5-7B-Instruct,NVIDIA GeForce RTX 5060 Ti,42,MultiFieldQA-en,10,16,66,multi-hop,0.0,0.0,0.0,0.0,1,1,1,1,124,380,380,380,57963315200,57963315200,57963315200,6.07,0.021,0.9,0.1,0.35,0.65,0.35,0.65
Qwen/Qwen2.5-7B-Instruct,NVIDIA GeForce RTX 5060 Ti,42,MultiFieldQA-en,10,16,67,semantic,48.9169,0.0,0.0,60.2604,0,1,1,0,27,283,283,283,32148365312,32148365312,32148365312,6.07,0.021,0.9,0.1,0.35,0.65,0.35,0.65
Qwen/Qwen2.5-7B-Instruct,NVIDIA GeForce RTX 5060 Ti,42,MultiFieldQA-en,10,16,68,structural,49.3282,52.0061,49.1272,0.0,0,0,0,1,85,341,341,341,46676123648,46676123648,46676123648,6.07,0.021,0.9,0.1,0.35,0.65,0.35,0.65
Qwen/Qwen2.5-7B-Instruct,NVIDIA GeForce RTX 5060 Ti,42,MultiFieldQA-en,10,16,69,multi-hop,51.8146,0.0,52.5478,52.1117,0,1,0,0,111,367,367,367,54065242112,54065242112,54065242112,6.07,0.021,0.9,0.1,0.35,0.65,0.35,0.65
Qwen/Qwen2.5-7B-Instruct,NVIDIA GeForce RTX 5060 Ti,42,MultiFieldQA-en,10,16,70,structural,66.665,69.0481,68.7697,0.0,0,0,0,1,11,267,267,267,28615974912,28615974912,28615974912,6.07,0.021,0.9,0.1,0.35,0.65,0.35,0.65
Qwen/Qwen2.5-7B-Instruct,NVIDIA GeForce RTX 5060 Ti,42,MultiFieldQA-en,10,16,71,multi-hop,50.4127,47.949,45.7496,0.0,0,0,0,1,47,303,303,303,36852867072,36852867072,36852867072,6.07,0.021,0.9,0.1,0.35,0.65,0.35,0.65
Qwen/Qwen2.5-7B-Instruct,NVIDIA GeForce RTX 5060 Ti,42,MultiFieldQA-en,10,16,72,semantic,70.9917,0.0,0.0,0.0,0,1,1,1,127,383,383,383,58882138112,58882138112,58882138112,6.07,0.021,0.9,0.1,0.35,0.65,0.35,0.65
Qwen/Qwen2.5-7B-Instruct,NVIDIA GeForce RTX 5060 Ti,42,MultiFieldQA-en,10,16,73,multi-hop,56.8073,0.0,0.0,0.0,0,1,1,1,143,399,399,399,63904555008,63904555008,63904555008,6.07,0.021,0.9,0.1,0.35,0.65,0.35,0.65
Qwen/Qwen2.5-7B-Instruct,NVIDIA GeForce RTX 5060 Ti,42,MultiFieldQA-en,10,16,74,multi-hop,52.9549,0.0,0.0,0.0,0,1,1,1,73,329,329,329,43448803328,43448803328,43448803328,6.07,0.021,0.9,0.1,0.35,0.65,0.35,0.65
Qwen/Qwen2.5-7B-Instruct,NVIDIA GeForce RTX 5060 Ti,42,MultiFieldQA-en,10,16,75,structural,44.3807,47.5766,45.2987,45.5053,0,0,0,0,109,365,365,365,53477580800,53477580800,53477580800,6.07,0.021,0.9,0.1,0.35,0.65,0.35,0.65
Qwen/Qwen2.5-7B-Instruct,NVIDIA GeForce RTX 5060 Ti,42,MultiFieldQA-en,10,16,76,multi-hop,50.5868,0.0,51.2942,52.9377,0,1,0,0,125,381,381,381,58268786688,58268786688,58268786688,6.07,0.021,0.9,0.1,0.35,0.65,0.35,0.65
Qwen/Qwen2.5-7B-Instruct,NVIDIA GeForce RTX 5060 Ti,42,MultiFieldQA-en,10,16,77,semantic,58.7983,0.0,0.0,52.6426,0,1,1,0,110,366,366,366,53771010048,53771010048,53771010048,6.07,0.021,0.9,0.1,0.35,0.65,0.35,0.65
Qwen/Qwen2.5-7B-Instruct,NVIDIA GeForce RTX 5060 Ti,42,MultiFieldQA-en,10,16,78,semantic,45.2444,0.0,44.9261,44.5883,0,1,0,0,45,301,301,301,36367966208,36367966208,36367966208,6.07,0.021,0.9,0.1,0.35,0.65,0.35,0.65
Qwen/Qwen2.5-7B-Instruct,NVIDIA GeForce RTX 5060 Ti,42,MultiFieldQA-en,10,16,79,semantic,45.2984,0.0,0.0,0.0,0,1,1,1,37,293,293,293,34460475392,34460475392,34460475392,6.07,0.021,0.9,0.1,0.35,0.65,0.35,0.65
Qwen/Qwen2.5-7B-Instruct,NVIDIA GeForce RTX 5060 Ti,42,MultiFieldQA-en,10,16,80,structural,69.8308,71.772,70.4217,0.0,0,0,0,1,96,352,352,352,49736056832,49736056832,49736056832,6.07,0.021,0.9,0.1,0.35,0.65,0.35,0.65
Qwen/Qwen2.5-7B-Instruct,NVIDIA GeForce RTX 5060 Ti,42,MultiFieldQA-en,10,16,81,multi-hop,72.5002,0.0,0.0,0.0,0,1,1,1,23,279,279,279,31246000128,31246000128,31246000128,6.07,0.021,0.9,0.1,0.35,0.65,0.35,0.65
Qwen/Qwen2.5-7B-Instruct,NVIDIA GeForce RTX 5060 Ti,42,MultiFieldQA-en,10,16,82,multi-hop,50.985,0.0,0.0,0.0,0,1,1,1,101,357,357,357,51159048192,51159048192,51159048192,6.07,0.021,0.9,0.1,0.35,0.65,0.35,0.65
Qwen/Qwen2.5-7B-Instruct,NVIDIA GeForce RTX 5060 Ti,42,MultiFieldQA-en,10,16,83,structural,49.6347,51.7036,0.0,0.0,0,0,1,1,13,269,269,269,29046284288,29046284288,29046284288,6.07,0.021,0.9,0.1,0.35,0.65,0.35,0.65
Qwen/Qwen2.5-7B-Instruct,NVIDIA GeForce RTX 5060 Ti,42,MultiFieldQA-en,10,16,84,semantic,50.5442,0.0,0.0,0.0,0,1,1,1,83,339,339,339,46130208768,46130208768,46130208768,6.07,0.021,0.9,0.1,0.35,0.65,0.35,0.65
Qwen/Qwen2.5-7B-Instruct,NVIDIA GeForce RTX 5060 Ti,42,MultiFieldQA-en,10,16,85,semantic,48.134,0.0,0.0,0.0,0,1,1,1,91,347,347,347,48333135872,48333135872,48333135872,6.07,0.021,0.9,0.1,0.35,0.65,0.35,0.65
Qwen/Qwen2.5-7B-Instruct,NVIDIA GeForce RTX 5060 Ti,42,MultiFieldQA-en,10,16,86,multi-hop,42.921,0.0,42.9734,43.4692,0,1,0,0,21,277,277,277,30799634432,30799634432,30799634432,6.07,0.021,0.9,0.1,0.35,0.65,0.35,0.65
Qwen/Qwen2.5-7B-Instruct,NVIDIA GeForce RTX 5060 Ti,42,MultiFieldQA-en,10,16,87,multi-hop,51.5371,0.0,0.0,0.0,0,1,1,1,114,370,370,370,54952755200,54952755200,54952755200,6.07,0.021,0.9,0.1,0.35,0.65,0.35,0.65
Qwen/Qwen2.5-7B-Instruct,NVIDIA GeForce RTX 5060 Ti,42,MultiFieldQA-en,10,16,88,multi-hop,48.6506,51.8,50.7396,0.0,0,0,0,1,25,281,281,281,31695577088,31695577088,31695577088,6.07,0.021,0.9,0.1,0.35,0.65,0.35,0.65
Qwen/Qwen2.5-7B-Instruct,NVIDIA GeForce RTX 5060 Ti,42,MultiFieldQA-en,10,16,89,multi-hop,49.5051,0.0,0.0,0.0,0,1,1,1,85,341,341,341,46676123648,46676123648,46676123648,6.07,0.021,0.9,0.1,0.35,0.65,0.35,0.65
Qwen/Qwen2.5-7B-Instruct,NVIDIA GeForce RTX 5060 Ti,42,MultiFieldQA-en,10,16,90,semantic,50.7816,0.0,0.0,0.0,0,1,1,1,94,350,350,350,49172480000,49172480000,49172480000,6.07,0.021,0.9,0.1,0.35,0.65,0.35,0.65
Qwen/Qwen2.5-7B-Instruct,NVIDIA GeForce RTX 5060 Ti,42,MultiFieldQA-en,10,16,91,multi-hop,49.8072,0.0,0.0,0.0,0,1,1,1,87,343,343,343,47225249792,47225249792,47225249792,6.07,0.021,0.9,0.1,0.35,0.65,0.35,0.65
Qwen/Qwen2.5-7B-Instruct,NVIDIA GeForce RTX 5060 Ti,42,MultiFieldQA-en,10,16,92,semantic,85.4097,0.0,88.6726,88.2614,0,1,0,0,4,260,260,260,27135180800,27135180800,27135180800,6.07,0.021,0.9,0.1,0.35,0.65,0.35,0.65
Qwen/Qwen2.5-7B-Instruct,NVIDIA GeForce RTX 5060 Ti,42,MultiFieldQA-en,10,16,93,semantic,0.0,0.0,0.0,0.0,1,1,1,1,100,356,356,356,50872844288,50872844288,50872844288,6.07,0.021,0.9,0.1,0.35,0.65,0.35,0.65
Qwen/Qwen2.5-7B-Instruct,NVIDIA GeForce RTX 5060 Ti,42,MultiFieldQA-en,10,16,94,semantic,49.2862,0.0,51.6442,50.2558,0,1,0,0,127,383,383,383,58882138112,58882138112,58882138112,6.07,0.021,0.9,0.1,0.35,0.65,0.35,0.65
Qwen/Qwen2.5-7B-Instruct,NVIDIA GeForce RTX 5060 Ti,42,MultiFieldQA-en,10,16,95,semantic,49.3115,0.0,0.0,0.0,0,1,1,1,101,357,357,357,51159048192,51159048192,51159048192,6.07,0.021,0.9,0.1,0.35,0.65,0.35,0.65
Qwen/Qwen2.5-7B-Instruct,NVIDIA GeForce RTX 5060 Ti,42,MultiFieldQA-en,10,16,96,multi-hop,0.0,50.1773,0.0,0.0,1,0,1,1,114,370,370,370,54952755200,54952755200,54952755200,6.07,0.021,0.9,0.1,0.35,0.65,0.35,0.65
Qwen/Qwen2.5-7B-Instruct,NVIDIA GeForce RTX 5060 Ti,42,MultiFieldQA-en,10,16,97,structural,50.8364,51.6962,0.0,0.0,0,0,1,1,86,342,342,342,46950285312,46950285312,46950285312,6.07,0.021,0.9,0.1,0.35,0.65,0.35,0.65
Qwen/Qwen2.5-7B-Instruct,NVIDIA GeForce RTX 5060 Ti,42,MultiFieldQA-en,10,16,98,multi-hop,43.763,0.0,0.0,42.5741,0,1,1,0,73,329,329,329,43448803328,43448803328,43448803328,6.07,0.021,0.9,0.1,0.35,0.65,0.35,0.65
Qwen/Qwen2.5-7B-Instruct,NVIDIA GeForce RTX 5060 Ti,42,MultiFieldQA-en,10,16,99,semantic,47.8807,0.0,0.0,0.0,0,1,1,1,114,370,370,370,54952755200,54952755200,54952755200,6.07,0.021,0.9,0.1,0.35,0.65,0.35,0.65
Qwen/Qwen2.5-7B-Instruct,NVIDIA GeForce RTX 5060 Ti,42,MultiFieldQA-en,10,16,100,semantic,64.5695,0.0,0.0,66.0698,0,1,1,0,138,394,394,394,62312972288,62312972288,62312972288,6.07,0.021,0.9,0.1,0.35,0.65,0.35,0.65
Qwen/Qwen2.5-7B-Instruct,NVIDIA GeForce RTX 5060 Ti,42,MultiFieldQA-en,10,16,101,multi-hop,63.616,66.4745,0.0,0.0,0,0,1,1,39,295,295,295,34932531200,34932531200,34932531200,6.07,0.021,0.9,0.1,0.35,0.65,0.35,0.65
Qwen/Qwen2.5-7B-Instruct,NVIDIA GeForce RTX 5060 Ti,42,MultiFieldQA-en,10,16,102,multi-hop,64.3379,0.0,0.0,66.665,0,1,1,0,158,414,414,414,68799725568,68799725568,68799725568,6.07,0.021,0.9,0.1,0.35,0.65,0.35,0.65
Qwen/Qwen2.5-7B-Instruct,NVIDIA GeForce RTX 5060 Ti,42,MultiFieldQA-en,10,16,103,semantic,48.2812,0.0,0.0,0.0,0,1,1,1,78,334,334,334,44779470848,44779470848,44779470848,6.07,0.021,0.9,0.1,0.35,0.65,0.35,0.65
Qwen/Qwen2.5-7B-Instruct,NVIDIA GeForce RTX 5060 Ti,42,MultiFieldQA-en,10,16,104,multi-hop,47.4682,0.0,0.0,0.0,0,1,1,1,109,365,365,365,53477580800,53477580800,53477580800,6.07,0.021,0.9,0.1,0.35,0.65,0.35,0.65
Qwen/Qwen2.5-7B-Instruct,NVIDIA GeForce RTX 5060 Ti,42,MultiFieldQA-en,10,16,105,semantic,47.1407,0.0,0.0,0.0,0,1,1,1,142,398,398,398,63584632832,63584632832,63584632832,6.07,0.021,0.9,0.1,0.35,0.65,0.35,0.65
Qwen/Qwen2.5-7B-Instruct,NVIDIA GeForce RTX 5060 Ti,42,MultiFieldQA-en,10,16,106,semantic,46.2781,0.0,0.0,0.0,0,1,1,1,103,359,359,359,51733864448,51733864448,51733864448,6.07,0.021,0.9,0.1,0.35,0.65,0.35,0.65
Qwen/Qwen2.5-7B-Instruct,NVIDIA GeForce RTX 5060 Ti,42,MultiFieldQA-en,10,16,107,structural,64.6887,61.8013,62.7091,66.3505,0,0,0,0,1,20,20,20,160563200,160563200,160563200,6.07,0.021,0.9,0.1,0.35,0.65,0.35,0.65
Qwen/Qwen2.5-7B-Instruct,NVIDIA GeForce RTX 5060 Ti,42,MultiFieldQA-en,10,16,108,structural,38.7004,0.0,0.0,0.0,0,1,1,1,107,363,363,363,52893130752,52893130752,52893130752,6.07,0.021,0.9,0.1,0.35,0.65,0.35,0.65
Qwen/Qwen2.5-7B-Instruct,NVIDIA GeForce RTX 5060 Ti,42,MultiFieldQA-en,10,16,109,multi-hop,47.8968,0.0,0.0,0.0,0,1,1,1,86,342,342,342,46950285312,46950285312,46950285312,6.07,0.021,0.9,0.1,0.35,0.65,0.35,0.65
Qwen/Qwen2.5-7B-Instruct,NVIDIA GeForce RTX 5060 Ti,42,MultiFieldQA-en,10,16,110,multi-hop,48.2699,49.4835,0.0,0.0,0,0,1,1,58,314,314,314,39577223168,39577223168,39577223168,6.07,0.021,0.9,0.1,0.35,0.65,0.35,0.65
Qwen/Qwen2.5-7B-Instruct,NVIDIA GeForce RTX 5060 Ti,42,MultiFieldQA-en,10,16,111,multi-hop,38.4711,39.4606,40.5888,0.0,0,0,0,1,113,369,369,369,54656114688,54656114688,54656114688,6.07,0.021,0.9,0.1,0.35,0.65,0.35,0.65
Qwen/Qwen2.5-7B-Instruct,NVIDIA GeForce RTX 5060 Ti,42,MultiFieldQA-en,10,16,112,semantic,47.8635,0.0,49.8771,0.0,0,1,0,1,110,366,366,366,53771010048,53771010048,53771010048,6.07,0.021,0.9,0.1,0.35,0.65,0.35,0.65
Qwen/Qwen2.5-7B-Instruct,NVIDIA GeForce RTX 5060 Ti,42,MultiFieldQA-en,10,16,113,multi-hop,41.3909,0.0,0.0,0.0,0,1,1,1,97,353,353,353,50019049472,50019049472,50019049472,6.07,0.021,0.9,0.1,0.35,0.65,0.35,0.65
Qwen/Qwen2.5-7B-Instruct,NVIDIA GeForce RTX 5060 Ti,42,MultiFieldQA-en,10,16,114,multi-hop,66.3119,0.0,68.4627,67.1868,0,1,0,0,48,304,304,304,37096521728,37096521728,37096521728,6.07,0.021,0.9,0.1,0.35,0.65,0.35,0.65
Qwen/Qwen2.5-7B-Instruct,NVIDIA GeForce RTX 5060 Ti,42,MultiFieldQA-en,10,16,115,multi-hop,66.7793,71.2356,72.508,0.0,0,0,0,1,23,279,251,279,31246000128,25289105408,31246000128,6.07,0.021,0.9,0.1,0.35,0.65,0.35,0.65
Qwen/Qwen2.5-7B-Instruct,NVIDIA GeForce RTX 5060 Ti,42,MultiFieldQA-en,10,16,116,semantic,49.7124,0.0,0.0,51.3296,0,1,1,0,27,283,283,283,32148365312,32148365312,32148365312,6.07,0.021,0.9,0.1,0.35,0.65,0.35,0.65
Qwen/Qwen2.5-7B-Instruct,NVIDIA GeForce RTX 5060 Ti,42,MultiFieldQA-en,10,16,117,multi-hop,67.0605,0.0,0.0,0.0,0,1,1,1,125,381,381,381,58268786688,58268786688,58268786688,6.07,0.021,0.9,0.1,0.35,0.65,0.35,0.65
Qwen/Qwen2.5-7B-Instruct,NVIDIA GeForce RTX 5060 Ti,42,MultiFieldQA-en,10,16,118,multi-hop,48.0982,0.0,0.0,50.8368,0,1,1,0,61,317,317,317,40337088512,40337088512,40337088512,6.07,0.021,0.9,0.1,0.35,0.65,0.35,0.65
Qwen/Qwen2.5-7B-Instruct,NVIDIA GeForce RTX 5060 Ti,42,MultiFieldQA-en,10,16,119,multi-hop,49.6054,50.2241,49.8608,0.0,0,0,0,1,86,342,342,342,46950285312,46950285312,46950285312,6.07,0.021,0.9,0.1,0.35,0.65,0.35,0.65
Qwen/Qwen2.5-7B-Instruct,NVIDIA GeForce RTX 5060 Ti,42,MultiFieldQA-en,10,16,120,structural,48.9516,49.762,0.0,0.0,0,0,1,1,55,311,311,311,38824583168,38824583168,38824583168,6.07,0.021,0.9,0.1,0.35,0.65,0.35,0.65
Qwen/Qwen2.5-7B-Instruct,NVIDIA GeForce RTX 5060 Ti,42,MultiFieldQA-en,10,16,121,multi-hop,65.9458,0.0,0.0,0.0,0,1,1,1,152,408,408,408,66819981312,66819981312,66819981312,6.07,0.021,0.9,0.1,0.35,0.65,0.35,0.65
Qwen/Qwen2.5-7B-Instruct,NVIDIA GeForce RTX 5060 Ti,42,MultiFieldQA-en,10,16,122,semantic,48.9989,0.0,0.0,0.0,0,1,1,1,108,364,364,364,53184954368,53184954368,53184954368,6.07,0.021,0.9,0.1,0.35,0.65,0.35,0.65
Qwen/Qwen2.5-7B-Instruct,NVIDIA GeForce RTX 5060 Ti,42,MultiFieldQA-en,10,16,123,semantic,52.1826,0.0,0.0,0.0,0,1,1,1,151,407,407,407,66492833792,66492833792,66492833792,6.07,0.021,0.9,0.1,0.35,0.65,0.35,0.65
Qwen/Qwen2.5-7B-Instruct,NVIDIA GeForce RTX 5060 Ti,42,MultiFieldQA-en,10,16,124,multi-hop,49.0172,0.0,0.0,0.0,0,1,1,1,91,347,347,347,48333135872,48333135872,48333135872,6.07,0.021,0.9,0.1,0.35,0.65,0.35,0.65
Qwen/Qwen2.5-7B-Instruct,NVIDIA GeForce RTX 5060 Ti,42,MultiFieldQA-en,10,16,125,semantic,47.9716,0.0,0.0,0.0,0,1,1,1,96,352,352,352,49736056832,49736056832,49736056832,6.07,0.021,0.9,0.1,0.35,0.65,0.35,0.65
Qwen/Qwen2.5-7B-Instruct,NVIDIA GeForce RTX 5060 Ti,42,MultiFieldQA-en,10,16,126,semantic,68.9135,0.0,70.9933,69.8515,0,1,0,0,125,381,381,381,58268786688,58268786688,58268786688,6.07,0.021,0.9,0.1,0.35,0.65,0.35,0.65
Qwen/Qwen2.5-7B-Instruct,NVIDIA GeForce RTX 5060 Ti,42,MultiFieldQA-en,10,16,127,multi-hop,52.1339,0.0,50.7817,48.8523,0,1,0,0,1,20,20,20,160563200,160563200,160563200,6.07,0.021,0.9,0.1,0.35,0.65,0.35,0.65
Qwen/Qwen2.5-7B-Instruct,NVIDIA GeForce RTX 5060 Ti,42,MultiFieldQA-en,10,16,128,multi-hop,44.9313,45.5794,46.1083,0.0,0,0,0,1,94,350,350,350,49172480000,49172480000,49172480000,6.07,0.021,0.9,0.1,0.35,0.65,0.35,0.65
Qwen/Qwen2.5-7B-Instruct,NVIDIA GeForce RTX 5060 Ti,42,MultiFieldQA-en,10,16,129,structural,46.0233,50.4885,45.035,0.0,0,0,0,1,138,394,394,394,62312972288,62312972288,62312972288,6.07,0.021,0.9,0.1,0.35,0.65,0.35,0.65
Qwen/Qwen2.5-7B-Instruct,NVIDIA GeForce RTX 5060 Ti,42,MultiFieldQA-en,10,16,130,semantic,67.211,0.0,0.0,68.7591,0,1,1,0,114,370,370,370,54952755200,54952755200,54952755200,6.07,0.021,0.9,0.1,0.35,0.65,0.35,0.65
Qwen/Qwen2.5-7B-Instruct,NVIDIA GeForce RTX 5060 Ti,42,MultiFieldQA-en,10,16,131,semantic,66.5819,0.0,0.0,0.0,0,1,1,1,117,373,373,373,55847493632,55847493632,55847493632,6.07,0.021,0.9,0.1,0.35,0.65,0.35,0.65
Qwen/Qwen2.5-7B-Instruct,NVIDIA GeForce RTX 5060 Ti,42,MultiFieldQA-en,10,16,132,semantic,89.0696,0.0,91.171,92.5467,0,1,0,0,58,314,314,314,39577223168,39577223168,39577223168,6.07,0.021,0.9,0.1,0.35,0.65,0.35,0.65
Qwen/Qwen2.5-7B-Instruct,NVIDIA GeForce RTX 5060 Ti,42,MultiFieldQA-en,10,16,133,multi-hop,51.7756,0.0,0.0,0.0,0,1,1,1,101,357,357,357,51159048192,51159048192,51159048192,6.07,0.021,0.9,0.1,0.35,0.65,0.35,0.65
Qwen/Qwen2.5-7B-Instruct,NVIDIA GeForce RTX 5060 Ti,42,MultiFieldQA-en,10,16,134,structural,51.6522,0.0,0.0,0.0,0,1,1,1,99,355,355,355,50587443200,50587443200,50587443200,6.07,0.021,0.9,0.1,0.35,0.65,0.35,0.65
Qwen/Qwen2.5-7B-Instruct,NVIDIA GeForce RTX 5060 Ti,42,MultiFieldQA-en,10,16,135,multi-hop,70.1254,0.0,0.0,0.0,0,1,1,1,150,406,406,406,66166489088,66166489088,66166489088,6.07,0.021,0.9,0.1,0.35,0.65,0.35,0.65
Qwen/Qwen2.5-7B-Instruct,NVIDIA GeForce RTX 5060 Ti,42,MultiFieldQA-en,10,16,136,semantic,47.5083,0.0,0.0,0.0,0,1,1,1,71,327,327,327,42922156032,42922156032,42922156032,6.07,0.021,0.9,0.1,0.35,0.65,0.35,0.65
Qwen/Qwen2.5-7B-Instruct,NVIDIA GeForce RTX 5060 Ti,42,MultiFieldQA-en,10,16,137,semantic,43.7041,0.0,0.0,0.0,0,1,1,1,15,271,271,271,29479804928,29479804928,29479804928,6.07,0.021,0.9,0.1,0.35,0.65,0.35,0.65
Qwen/Qwen2.5-7B-Instruct,NVIDIA GeForce RTX 5060 Ti,42,MultiFieldQA-en,10,16,138,semantic,53.0157,0.0,51.9555,0.0,0,1,0,1,85,341,341,341,46676123648,46676123648,46676123648,6.07,0.021,0.9,0.1,0.35,0.65,0.35,0.65
Qwen/Qwen2.5-7B-Instruct,NVIDIA GeForce RTX 5060 Ti,42,MultiFieldQA-en,10,16,139,multi-hop,49.0833,52.7061,49.5141,0.0,0,0,0,1,130,386,386,386,59808186368,59808186368,59808186368,6.07,0.021,0.9,0.1,0.35,0.65,0.35,0.65
Qwen/Qwen2.5-7B-Instruct,NVIDIA GeForce RTX 5060 Ti,42,MultiFieldQA-en,10,16,140,structural,0.0,0.0,0.0,0.0,1,1,1,1,26,282,282,282,31921569792,31921569792,31921569792,6.07,0.021,0.9,0.1,0.35,0.65,0.35,0.65
Qwen/Qwen2.5-7B-Instruct,NVIDIA GeForce RTX 5060 Ti,42,MultiFieldQA-en,10,16,141,semantic,48.0064,0.0,0.0,0.0,0,1,1,1,102,358,358,358,51446054912,51446054912,51446054912,6.07,0.021,0.9,0.1,0.35,0.65,0.35,0.65
Qwen/Qwen2.5-7B-Instruct,NVIDIA GeForce RTX 5060 Ti,42,MultiFieldQA-en,10,16,142,multi-hop,53.231,48.2942,48.1212,48.351,0,0,0,0,1,20,20,20,160563200,160563200,160563200,6.07,0.021,0.9,0.1,0.35,0.65,0.35,0.65
Qwen/Qwen2.5-7B-Instruct,NVIDIA GeForce RTX 5060 Ti,42,MultiFieldQA-en,10,16,143,semantic,48.6998,0.0,0.0,0.0,0,1,1,1,156,412,412,412,68136599552,68136599552,68136599552,6.07,0.021,0.9,0.1,0.35,0.65,0.35,0.65
Qwen/Qwen2.5-7B-Instruct,NVIDIA GeForce RTX 5060 Ti,42,MultiFieldQA-en,10,16,144,multi-hop,0.0,0.0,0.0,48.917,1,1,1,0,102,358,358,358,51446054912,51446054912,51446054912,6.07,0.021,0.9,0.1,0.35,0.65,0.35,0.65
Qwen/Qwen2.5-7B-Instruct,NVIDIA GeForce RTX 5060 Ti,42,MultiFieldQA-en,10,16,145,multi-hop,48.2313,0.0,0.0,0.0,0,1,1,1,65,321,321,321,41361481728,41361481728,41361481728,6.07,0.021,0.9,0.1,0.35,0.65,0.35,0.65
Qwen/Qwen2.5-7B-Instruct,NVIDIA GeForce RTX 5060 Ti,42,MultiFieldQA-en,10,16,146,multi-hop,48.6052,0.0,0.0,0.0,0,1,1,1,100,356,356,356,50872844288,50872844288,50872844288,6.07,0.021,0.9,0.1,0.35,0.65,0.35,0.65
Qwen/Qwen2.5-7B-Instruct,NVIDIA GeForce RTX 5060 Ti,42,MultiFieldQA-en,10,16,147,multi-hop,47.6938,0.0,0.0,51.9531,0,1,1,0,103,359,359,359,51733864448,51733864448,51733864448,6.07,0.021,0.9,0.1,0.35,0.65,0.35,0.65
Qwen/Qwen2.5-7B-Instruct,NVIDIA GeForce RTX 5060 Ti,42,MultiFieldQA-en,10,16,148,multi-hop,81.8789,0.0,0.0,0.0,0,1,1,1,146,402,402,402,64869138432,64869138432,64869138432,6.07,0.021,0.9,0.1,0.35,0.65,0.35,0.65
Qwen/Qwen2.5-7B-Instruct,NVIDIA GeForce RTX 5060 Ti,42,MultiFieldQA-en,10,16,149,multi-hop,45.9494,48.0988,46.8601,0.0,0,0,0,1,65,321,321,321,41361481728,41361481728,41361481728,6.07,0.021,0.9,0.1,0.35,0.65,0.35,0.65
Qwen/Qwen2.5-7B-Instruct,NVIDIA GeForce RTX 5060 Ti,42,MultiFieldQA-en,10,16,150,semantic,48.0563,0.0,0.0,0.0,0,1,1,1,104,360,360,360,52022476800,52022476800,52022476800,6.07,0.021,0.9,0.1,0.35,0.65,0.35,0.65
Qwen/Qwen2.5-7B-Instruct,NVIDIA GeForce RTX 5060 Ti,42,MultiFieldQA-en,10,16,151,structural,40.5733,42.7076,41.1425,0.0,0,0,0,1,114,370,370,370,54952755200,54952755200,54952755200,6.07,0.021,0.9,0.1,0.35,0.65,0.35,0.65
Qwen/Qwen2.5-7B-Instruct,NVIDIA GeForce RTX 5060 Ti,42,MultiFieldQA-en,10,16,152,structural,54.4739,0.0,0.0,0.0,0,1,1,1,95,351,351,351,49453867008,49453867008,49453867008,6.07,0.021,0.9,0.1,0.35,0.65,0.35,0.65
Qwen/Qwen2.5-7B-Instruct,NVIDIA GeForce RTX 5060 Ti,42,MultiFieldQA-en,10,16,153,structural,47.3132,46.0496,46.6109,45.2546,0,0,0,0,1,20,20,20,160563200,160563200,160563200,6.07,0.021,0.9,0.1,0.35,0.65,0.35,0.65
Qwen/Qwen2.5-7B-Instruct,NVIDIA GeForce RTX 5060 Ti,42,MultiFieldQA-en,10,16,154,multi-hop,0.0,43.0819,41.0179,0.0,1,0,0,1,114,370,370,370,54952755200,54952755200,54952755200,6.07,0.021,0.9,0.1,0.35,0.65,0.35,0.65
Qwen/Qwen2.5-7B-Instruct,NVIDIA GeForce RTX 5060 Ti,42,MultiFieldQA-en,10,16,155,multi-hop,0.0,0.0,0.0,53.3702,1,1,1,0,107,363,363,363,52893130752,52893130752,52893130752,6.07,0.021,0.9,0.1,0.35,0.65,0.35,0.65
Qwen/Qwen2.5-7B-Instruct,NVIDIA GeForce RTX 5060 Ti,42,MultiFieldQA-en,10,16,156,structural,46.9798,48.917,0.0,0.0,0,0,1,1,88,344,344,344,47501017088,47501017088,47501017088,6.07,0.021,0.9,0.1,0.35,0.65,0.35,0.65
Qwen/Qwen2.5-7B-Instruct,NVIDIA GeForce RTX 5060 Ti,42,MultiFieldQA-en,10,16,157,multi-hop,37.6362,0.0,0.0,0.0,0,1,1,1,1,20,20,67,160563200,160563200,1801920512,6.07,0.021,0.9,0.1,0.35,0.65,0.35,0.65
Qwen/Qwen2.5-7B-Instruct,NVIDIA GeForce RTX 5060 Ti,42,MultiFieldQA-en,10,16,158,multi-hop,64.1419,0.0,0.0,0.0,0,1,1,1,163,419,419,419,70471589888,70471589888,70471589888,6.07,0.021,0.9,0.1,0.35,0.65,0.35,0.65
Qwen/Qwen2.5-7B-Instruct,NVIDIA GeForce RTX 5060 Ti,42,MultiFieldQA-en,10,16,159,structural,41.388,43.4121,41.6604,0.0,0,0,0,1,78,334,334,334,44779470848,44779470848,44779470848,6.07,0.021,0.9,0.1,0.35,0.65,0.35,0.65
Qwen/Qwen2.5-7B-Instruct,NVIDIA GeForce RTX 5060 Ti,42,MultiFieldQA-en,10,16,160,semantic,51.0139,0.0,0.0,46.8051,0,1,1,0,122,378,378,378,57354780672,57354780672,57354780672,6.07,0.021,0.9,0.1,0.35,0.65,0.35,0.65
Qwen/Qwen2.5-7B-Instruct,NVIDIA GeForce RTX 5060 Ti,42,MultiFieldQA-en,10,16,161,multi-hop,40.2168,0.0,0.0,40.9724,0,1,1,0,86,342,342,342,46950285312,46950285312,46950285312,6.07,0.021,0.9,0.1,0.35,0.65,0.35,0.65
Qwen/Qwen2.5-7B-Instruct,NVIDIA GeForce RTX 5060 Ti,42,MultiFieldQA-en,10,16,162,multi-hop,47.3377,49.812,47.83,0.0,0,0,0,1,92,348,348,348,48612114432,48612114432,48612114432,6.07,0.021,0.9,0.1,0.35,0.65,0.35,0.65
Qwen/Qwen2.5-7B-Instruct,NVIDIA GeForce RTX 5060 Ti,42,MultiFieldQA-en,10,16,163,multi-hop,41.9972,42.6464,46.1825,0.0,0,0,0,1,158,414,414,414,68799725568,68799725568,68799725568,6.07,0.021,0.9,0.1,0.35,0.65,0.35,0.65
Qwen/Qwen2.5-7B-Instruct,NVIDIA GeForce RTX 5060 Ti,42,MultiFieldQA-en,10,16,164,semantic,0.0,0.0,0.0,0.0,1,1,1,1,1,20,20,20,160563200,160563200,160563200,6.07,0.021,0.9,0.1,0.35,0.65,0.35,0.65
Qwen/Qwen2.5-7B-Instruct,NVIDIA GeForce RTX 5060 Ti,42,MultiFieldQA-en,10,16,165,multi-hop,46.8527,0.0,0.0,0.0,0,1,1,1,91,347,347,347,48333135872,48333135872,48333135872,6.07,0.021,0.9,0.1,0.35,0.65,0.35,0.65
Qwen/Qwen2.5-7B-Instruct,NVIDIA GeForce RTX 5060 Ti,42,MultiFieldQA-en,10,16,166,multi-hop,41.4286,0.0,0.0,43.6882,0,1,1,0,35,291,277,291,33991630848,30799634432,33991630848,6.07,0.021,0.9,0.1,0.35,0.65,0.35,0.65
Qwen/Qwen2.5-7B-Instruct,NVIDIA GeForce RTX 5060 Ti,42,MultiFieldQA-en,10,16,167,multi-hop,50.1313,54.2467,47.9036,48.9573,0,0,0,0,1,20,20,20,160563200,160563200,160563200,6.07,0.021,0.9,0.1,0.35,0.65,0.35,0.65
Qwen/Qwen2.5-7B-Instruct,NVIDIA GeForce RTX 5060 Ti,42,MultiFieldQA-en,10,16,168,semantic,50.752,0.0,0.0,0.0,0,1,1,1,106,362,362,362,52602109952,52602109952,52602109952,6.07,0.021,0.9,0.1,0.35,0.65,0.35,0.65
Qwen/Qwen2.5-7B-Instruct,NVIDIA GeForce RTX 5060 Ti,42,MultiFieldQA-en,10,16,169,multi-hop,0.0,40.1033,40.0234,0.0,1,0,0,1,136,392,392,267,61681958912,61681958912,28615974912,6.07,0.021,0.9,0.1,0.35,0.65,0.35,0.65
Qwen/Qwen2.5-7B-Instruct,NVIDIA GeForce RTX 5060 Ti,42,MultiFieldQA-en,10,16,170,multi-hop,68.835,69.7578,68.5008,0.0,0,0,0,1,150,406,406,406,66166489088,66166489088,66166489088,6.07,0.021,0.9,0.1,0.35,0.65,0.35,0.65
Qwen/Qwen2.5-7B-Instruct,NVIDIA GeForce RTX 5060 Ti,42,MultiFieldQA-en,10,16,171,multi-hop,0.0,0.0,0.0,0.0,1,1,1,1,1,20,20,20,160563200,160563200,160563200,6.07,0.021,0.9,0.1,0.35,0.65,0.35,0.65
Qwen/Qwen2.5-7B-Instruct,NVIDIA GeForce RTX 5060 Ti,42,MultiFieldQA-en,10,16,172,structural,44.5102,45.1031,45.7414,50.1259,0,0,0,0,92,348,348,348,48612114432,48612114432,48612114432,6.07,0.021,0.9,0.1,0.35,0.65,0.35,0.65
Qwen/Qwen2.5-7B-Instruct,NVIDIA GeForce RTX 5060 Ti,42,MultiFieldQA-en,10,16,173,multi-hop,48.6744,49.7444,48.3666,0.0,0,0,0,1,19,275,275,275,30356480000,30356480000,30356480000,6.07,0.021,0.9,0.1,0.35,0.65,0.35,0.65
Qwen/Qwen2.5-7B-Instruct,NVIDIA GeForce RTX 5060 Ti,42,MultiFieldQA-en,10,16,174,semantic,50.1561,0.0,56.5696,0.0,0,1,0,1,86,342,342,342,46950285312,46950285312,46950285312,6.07,0.021,0.9,0.1,0.35,0.65,0.35,0.65
Qwen/Qwen2.5-7B-Instruct,NVIDIA GeForce RTX 5060 Ti,42,MultiFieldQA-en,10,16,175,multi-hop,49.407,51.1491,0.0,0.0,0,0,1,1,106,362,362,362,52602109952,52602109952,52602109952,6.07,0.021,0.9,0.1,0.35,0.65,0.35,0.65
Qwen/Qwen2.5-7B-Instruct,NVIDIA GeForce RTX 5060 Ti,42,MultiFieldQA-en,10,16,176,multi-hop,50.2169,0.0,51.4965,50.4966,0,1,0,0,110,366,366,366,53771010048,53771010048,53771010048,6.07,0.021,0.9,0.1,0.35,0.65,0.35,0.65
Qwen/Qwen2.5-7B-Instruct,NVIDIA GeForce RTX 5060 Ti,42,MultiFieldQA-en,10,16,177,multi-hop,48.9534,0.0,0.0,0.0,0,1,1,1,81,337,337,337,45587505152,45587505152,45587505152,6.07,0.021,0.9,0.1,0.35,0.65,0.35,0.65
Qwen/Qwen2.5-7B-Instruct,NVIDIA GeForce RTX 5060 Ti,42,MultiFieldQA-en,10,16,178,structural,71.5614,68.9128,67.0878,0.0,0,0,0,1,21,277,277,277,30799634432,30799634432,30799634432,6.07,0.021,0.9,0.1,0.35,0.65,0.35,0.65
Qwen/Qwen2.5-7B-Instruct,NVIDIA GeForce RTX 5060 Ti,42,MultiFieldQA-en,10,16,179,structural,50.5379,0.0,0.0,0.0,0,1,1,1,119,375,375,375,56448000000,56448000000,56448000000,6.07,0.021,0.9,0.1,0.35,0.65,0.35,0.65
Qwen/Qwen2.5-7B-Instruct,NVIDIA GeForce RTX 5060 Ti,42,MultiFieldQA-en,10,16,180,semantic,0.0,0.0,45.5002,45.809,1,1,0,0,116,372,372,372,55548444672,55548444672,55548444672,6.07,0.021,0.9,0.1,0.35,0.65,0.35,0.65
Qwen/Qwen2.5-7B-Instruct,NVIDIA GeForce RTX 5060 Ti,42,MultiFieldQA-en,10,16,181,structural,53.0295,55.8531,0.0,0.0,0,0,1,1,142,398,398,398,63584632832,63584632832,63584632832,6.07,0.021,0.9,0.1,0.35,0.65,0.35,0.65
Qwen/Qwen2.5-7B-Instruct,NVIDIA GeForce RTX 5060 Ti,42,MultiFieldQA-en,10,16,182,multi-hop,58.0444,0.0,53.9267,52.2838,0,1,0,0,68,324,324,324,42138206208,42138206208,42138206208,6.07,0.021,0.9,0.1,0.35,0.65,0.35,0.65
Qwen/Qwen2.5-7B-Instruct,NVIDIA GeForce RTX 5060 Ti,42,MultiFieldQA-en,10,16,183,multi-hop,41.4774,0.0,0.0,0.0,0,1,1,1,1,20,20,67,160563200,160563200,1801920512,6.07,0.021,0.9,0.1,0.35,0.65,0.35,0.65
Qwen/Qwen2.5-7B-Instruct,NVIDIA GeForce RTX 5060 Ti,42,MultiFieldQA-en,10,16,184,structural,52.2859,54.0624,54.5463,0.0,0,0,0,1,60,316,316,316,40082997248,40082997248,40082997248,6.07,0.021,0.9,0.1,0.35,0.65,0.35,0.65
Qwen/Qwen2.5-7B-Instruct,NVIDIA GeForce RTX 5060 Ti,42,MultiFieldQA-en,10,16,185,multi-hop,51.4717,0.0,52.1868,52.74,0,1,0,0,51,307,307,307,37832302592,37832302592,37832302592,6.07,0.021,0.9,0.1,0.35,0.65,0.35,0.65
Qwen/Qwen2.5-7B-Instruct,NVIDIA GeForce RTX 5060 Ti,42,MultiFieldQA-en,10,16,186,semantic,46.8792,0.0,0.0,0.0,0,1,1,1,84,340,340,340,46402764800,46402764800,46402764800,6.07,0.021,0.9,0.1,0.35,0.65,0.35,0.65
Qwen/Qwen2.5-7B-Instruct,NVIDIA GeForce RTX 5060 Ti,42,MultiFieldQA-en,10,16,187,multi-hop,69.5179,72.4212,71.3586,0.0,0,0,0,1,99,355,355,355,50587443200,50587443200,50587443200,6.07,0.021,0.9,0.1,0.35,0.65,0.35,0.65
Qwen/Qwen2.5-7B-Instruct,NVIDIA GeForce RTX 5060 Ti,42,MultiFieldQA-en,10,16,188,multi-hop,46.1051,0.0,0.0,43.8078,0,1,1,0,15,271,271,271,29479804928,29479804928,29479804928,6.07,0.021,0.9,0.1,0.35,0.65,0.35,0.65
Qwen/Qwen2.5-7B-Instruct,NVIDIA GeForce RTX 5060 Ti,42,MultiFieldQA-en,10,16,189,structural,44.0612,45.1455,45.643,0.0,0,0,0,1,11,267,267,267,28615974912,28615974912,28615974912,6.07,0.021,0.9,0.1,0.35,0.65,0.35,0.65
Qwen/Qwen2.5-7B-Instruct,NVIDIA GeForce RTX 5060 Ti,42,MultiFieldQA-en,10,16,190,structural,49.3697,52.212,50.2156,0.0,0,0,0,1,106,362,362,362,52602109952,52602109952,52602109952,6.07,0.021,0.9,0.1,0.35,0.65,0.35,0.65
Qwen/Qwen2.5-7B-Instruct,NVIDIA GeForce RTX 5060 Ti,42,MultiFieldQA-en,10,16,191,structural,49.3349,0.0,0.0,0.0,0,1,1,1,112,368,368,368,54360276992,54360276992,54360276992,6.07,0.021,0.9,0.1,0.35,0.65,0.35,0.65
Qwen/Qwen2.5-7B-Instruct,NVIDIA GeForce RTX 5060 Ti,42,MultiFieldQA-en,10,16,192,multi-hop,48.6798,0.0,0.0,0.0,0,1,1,1,59,315,315,315,39829708800,39829708800,39829708800,6.07,0.021,0.9,0.1,0.35,0.65,0.35,0.65
Qwen/Qwen2.5-7B-Instruct,NVIDIA GeForce RTX 5060 Ti,42,MultiFieldQA-en,10,16,193,semantic,49.9243,0.0,50.58,0.0,0,1,0,1,116,372,372,372,55548444672,55548444672,55548444672,6.07,0.021,0.9,0.1,0.35,0.65,0.35,0.65
Qwen/Qwen2.5-7B-Instruct,NVIDIA GeForce RTX 5060 Ti,42,MultiFieldQA-en,10,16,194,multi-hop,50.632,48.9324,52.7729,0.0,0,0,0,1,19,275,275,275,30356480000,30356480000,30356480000,6.07,0.021,0.9,0.1,0.35,0.65,0.35,0.65
Qwen/Qwen2.5-7B-Instruct,NVIDIA GeForce RTX 5060 Ti,42,MultiFieldQA-en,10,16,195,multi-hop,46.5029,0.0,0.0,0.0,0,1,1,1,93,349,349,349,48891895808,48891895808,48891895808,6.07,0.021,0.9,0.1,0.35,0.65,0.35,0.65
Qwen/Qwen2.5-7B-Instruct,NVIDIA GeForce RTX 5060 Ti,42,MultiFieldQA-en,10,16,196,multi-hop,47.1335,0.0,0.0,0.0,0,1,1,1,109,365,365,365,53477580800,53477580800,53477580800,6.07,0.021,0.9,0.1,0.35,0.65,0.35,0.65
Qwen/Qwen2.5-7B-Instruct,NVIDIA GeForce RTX 5060 Ti,42,MultiFieldQA-en,10,16,197,semantic,47.184,50.0091,0.0,0.0,0,0,1,1,80,336,336,336,45317357568,45317357568,45317357568,6.07,0.021,0.9,0.1,0.35,0.65,0.35,0.65
Qwen/Qwen2.5-7B-Instruct,NVIDIA GeForce RTX 5060 Ti,42,MultiFieldQA-en,10,16,198,semantic,47.0854,0.0,0.0,0.0,0,1,1,1,92,348,348,348,48612114432,48612114432,48612114432,6.07,0.021,0.9,0.1,0.35,0.65,0.35,0.65
Qwen/Qwen2.5-7B-Instruct,NVIDIA GeForce RTX 5060 Ti,42,MultiFieldQA-en,10,16,199,semantic,47.008,0.0,0.0,0.0,0,1,1,1,76,332,332,332,44244795392,44244795392,44244795392,6.07,0.021,0.9,0.1,0.35,0.65,0.35,0.65
Qwen/Qwen2.5-7B-Instruct,NVIDIA GeForce RTX 5060 Ti,42,MultiFieldQA-en,10,16,200,multi-hop,38.2798,37.2818,38.5722,0.0,0,0,0,1,151,407,407,407,66492833792,66492833792,66492833792,6.07,0.021,0.9,0.1,0.35,0.65,0.35,0.65
Qwen/Qwen2.5-7B-Instruct,NVIDIA GeForce RTX 5060 Ti,42,MultiFieldQA-en,10,16,201,multi-hop,64.3681,0.0,0.0,0.0,0,1,1,1,138,394,394,394,62312972288,62312972288,62312972288,6.07,0.021,0.9,0.1,0.35,0.65,0.35,0.65
Qwen/Qwen2.5-7B-Instruct,NVIDIA GeForce RTX 5060 Ti,42,MultiFieldQA-en,10,16,202,semantic,47.578,0.0,0.0,0.0,0,1,1,1,23,279,279,279,31246000128,31246000128,31246000128,6.07,0.021,0.9,0.1,0.35,0.65,0.35,0.65
Qwen/Qwen2.5-7B-Instruct,NVIDIA GeForce RTX 5060 Ti,42,MultiFieldQA-en,10,16,203,semantic,68.1378,0.0,0.0,0.0,0,1,1,1,53,309,309,309,38326837248,38326837248,38326837248,6.07,0.021,0.9,0.1,0.35,0.65,0.35,0.65
Qwen/Qwen2.5-7B-Instruct,NVIDIA GeForce RTX 5060 Ti,42,MultiFieldQA-en,10,16,204,multi-hop,46.7207,48.5597,0.0,0.0,0,0,1,1,104,360,360,360,52022476800,52022476800,52022476800,6.07,0.021,0.9,0.1,0.35,0.65,0.35,0.65
Qwen/Qwen2.5-7B-Instruct,NVIDIA GeForce RTX 5060 Ti,42,MultiFieldQA-en,10,16,205,multi-hop,45.2657,42.8454,43.4721,0.0,0,0,0,1,119,375,375,375,56448000000,56448000000,56448000000,6.07,0.021,0.9,0.1,0.35,0.65,0.35,0.65
Qwen/Qwen2.5-7B-Instruct,NVIDIA GeForce RTX 5060 Ti,42,MultiFieldQA-en,10,16,206,multi-hop,48.4699,0.0,0.0,47.8675,0,1,1,0,105,361,361,361,52311891968,52311891968,52311891968,6.07,0.021,0.9,0.1,0.35,0.65,0.35,0.65
Qwen/Qwen2.5-7B-Instruct,NVIDIA GeForce RTX 5060 Ti,42,MultiFieldQA-en,10,16,207,multi-hop,50.8787,0.0,0.0,0.0,0,1,1,1,92,348,348,348,48612114432,48612114432,48612114432,6.07,0.021,0.9,0.1,0.35,0.65,0.35,0.65
Qwen/Qwen2.5-7B-Instruct,NVIDIA GeForce RTX 5060 Ti,42,MultiFieldQA-en,10,16,208,semantic,38.3185,0.0,0.0,0.0,0,1,1,1,5,108,137,137,4682022912,7534026752,7534026752,6.07,0.021,0.9,0.1,0.35,0.65,0.35,0.65
Qwen/Qwen2.5-7B-Instruct,NVIDIA GeForce RTX 5060 Ti,42,MultiFieldQA-en,10,16,209,semantic,43.7044,0.0,43.7933,0.0,0,1,0,1,247,503,503,503,101559836672,101559836672,101559836672,6.07,0.021,0.9,0.1,0.35,0.65,0.35,0.65
Qwen/Qwen2.5-7B-Instruct,NVIDIA GeForce RTX 5060 Ti,42,MultiFieldQA-en,10,16,210,multi-hop,47.575,0.0,47.8769,47.8536,0,1,0,0,78,334,334,334,44779470848,44779470848,44779470848,6.07,0.021,0.9,0.1,0.35,0.65,0.35,0.65
Qwen/Qwen2.5-7B-Instruct,NVIDIA GeForce RTX 5060 Ti,42,MultiFieldQA-en,10,16,211,multi-hop,47.1825,46.4654,46.194,46.5963,0,0,0,0,1,20,20,20,160563200,160563200,160563200,6.07,0.021,0.9,0.1,0.35,0.65,0.35,0.65
Qwen/Qwen2.5-7B-Instruct,NVIDIA GeForce RTX 5060 Ti,42,MultiFieldQA-en,10,16,212,semantic,45.4808,0.0,0.0,0.0,0,1,1,1,19,275,275,275,30356480000,30356480000,30356480000,6.07,0.021,0.9,0.1,0.35,0.65,0.35,0.65
Qwen/Qwen2.5-7B-Instruct,NVIDIA GeForce RTX 5060 Ti,42,MultiFieldQA-en,10,16,213,structural,46.7386,0.0,0.0,0.0,0,1,1,1,86,342,342,342,46950285312,46950285312,46950285312,6.07,0.021,0.9,0.1,0.35,0.65,0.35,0.65
Qwen/Qwen2.5-7B-Instruct,NVIDIA GeForce RTX 5060 Ti,42,MultiFieldQA-en,10,16,214,multi-hop,47.5319,0.0,0.0,49.0091,0,1,1,0,77,333,333,333,44511731712,44511731712,44511731712,6.07,0.021,0.9,0.1,0.35,0.65,0.35,0.65
Qwen/Qwen2.5-7B-Instruct,NVIDIA GeForce RTX 5060 Ti,42,MultiFieldQA-en,10,16,215,multi-hop,49.266,0.0,0.0,0.0,0,1,1,1,92,348,348,348,48612114432,48612114432,48612114432,6.07,0.021,0.9,0.1,0.35,0.65,0.35,0.65
Qwen/Qwen2.5-7B-Instruct,NVIDIA GeForce RTX 5060 Ti,42,MultiFieldQA-en,10,16,216,multi-hop,47.9875,0.0,0.0,48.8327,0,1,1,0,101,357,357,357,51159048192,51159048192,51159048192,6.07,0.021,0.9,0.1,0.35,0.65,0.35,0.65
Qwen/Qwen2.5-7B-Instruct,NVIDIA GeForce RTX 5060 Ti,42,MultiFieldQA-en,10,16,217,semantic,49.5535,0.0,0.0,0.0,0,1,1,1,94,350,350,350,49172480000,49172480000,49172480000,6.07,0.021,0.9,0.1,0.35,0.65,0.35,0.65
Qwen/Qwen2.5-7B-Instruct,NVIDIA GeForce RTX 5060 Ti,42,MultiFieldQA-en,10,16,218,semantic,47.5246,0.0,0.0,0.0,0,1,1,1,138,394,394,394,62312972288,62312972288,62312972288,6.07,0.021,0.9,0.1,0.35,0.65,0.35,0.65
Qwen/Qwen2.5-7B-Instruct,NVIDIA GeForce RTX 5060 Ti,42,MultiFieldQA-en,10,16,219,structural,37.0012,0.0,0.0,0.0,0,1,1,1,1,20,20,67,160563200,160563200,1801920512,6.07,0.021,0.9,0.1,0.35,0.65,0.35,0.65
Qwen/Qwen2.5-7B-Instruct,NVIDIA GeForce RTX 5060 Ti,42,MultiFieldQA-en,10,16,220,multi-hop,63.5321,0.0,0.0,0.0,0,1,1,1,11,267,267,267,28615974912,28615974912,28615974912,6.07,0.021,0.9,0.1,0.35,0.65,0.35,0.65
Qwen/Qwen2.5-7B-Instruct,NVIDIA GeForce RTX 5060 Ti,42,MultiFieldQA-en,10,16,221,semantic,49.8701,0.0,0.0,0.0,0,1,1,1,65,321,321,321,41361481728,41361481728,41361481728,6.07,0.021,0.9,0.1,0.35,0.65,0.35,0.65
Qwen/Qwen2.5-7B-Instruct,NVIDIA GeForce RTX 5060 Ti,42,MultiFieldQA-en,10,16,222,structural,49.0519,49.9756,0.0,0.0,0,0,1,1,142,398,398,398,63584632832,63584632832,63584632832,6.07,0.021,0.9,0.1,0.35,0.65,0.35,0.65
Qwen/Qwen2.5-7B-Instruct,NVIDIA GeForce RTX 5060 Ti,42,MultiFieldQA-en,10,16,223,multi-hop,71.8442,0.0,68.5006,68.3046,0,1,0,0,48,304,304,304,37096521728,37096521728,37096521728,6.07,0.021,0.9,0.1,0.35,0.65,0.35,0.65
Qwen/Qwen2.5-7B-Instruct,NVIDIA GeForce RTX 5060 Ti,42,MultiFieldQA-en,10,16,224,multi-hop,44.5876,44.4935,0.0,0.0,0,0,1,1,121,377,377,377,57051717632,57051717632,57051717632,6.07,0.021,0.9,0.1,0.35,0.65,0.35,0.65
Qwen/Qwen2.5-7B-Instruct,NVIDIA GeForce RTX 5060 Ti,42,MultiFieldQA-en,10,16,225,structural,42.6087,45.6406,43.7577,0.0,0,0,0,1,124,380,380,380,57963315200,57963315200,57963315200,6.07,0.021,0.9,0.1,0.35,0.65,0.35,0.65
Qwen/Qwen2.5-7B-Instruct,NVIDIA GeForce RTX 5060 Ti,42,MultiFieldQA-en,10,16,226,semantic,43.5751,0.0,0.0,0.0,0,1,1,1,37,293,293,293,34460475392,34460475392,34460475392,6.07,0.021,0.9,0.1,0.35,0.65,0.35,0.65
Qwen/Qwen2.5-7B-Instruct,NVIDIA GeForce RTX 5060 Ti,42,MultiFieldQA-en,10,16,227,semantic,68.2015,69.7166,69.5943,70.049,0,0,0,0,125,381,381,381,58268786688,58268786688,58268786688,6.07,0.021,0.9,0.1,0.35,0.65,0.35,0.65
Qwen/Qwen2.5-7B-Instruct,NVIDIA GeForce RTX 5060 Ti,42,MultiFieldQA-en,10,16,228,structural,42.4439,0.0,0.0,0.0,0,1,1,1,112,368,368,368,54360276992,54360276992,54360276992,6.07,0.021,0.9,0.1,0.35,0.65,0.35,0.65
Qwen/Qwen2.5-7B-Instruct,NVIDIA GeForce RTX 5060 Ti,42,MultiFieldQA-en,10,16,229,multi-hop,43.7567,0.0,44.8961,43.4734,0,1,0,0,45,301,301,301,36367966208,36367966208,36367966208,6.07,0.021,0.9,0.1,0.35,0.65,0.35,0.65
Qwen/Qwen2.5-7B-Instruct,NVIDIA GeForce RTX 5060 Ti,42,MultiFieldQA-en,10,16,230,structural,49.2998,45.1813,44.736,0.0,0,0,0,1,18,274,274,274,30136107008,30136107008,30136107008,6.07,0.021,0.9,0.1,0.35,0.65,0.35,0.65
Qwen/Qwen2.5-7B-Instruct,NVIDIA GeForce RTX 5060 Ti,42,MultiFieldQA-en,10,16,231,semantic,67.0538,0.0,0.0,0.0,0,1,1,1,177,433,433,433,75259584512,75259584512,75259584512,6.07,0.021,0.9,0.1,0.35,0.65,0.35,0.65
Qwen/Qwen2.5-7B-Instruct,NVIDIA GeForce RTX 5060 Ti,42,MultiFieldQA-en,10,16,232,structural,50.2911,1114.1679,51.3554,0.0,0,0,0,1,11,267,267,267,28615974912,28615974912,28615974912,6.07,0.021,0.9,0.1,0.35,0.65,0.35,0.65
Qwen/Qwen2.5-7B-Instruct,NVIDIA GeForce RTX 5060 Ti,42,MultiFieldQA-en,10,16,233,structural,56.2245,51.8757,50.4245,0.0,0,0,0,1,92,348,348,348,48612114432,48612114432,48612114432,6.07,0.021,0.9,0.1,0.35,0.65,0.35,0.65
Qwen/Qwen2.5-7B-Instruct,NVIDIA GeForce RTX 5060 Ti,42,MultiFieldQA-en,10,16,234,semantic,67.6984,0.0,0.0,0.0,0,1,1,1,114,370,370,370,54952755200,54952755200,54952755200,6.07,0.021,0.9,0.1,0.35,0.65,0.35,0.65
Qwen/Qwen2.5-7B-Instruct,NVIDIA GeForce RTX 5060 Ti,42,MultiFieldQA-en,10,16,235,multi-hop,0.0,0.0,0.0,0.0,1,1,1,1,125,381,381,381,58268786688,58268786688,58268786688,6.07,0.021,0.9,0.1,0.35,0.65,0.35,0.65
Qwen/Qwen2.5-7B-Instruct,NVIDIA GeForce RTX 5060 Ti,42,MultiFieldQA-en,10,16,236,multi-hop,51.6406,0.0,0.0,52.3905,0,1,1,0,136,392,392,267,61681958912,61681958912,28615974912,6.07,0.021,0.9,0.1,0.35,0.65,0.35,0.65
Qwen/Qwen2.5-7B-Instruct,NVIDIA GeForce RTX 5060 Ti,42,MultiFieldQA-en,10,16,237,structural,52.1017,58.3215,0.0,0.0,0,0,1,1,88,344,344,344,47501017088,47501017088,47501017088,6.07,0.021,0.9,0.1,0.35,0.65,0.35,0.65
Qwen/Qwen2.5-7B-Instruct,NVIDIA GeForce RTX 5060 Ti,42,MultiFieldQA-en,10,16,238,multi-hop,50.2047,52.963,52.2554,0.0,0,0,0,1,43,299,299,299,35886276608,35886276608,35886276608,6.07,0.021,0.9,0.1,0.35,0.65,0.35,0.65
Qwen/Qwen2.5-7B-Instruct,NVIDIA GeForce RTX 5060 Ti,42,MultiFieldQA-en,10,16,239,structural,69.7013,70.472,0.0,0.0,0,0,1,1,20,276,276,276,30577655808,30577655808,30577655808,6.07,0.021,0.9,0.1,0.35,0.65,0.35,0.65
Qwen/Qwen2.5-7B-Instruct,NVIDIA GeForce RTX 5060 Ti,42,MultiFieldQA-en,10,16,240,multi-hop,51.2003,0.0,0.0,53.3707,0,1,1,0,111,367,367,367,54065242112,54065242112,54065242112,6.07,0.021,0.9,0.1,0.35,0.65,0.35,0.65
Qwen/Qwen2.5-7B-Instruct,NVIDIA GeForce RTX 5060 Ti,42,MultiFieldQA-en,10,16,241,multi-hop,51.0277,0.0,0.0,52.9927,0,1,1,0,122,378,378,378,57354780672,57354780672,57354780672,6.07,0.021,0.9,0.1,0.35,0.65,0.35,0.65
Qwen/Qwen2.5-7B-Instruct,NVIDIA GeForce RTX 5060 Ti,42,MultiFieldQA-en,10,16,242,multi-hop,52.8579,53.2321,0.0,0.0,0,0,1,1,86,342,342,342,46950285312,46950285312,46950285312,6.07,0.021,0.9,0.1,0.35,0.65,0.35,0.65
Qwen/Qwen2.5-7B-Instruct,NVIDIA GeForce RTX 5060 Ti,42,MultiFieldQA-en,10,16,243,multi-hop,0.0,70.4255,0.0,0.0,1,0,1,1,23,279,279,279,31246000128,31246000128,31246000128,6.07,0.021,0.9,0.1,0.35,0.65,0.35,0.65
Qwen/Qwen2.5-7B-Instruct,NVIDIA GeForce RTX 5060 Ti,42,MultiFieldQA-en,10,16,244,semantic,90.1853,0.0,0.0,0.0,0,1,1,1,289,545,545,545,119228211200,119228211200,119228211200,6.07,0.021,0.9,0.1,0.35,0.65,0.35,0.65
Qwen/Qwen2.5-7B-Instruct,NVIDIA GeForce RTX 5060 Ti,42,MultiFieldQA-en,10,16,245,multi-hop,65.8016,69.6197,67.5273,0.0,0,0,0,1,83,339,339,339,46130208768,46130208768,46130208768,6.07,0.021,0.9,0.1,0.35,0.65,0.35,0.65
Qwen/Qwen2.5-7B-Instruct,NVIDIA GeForce RTX 5060 Ti,42,MultiFieldQA-en,10,16,246,structural,50.9988,0.0,0.0,0.0,0,1,1,1,100,356,356,356,50872844288,50872844288,50872844288,6.07,0.021,0.9,0.1,0.35,0.65,0.35,0.65
Qwen/Qwen2.5-7B-Instruct,NVIDIA GeForce RTX 5060 Ti,42,MultiFieldQA-en,10,16,247,structural,50.0961,52.8649,0.0,0.0,0,0,1,1,37,293,293,293,34460475392,34460475392,34460475392,6.07,0.021,0.9,0.1,0.35,0.65,0.35,0.65
Qwen/Qwen2.5-7B-Instruct,NVIDIA GeForce RTX 5060 Ti,42,MultiFieldQA-en,10,16,248,semantic,50.9043,0.0,55.6826,50.6671,0,1,0,0,127,383,383,383,58882138112,58882138112,58882138112,6.07,0.021,0.9,0.1,0.35,0.65,0.35,0.65
Qwen/Qwen2.5-7B-Instruct,NVIDIA GeForce RTX 5060 Ti,42,MultiFieldQA-en,10,16,249,multi-hop,47.7627,0.0,49.0749,47.3486,0,1,0,0,33,289,289,289,33525997568,33525997568,33525997568,6.07,0.021,0.9,0.1,0.35,0.65,0.35,0.65
Qwen/Qwen2.5-7B-Instruct,NVIDIA GeForce RTX 5060 Ti,42,MultiFieldQA-en,10,16,250,semantic,66.3786,0.0,0.0,0.0,0,1,1,1,149,405,405,405,65840947200,65840947200,65840947200,6.07,0.021,0.9,0.1,0.35,0.65,0.35,0.65
Qwen/Qwen2.5-7B-Instruct,NVIDIA GeForce RTX 5060 Ti,42,MultiFieldQA-en,10,16,251,multi-hop,48.315,0.0,0.0,0.0,0,1,1,1,87,343,343,343,47225249792,47225249792,47225249792,6.07,0.021,0.9,0.1,0.35,0.65,0.35,0.65
Qwen/Qwen2.5-7B-Instruct,NVIDIA GeForce RTX 5060 Ti,42,MultiFieldQA-en,10,16,252,multi-hop,50.1962,0.0,0.0,0.0,0,1,1,1,86,342,342,342,46950285312,46950285312,46950285312,6.07,0.021,0.9,0.1,0.35,0.65,0.35,0.65
Qwen/Qwen2.5-7B-Instruct,NVIDIA GeForce RTX 5060 Ti,42,MultiFieldQA-en,10,16,253,multi-hop,48.4982,0.0,0.0,0.0,0,1,1,1,119,375,375,375,56448000000,56448000000,56448000000,6.07,0.021,0.9,0.1,0.35,0.65,0.35,0.65
Qwen/Qwen2.5-7B-Instruct,NVIDIA GeForce RTX 5060 Ti,42,MultiFieldQA-en,10,16,254,multi-hop,46.6085,48.5711,47.0182,0.0,0,0,0,1,79,335,335,335,45048012800,45048012800,45048012800,6.07,0.021,0.9,0.1,0.35,0.65,0.35,0.65
Qwen/Qwen2.5-7B-Instruct,NVIDIA GeForce RTX 5060 Ti,42,MultiFieldQA-en,10,16,255,multi-hop,47.6079,50.1622,0.0,0.0,0,0,1,1,48,304,304,304,37096521728,37096521728,37096521728,6.07,0.021,0.9,0.1,0.35,0.65,0.35,0.65
Qwen/Qwen2.5-7B-Instruct,NVIDIA GeForce RTX 5060 Ti,42,MultiFieldQA-en,10,16,256,multi-hop,47.9775,49.9104,54.4947,0.0,0,0,0,1,106,362,362,362,52602109952,52602109952,52602109952,6.07,0.021,0.9,0.1,0.35,0.65,0.35,0.65
Qwen/Qwen2.5-7B-Instruct,NVIDIA GeForce RTX 5060 Ti,42,MultiFieldQA-en,10,16,257,semantic,48.3898,0.0,0.0,0.0,0,1,1,1,109,365,365,365,53477580800,53477580800,53477580800,6.07,0.021,0.9,0.1,0.35,0.65,0.35,0.65
Qwen/Qwen2.5-7B-Instruct,NVIDIA GeForce RTX 5060 Ti,42,MultiFieldQA-en,10,16,258,multi-hop,72.8297,0.0,69.0003,65.8627,0,1,0,0,48,304,304,304,37096521728,37096521728,37096521728,6.07,0.021,0.9,0.1,0.35,0.65,0.35,0.65
Qwen/Qwen2.5-7B-Instruct,NVIDIA GeForce RTX 5060 Ti,42,MultiFieldQA-en,10,16,259,multi-hop,42.7419,0.0,42.0258,43.651,0,1,0,0,118,374,374,374,56147345408,56147345408,56147345408,6.07,0.021,0.9,0.1,0.35,0.65,0.35,0.65
Qwen/Qwen2.5-7B-Instruct,NVIDIA GeForce RTX 5060 Ti,42,MultiFieldQA-en,10,16,260,structural,43.2505,42.8171,43.9056,0.0,0,0,0,1,110,366,366,366,53771010048,53771010048,53771010048,6.07,0.021,0.9,0.1,0.35,0.65,0.35,0.65
Qwen/Qwen2.5-7B-Instruct,NVIDIA GeForce RTX 5060 Ti,42,MultiFieldQA-en,10,16,261,semantic,48.3658,0.0,0.0,0.0,0,1,1,1,101,357,357,357,51159048192,51159048192,51159048192,6.07,0.021,0.9,0.1,0.35,0.65,0.35,0.65
Qwen/Qwen2.5-7B-Instruct,NVIDIA GeForce RTX 5060 Ti,42,MultiFieldQA-en,10,16,262,multi-hop,53.0265,49.6162,47.9079,0.0,0,0,0,1,6,262,262,262,27554250752,27554250752,27554250752,6.07,0.021,0.9,0.1,0.35,0.65,0.35,0.65
Qwen/Qwen2.5-7B-Instruct,NVIDIA GeForce RTX 5060 Ti,42,MultiFieldQA-en,10,16,263,semantic,63.4453,0.0,64.3183,65.2522,0,1,0,0,37,293,293,293,34460475392,34460475392,34460475392,6.07,0.021,0.9,0.1,0.35,0.65,0.35,0.65
Qwen/Qwen2.5-7B-Instruct,NVIDIA GeForce RTX 5060 Ti,42,MultiFieldQA-en,10,16,264,semantic,37.6198,0.0,0.0,0.0,0,1,1,1,1,20,20,20,160563200,160563200,160563200,6.07,0.021,0.9,0.1,0.35,0.65,0.35,0.65
Qwen/Qwen2.5-7B-Instruct,NVIDIA GeForce RTX 5060 Ti,42,MultiFieldQA-en,10,16,265,semantic,46.0054,0.0,50.5068,0.0,0,1,0,1,125,381,381,381,58268786688,58268786688,58268786688,6.07,0.021,0.9,0.1,0.35,0.65,0.35,0.65
Qwen/Qwen2.5-7B-Instruct,NVIDIA GeForce RTX 5060 Ti,42,MultiFieldQA-en,10,16,266,semantic,50.1615,0.0,0.0,0.0,0,1,1,1,69,325,325,325,42398720000,42398720000,42398720000,6.07,0.021,0.9,0.1,0.35,0.65,0.35,0.65
Qwen/Qwen2.5-7B-Instruct,NVIDIA GeForce RTX 5060 Ti,42,MultiFieldQA-en,10,16,267,structural,46.4814,0.0,0.0,0.0,0,1,1,1,107,363,363,363,52893130752,52893130752,52893130752,6.07,0.021,0.9,0.1,0.35,0.65,0.35,0.65
Qwen/Qwen2.5-7B-Instruct,NVIDIA GeForce RTX 5060 Ti,42,MultiFieldQA-en,10,16,268,structural,48.0177,0.0,0.0,0.0,0,1,1,1,93,349,349,349,48891895808,48891895808,48891895808,6.07,0.021,0.9,0.1,0.35,0.65,0.35,0.65
Qwen/Qwen2.5-7B-Instruct,NVIDIA GeForce RTX 5060 Ti,42,MultiFieldQA-en,10,16,269,semantic,41.4333,0.0,46.6736,0.0,0,1,0,1,3,259,259,259,26926850048,26926850048,26926850048,6.07,0.021,0.9,0.1,0.35,0.65,0.35,0.65
Qwen/Qwen2.5-7B-Instruct,NVIDIA GeForce RTX 5060 Ti,42,MultiFieldQA-en,10,16,270,multi-hop,46.9195,0.0,0.0,47.6149,0,1,1,0,142,398,398,398,63584632832,63584632832,63584632832,6.07,0.021,0.9,0.1,0.35,0.65,0.35,0.65
Qwen/Qwen2.5-7B-Instruct,NVIDIA GeForce RTX 5060 Ti,42,MultiFieldQA-en,10,16,271,multi-hop,46.861,0.0,48.9843,47.4267,0,1,0,0,110,366,366,366,53771010048,53771010048,53771010048,6.07,0.021,0.9,0.1,0.35,0.65,0.35,0.65
Qwen/Qwen2.5-7B-Instruct,NVIDIA GeForce RTX 5060 Ti,42,MultiFieldQA-en,10,16,272,semantic,46.2121,0.0,47.5091,0.0,0,1,0,1,110,366,366,366,53771010048,53771010048,53771010048,6.07,0.021,0.9,0.1,0.35,0.65,0.35,0.65
Qwen/Qwen2.5-7B-Instruct,NVIDIA GeForce RTX 5060 Ti,42,MultiFieldQA-en,10,16,273,multi-hop,48.425,48.4286,47.4726,0.0,0,0,0,1,93,349,349,349,48891895808,48891895808,48891895808,6.07,0.021,0.9,0.1,0.35,0.65,0.35,0.65
Qwen/Qwen2.5-7B-Instruct,NVIDIA GeForce RTX 5060 Ti,42,MultiFieldQA-en,10,16,274,multi-hop,47.4597,48.3335,0.0,0.0,0,0,1,1,114,370,370,370,54952755200,54952755200,54952755200,6.07,0.021,0.9,0.1,0.35,0.65,0.35,0.65
Qwen/Qwen2.5-7B-Instruct,NVIDIA GeForce RTX 5060 Ti,42,MultiFieldQA-en,10,16,275,multi-hop,47.4605,0.0,51.1592,50.6221,0,1,0,0,20,276,276,276,30577655808,30577655808,30577655808,6.07,0.021,0.9,0.1,0.35,0.65,0.35,0.65
Qwen/Qwen2.5-7B-Instruct,NVIDIA GeForce RTX 5060 Ti,42,MultiFieldQA-en,10,16,276,multi-hop,49.7548,0.0,0.0,51.1222,0,1,1,0,79,335,335,335,45048012800,45048012800,45048012800,6.07,0.021,0.9,0.1,0.35,0.65,0.35,0.65
Qwen/Qwen2.5-7B-Instruct,NVIDIA GeForce RTX 5060 Ti,42,MultiFieldQA-en,10,16,277,structural,67.8317,68.2592,0.0,0.0,0,0,1,1,141,397,397,397,63265513472,63265513472,63265513472,6.07,0.021,0.9,0.1,0.35,0.65,0.35,0.65
Qwen/Qwen2.5-7B-Instruct,NVIDIA GeForce RTX 5060 Ti,42,MultiFieldQA-en,10,16,278,multi-hop,65.7995,68.4809,67.4027,66.9832,0,0,0,0,27,283,283,283,32148365312,32148365312,32148365312,6.07,0.021,0.9,0.1,0.35,0.65,0.35,0.65
Qwen/Qwen2.5-7B-Instruct,NVIDIA GeForce RTX 5060 Ti,42,MultiFieldQA-en,10,16,279,structural,53.8928,51.3412,51.3233,51.8607,0,0,0,0,120,376,376,376,56749457408,56749457408,56749457408,6.07,0.021,0.9,0.1,0.35,0.65,0.35,0.65
Qwen/Qwen2.5-7B-Instruct,NVIDIA GeForce RTX 5060 Ti,42,MultiFieldQA-en,10,16,280,multi-hop,48.1187,50.1588,51.0236,0.0,0,0,0,1,106,362,362,362,52602109952,52602109952,52602109952,6.07,0.021,0.9,0.1,0.35,0.65,0.35,0.65
Qwen/Qwen2.5-7B-Instruct,NVIDIA GeForce RTX 5060 Ti,42,MultiFieldQA-en,10,16,281,semantic,44.7963,0.0,0.0,0.0,0,1,1,1,135,391,391,391,61367656448,61367656448,61367656448,6.07,0.021,0.9,0.1,0.35,0.65,0.35,0.65
Qwen/Qwen2.5-7B-Instruct,NVIDIA GeForce RTX 5060 Ti,42,MultiFieldQA-en,10,16,282,semantic,50.4811,0.0,50.7911,0.0,0,1,0,1,67,323,323,323,41878495232,41878495232,41878495232,6.07,0.021,0.9,0.1,0.35,0.65,0.35,0.65
Qwen/Qwen2.5-7B-Instruct,NVIDIA GeForce RTX 5060 Ti,42,MultiFieldQA-en,10,16,283,structural,43.6672,44.438,44.7545,0.0,0,0,0,1,119,375,375,375,56448000000,56448000000,56448000000,6.07,0.021,0.9,0.1,0.35,0.65,0.35,0.65
Qwen/Qwen2.5-7B-Instruct,NVIDIA GeForce RTX 5060 Ti,42,MultiFieldQA-en,10,16,284,multi-hop,66.8332,71.2454,65.2705,66.5646,0,0,0,0,1,20,20,215,160563200,160563200,18555084800,6.07,0.021,0.9,0.1,0.35,0.65,0.35,0.65
Qwen/Qwen2.5-7B-Instruct,NVIDIA GeForce RTX 5060 Ti,42,MultiFieldQA-en,10,16,285,structural,43.6986,0.0,0.0,0.0,0,1,1,1,34,290,290,290,33758412800,33758412800,33758412800,6.07,0.021,0.9,0.1,0.35,0.65,0.35,0.65
Qwen/Qwen2.5-7B-Instruct,NVIDIA GeForce RTX 5060 Ti,42,MultiFieldQA-en,10,16,286,multi-hop,42.982,0.0,0.0,0.0,0,1,1,1,101,357,357,357,51159048192,51159048192,51159048192,6.07,0.021,0.9,0.1,0.35,0.65,0.35,0.65
Qwen/Qwen2.5-7B-Instruct,NVIDIA GeForce RTX 5060 Ti,42,MultiFieldQA-en,10,16,287,structural,44.8003,49.3472,0.0,0.0,0,0,1,1,108,364,364,364,53184954368,53184954368,53184954368,6.07,0.021,0.9,0.1,0.35,0.65,0.35,0.65
Qwen/Qwen2.5-7B-Instruct,NVIDIA GeForce RTX 5060 Ti,42,MultiFieldQA-en,10,16,288,multi-hop,43.3549,0.0,0.0,43.937,0,1,1,0,84,340,340,340,46402764800,46402764800,46402764800,6.07,0.021,0.9,0.1,0.35,0.65,0.35,0.65
Qwen/Qwen2.5-7B-Instruct,NVIDIA GeForce RTX 5060 Ti,42,MultiFieldQA-en,10,16,289,multi-hop,48.6308,0.0,0.0,49.8951,0,1,1,0,23,279,279,279,31246000128,31246000128,31246000128,6.07,0.021,0.9,0.1,0.35,0.65,0.35,0.65
Qwen/Qwen2.5-7B-Instruct,NVIDIA GeForce RTX 5060 Ti,42,MultiFieldQA-en,10,16,290,semantic,67.9854,0.0,0.0,0.0,0,1,1,1,124,380,380,380,57963315200,57963315200,57963315200,6.07,0.021,0.9,0.1,0.35,0.65,0.35,0.65
Qwen/Qwen2.5-7B-Instruct,NVIDIA GeForce RTX 5060 Ti,42,MultiFieldQA-en,10,16,291,multi-hop,51.0496,51.3276,50.1959,0.0,0,0,0,1,67,323,323,323,41878495232,41878495232,41878495232,6.07,0.021,0.9,0.1,0.35,0.65,0.35,0.65
Qwen/Qwen2.5-7B-Instruct,NVIDIA GeForce RTX 5060 Ti,42,MultiFieldQA-en,10,16,292,multi-hop,50.5533,0.0,51.9388,57.4013,0,1,0,0,110,366,366,366,53771010048,53771010048,53771010048,6.07,0.021,0.9,0.1,0.35,0.65,0.35,0.65
Qwen/Qwen2.5-7B-Instruct,NVIDIA GeForce RTX 5060 Ti,42,MultiFieldQA-en,10,16,293,multi-hop,67.009,66.4176,67.917,70.9414,0,0,0,0,5,108,137,261,4682022912,7534026752,27344314368,6.07,0.021,0.9,0.1,0.35,0.65,0.35,0.65
Qwen/Qwen2.5-7B-Instruct,NVIDIA GeForce RTX 5060 Ti,42,MultiFieldQA-en,10,16,294,multi-hop,51.8698,53.7252,0.0,0.0,0,0,1,1,104,360,360,360,52022476800,52022476800,52022476800,6.07,0.021,0.9,0.1,0.35,0.65,0.35,0.65
Qwen/Qwen2.5-7B-Instruct,NVIDIA GeForce RTX 5060 Ti,42,MultiFieldQA-en,10,16,295,semantic,43.2679,0.0,0.0,0.0,0,1,1,1,86,342,342,342,46950285312,46950285312,46950285312,6.07,0.021,0.9,0.1,0.35,0.65,0.35,0.65
Qwen/Qwen2.5-7B-Instruct,NVIDIA GeForce RTX 5060 Ti,42,MultiFieldQA-en,10,16,296,multi-hop,54.7798,52.8151,54.4667,0.0,0,0,0,1,21,277,277,277,30799634432,30799634432,30799634432,6.07,0.021,0.9,0.1,0.35,0.65,0.35,0.65
Qwen/Qwen2.5-7B-Instruct,NVIDIA GeForce RTX 5060 Ti,42,MultiFieldQA-en,10,16,297,multi-hop,48.4808,46.5315,47.1116,0.0,0,0,0,1,289,545,545,545,119228211200,119228211200,119228211200,6.07,0.021,0.9,0.1,0.35,0.65,0.35,0.65
Qwen/Qwen2.5-7B-Instruct,NVIDIA GeForce RTX 5060 Ti,42,MultiFieldQA-en,10,16,298,structural,51.6501,52.9673,51.1001,53.856,0,0,0,0,103,359,359,359,51733864448,51733864448,51733864448,6.07,0.021,0.9,0.1,0.35,0.65,0.35,0.65
Qwen/Qwen2.5-7B-Instruct,NVIDIA GeForce RTX 5060 Ti,42,MultiFieldQA-en,10,16,299,semantic,43.2489,0.0,43.6179,41.5616,0,1,0,0,16,272,272,272,29697769472,29697769472,29697769472,6.07,0.021,0.9,0.1,0.35,0.65,0.35,0.65
Qwen/Qwen2.5-7B-Instruct,NVIDIA GeForce RTX 5060 Ti,42,MultiFieldQA-en,10,16,300,multi-hop,50.0035,0.0,0.0,43.9829,0,1,1,0,71,327,327,327,42922156032,42922156032,42922156032,6.07,0.021,0.9,0.1,0.35,0.65,0.35,0.65
Qwen/Qwen2.5-7B-Instruct,NVIDIA GeForce RTX 5060 Ti,42,MultiFieldQA-en,10,16,301,multi-hop,53.8487,52.1464,0.0,0.0,0,0,1,1,81,337,337,337,45587505152,45587505152,45587505152,6.07,0.021,0.9,0.1,0.35,0.65,0.35,0.65
Qwen/Qwen2.5-7B-Instruct,NVIDIA GeForce RTX 5060 Ti,42,MultiFieldQA-en,10,16,302,structural,46.3681,49.8116,0.0,0.0,0,0,1,1,102,358,358,358,51446054912,51446054912,51446054912,6.07,0.021,0.9,0.1,0.35,0.65,0.35,0.65
Qwen/Qwen2.5-7B-Instruct,NVIDIA GeForce RTX 5060 Ti,42,MultiFieldQA-en,10,16,303,semantic,0.0,0.0,43.9247,43.3088,1,1,0,0,21,277,277,277,30799634432,30799634432,30799634432,6.07,0.021,0.9,0.1,0.35,0.65,0.35,0.65
Qwen/Qwen2.5-7B-Instruct,NVIDIA GeForce RTX 5060 Ti,42,MultiFieldQA-en,10,16,304,multi-hop,48.7308,0.0,0.0,47.1002,0,1,1,0,86,342,342,342,46950285312,46950285312,46950285312,6.07,0.021,0.9,0.1,0.35,0.65,0.35,0.65
Qwen/Qwen2.5-7B-Instruct,NVIDIA GeForce RTX 5060 Ti,42,MultiFieldQA-en,10,16,305,multi-hop,46.7513,0.0,0.0,49.5035,0,1,1,0,106,362,362,362,52602109952,52602109952,52602109952,6.07,0.021,0.9,0.1,0.35,0.65,0.35,0.65
Qwen/Qwen2.5-7B-Instruct,NVIDIA GeForce RTX 5060 Ti,42,MultiFieldQA-en,10,16,306,semantic,39.5962,0.0,0.0,0.0,0,1,1,1,6,262,262,262,27554250752,27554250752,27554250752,6.07,0.021,0.9,0.1,0.35,0.65,0.35,0.65
Qwen/Qwen2.5-7B-Instruct,NVIDIA GeForce RTX 5060 Ti,42,MultiFieldQA-en,10,16,307,semantic,46.7588,0.0,0.0,0.0,0,1,1,1,92,348,348,348,48612114432,48612114432,48612114432,6.07,0.021,0.9,0.1,0.35,0.65,0.35,0.65
Qwen/Qwen2.5-7B-Instruct,NVIDIA GeForce RTX 5060 Ti,42,MultiFieldQA-en,10,16,308,multi-hop,42.0333,47.7793,43.618,0.0,0,0,0,1,144,400,400,400,64225280000,64225280000,64225280000,6.07,0.021,0.9,0.1,0.35,0.65,0.35,0.65
Qwen/Qwen2.5-7B-Instruct,NVIDIA GeForce RTX 5060 Ti,42,MultiFieldQA-en,10,16,309,multi-hop,46.392,0.0,0.0,0.0,0,1,1,1,13,269,269,269,29046284288,29046284288,29046284288,6.07,0.021,0.9,0.1,0.35,0.65,0.35,0.65
Qwen/Qwen2.5-7B-Instruct,NVIDIA GeForce RTX 5060 Ti,42,MultiFieldQA-en,10,16,310,structural,37.9073,37.2675,38.4256,37.2692,0,0,0,0,20,276,276,276,30577655808,30577655808,30577655808,6.07,0.021,0.9,0.1,0.35,0.65,0.35,0.65
Qwen/Qwen2.5-7B-Instruct,NVIDIA GeForce RTX 5060 Ti,42,MultiFieldQA-en,10,16,311,multi-hop,47.6136,48.5261,52.9605,0.0,0,0,0,1,88,344,344,344,47501017088,47501017088,47501017088,6.07,0.021,0.9,0.1,0.35,0.65,0.35,0.65
Qwen/Qwen2.5-7B-Instruct,NVIDIA GeForce RTX 5060 Ti,42,MultiFieldQA-en,10,16,312,multi-hop,46.7185,48.7433,48.14,0.0,0,0,0,1,85,341,341,341,46676123648,46676123648,46676123648,6.07,0.021,0.9,0.1,0.35,0.65,0.35,0.65
Qwen/Qwen2.5-7B-Instruct,NVIDIA GeForce RTX 5060 Ti,42,MultiFieldQA-en,10,16,313,structural,42.5087,48.5823,0.0,0.0,0,0,1,1,95,351,351,351,49453867008,49453867008,49453867008,6.07,0.021,0.9,0.1,0.35,0.65,0.35,0.65
Qwen/Qwen2.5-7B-Instruct,NVIDIA GeForce RTX 5060 Ti,42,MultiFieldQA-en,10,16,314,structural,47.2265,49.8108,0.0,0.0,0,0,1,1,77,333,333,333,44511731712,44511731712,44511731712,6.07,0.021,0.9,0.1,0.35,0.65,0.35,0.65
Qwen/Qwen2.5-7B-Instruct,NVIDIA GeForce RTX 5060 Ti,42,MultiFieldQA-en,10,16,315,multi-hop,63.168,69.0286,68.2298,0.0,0,0,0,1,83,339,339,339,46130208768,46130208768,46130208768,6.07,0.021,0.9,0.1,0.35,0.65,0.35,0.65
Qwen/Qwen2.5-7B-Instruct,NVIDIA GeForce RTX 5060 Ti,42,MultiFieldQA-en,10,16,316,semantic,66.6124,0.0,0.0,0.0,0,1,1,1,135,391,391,391,61367656448,61367656448,61367656448,6.07,0.021,0.9,0.1,0.35,0.65,0.35,0.65
Qwen/Qwen2.5-7B-Instruct,NVIDIA GeForce RTX 5060 Ti,42,MultiFieldQA-en,10,16,317,multi-hop,48.4214,0.0,0.0,50.6961,0,1,1,0,106,362,362,362,52602109952,52602109952,52602109952,6.07,0.021,0.9,0.1,0.35,0.65,0.35,0.65
Qwen/Qwen2.5-7B-Instruct,NVIDIA GeForce RTX 5060 Ti,42,MultiFieldQA-en,10,16,318,multi-hop,50.8696,0.0,0.0,0.0,0,1,1,1,137,393,393,393,61997064192,61997064192,61997064192,6.07,0.021,0.9,0.1,0.35,0.65,0.35,0.65
Qwen/Qwen2.5-7B-Instruct,NVIDIA GeForce RTX 5060 Ti,42,MultiFieldQA-en,10,16,319,semantic,48.4189,0.0,0.0,0.0,0,1,1,1,73,329,329,329,43448803328,43448803328,43448803328,6.07,0.021,0.9,0.1,0.35,0.65,0.35,0.65
Qwen/Qwen2.5-7B-Instruct,NVIDIA GeForce RTX 5060 Ti,42,MultiFieldQA-en,10,16,320,multi-hop,68.0645,0.0,0.0,0.0,0,1,1,1,177,433,433,433,75259584512,75259584512,75259584512,6.07,0.021,0.9,0.1,0.35,0.65,0.35,0.65
Qwen/Qwen2.5-7B-Instruct,NVIDIA GeForce RTX 5060 Ti,42,MultiFieldQA-en,10,16,321,multi-hop,51.1122,55.2024,0.0,0.0,0,0,1,1,119,375,375,375,56448000000,56448000000,56448000000,6.07,0.021,0.9,0.1,0.35,0.65,0.35,0.65
Qwen/Qwen2.5-7B-Instruct,NVIDIA GeForce RTX 5060 Ti,42,MultiFieldQA-en,10,16,322,multi-hop,52.5736,49.681,52.7632,0.0,0,0,0,1,88,344,344,344,47501017088,47501017088,47501017088,6.07,0.021,0.9,0.1,0.35,0.65,0.35,0.65
Qwen/Qwen2.5-7B-Instruct,NVIDIA GeForce RTX 5060 Ti,42,MultiFieldQA-en,10,16,323,structural,0.0,0.0,0.0,0.0,1,1,1,1,141,397,397,397,63265513472,63265513472,63265513472,6.07,0.021,0.9,0.1,0.35,0.65,0.35,0.65
Qwen/Qwen2.5-7B-Instruct,NVIDIA GeForce RTX 5060 Ti,42,MultiFieldQA-en,10,16,324,semantic,49.2468,0.0,0.0,0.0,0,1,1,1,10,266,266,266,28402024448,28402024448,28402024448,6.07,0.021,0.9,0.1,0.35,0.65,0.35,0.65
Qwen/Qwen2.5-7B-Instruct,NVIDIA GeForce RTX 5060 Ti,42,MultiFieldQA-en,10,16,325,semantic,50.1576,0.0,51.334,51.0303,0,1,0,0,127,383,383,383,58882138112,58882138112,58882138112,6.07,0.021,0.9,0.1,0.35,0.65,0.35,0.65
Qwen/Qwen2.5-7B-Instruct,NVIDIA GeForce RTX 5060 Ti,42,MultiFieldQA-en,10,16,326,multi-hop,43.1082,44.3219,45.1316,0.0,0,0,0,1,116,372,372,372,55548444672,55548444672,55548444672,6.07,0.021,0.9,0.1,0.35,0.65,0.35,0.65
Qwen/Qwen2.5-7B-Instruct,NVIDIA GeForce RTX 5060 Ti,42,MultiFieldQA-en,10,16,327,structural,51.8132,0.0,0.0,0.0,0,1,1,1,151,407,407,407,66492833792,66492833792,66492833792,6.07,0.021,0.9,0.1,0.35,0.65,0.35,0.65
Qwen/Qwen2.5-7B-Instruct,NVIDIA GeForce RTX 5060 Ti,42,MultiFieldQA-en,10,16,328,multi-hop,49.5336,0.0,50.0082,51.6357,0,1,0,0,26,282,282,282,31921569792,31921569792,31921569792,6.07,0.021,0.9,0.1,0.35,0.65,0.35,0.65
Qwen/Qwen2.5-7B-Instruct,NVIDIA GeForce RTX 5060 Ti,42,MultiFieldQA-en,10,16,329,multi-hop,49.6703,0.0,0.0,0.0,0,1,1,1,104,360,360,360,52022476800,52022476800,52022476800,6.07,0.021,0.9,0.1,0.35,0.65,0.35,0.65
Qwen/Qwen2.5-7B-Instruct,NVIDIA GeForce RTX 5060 Ti,42,MultiFieldQA-en,10,16,330,structural,49.7763,51.9175,51.2046,0.0,0,0,0,1,181,437,437,437,76656484352,76656484352,76656484352,6.07,0.021,0.9,0.1,0.35,0.65,0.35,0.65
Qwen/Qwen2.5-7B-Instruct,NVIDIA GeForce RTX 5060 Ti,42,MultiFieldQA-en,10,16,331,multi-hop,49.7422,0.0,0.0,51.289,0,1,1,0,23,279,279,279,31246000128,31246000128,31246000128,6.07,0.021,0.9,0.1,0.35,0.65,0.35,0.65
Qwen/Qwen2.5-7B-Instruct,NVIDIA GeForce RTX 5060 Ti,42,MultiFieldQA-en,10,16,332,multi-hop,52.4464,0.0,0.0,0.0,0,1,1,1,107,363,363,363,52893130752,52893130752,52893130752,6.07,0.021,0.9,0.1,0.35,0.65,0.35,0.65
Qwen/Qwen2.5-7B-Instruct,NVIDIA GeForce RTX 5060 Ti,42,MultiFieldQA-en,10,16,333,semantic,0.0,0.0,0.0,0.0,1,1,1,1,117,373,373,373,55847493632,55847493632,55847493632,6.07,0.021,0.9,0.1,0.35,0.65,0.35,0.65
Qwen/Qwen2.5-7B-Instruct,NVIDIA GeForce RTX 5060 Ti,42,MultiFieldQA-en,10,16,334,semantic,44.113,0.0,45.1987,44.2165,0,1,0,0,21,277,277,277,30799634432,30799634432,30799634432,6.07,0.021,0.9,0.1,0.35,0.65,0.35,0.65
Qwen/Qwen2.5-7B-Instruct,NVIDIA GeForce RTX 5060 Ti,42,MultiFieldQA-en,10,16,335,multi-hop,66.8669,77.4473,67.6044,0.0,0,0,0,1,135,391,391,391,61367656448,61367656448,61367656448,6.07,0.021,0.9,0.1,0.35,0.65,0.35,0.65
Qwen/Qwen2.5-7B-Instruct,NVIDIA GeForce RTX 5060 Ti,42,MultiFieldQA-en,10,16,336,multi-hop,50.6599,0.0,51.8939,51.4629,0,1,0,0,96,352,352,352,49736056832,49736056832,49736056832,6.07,0.021,0.9,0.1,0.35,0.65,0.35,0.65
Qwen/Qwen2.5-7B-Instruct,NVIDIA GeForce RTX 5060 Ti,42,MultiFieldQA-en,10,16,337,structural,49.6014,0.0,0.0,0.0,0,1,1,1,100,356,356,356,50872844288,50872844288,50872844288,6.07,0.021,0.9,0.1,0.35,0.65,0.35,0.65
Qwen/Qwen2.5-7B-Instruct,NVIDIA GeForce RTX 5060 Ti,42,MultiFieldQA-en,10,16,338,multi-hop,0.0,0.0,0.0,0.0,1,1,1,1,114,370,370,370,54952755200,54952755200,54952755200,6.07,0.021,0.9,0.1,0.35,0.65,0.35,0.65
Qwen/Qwen2.5-7B-Instruct,NVIDIA GeForce RTX 5060 Ti,42,MultiFieldQA-en,10,16,339,multi-hop,51.1791,0.0,53.3055,51.4882,0,1,0,0,72,328,328,328,43185078272,43185078272,43185078272,6.07,0.021,0.9,0.1,0.35,0.65,0.35,0.65
Qwen/Qwen2.5-7B-Instruct,NVIDIA GeForce RTX 5060 Ti,42,MultiFieldQA-en,10,16,340,semantic,48.1746,0.0,0.0,0.0,0,1,1,1,108,364,364,364,53184954368,53184954368,53184954368,6.07,0.021,0.9,0.1,0.35,0.65,0.35,0.65
Qwen/Qwen2.5-7B-Instruct,NVIDIA GeForce RTX 5060 Ti,42,MultiFieldQA-en,10,16,341,semantic,49.564,0.0,0.0,0.0,0,1,1,1,89,345,345,345,47777587200,47777587200,47777587200,6.07,0.021,0.9,0.1,0.35,0.65,0.35,0.65
Qwen/Qwen2.5-7B-Instruct,NVIDIA GeForce RTX 5060 Ti,42,MultiFieldQA-en,10,16,342,multi-hop,67.6986,0.0,0.0,0.0,0,1,1,1,100,356,356,356,50872844288,50872844288,50872844288,6.07,0.021,0.9,0.1,0.35,0.65,0.35,0.65
Qwen/Qwen2.5-7B-Instruct,NVIDIA GeForce RTX 5060 Ti,42,MultiFieldQA-en,10,16,343,structural,48.9227,50.2186,48.7792,0.0,0,0,0,1,95,351,351,351,49453867008,49453867008,49453867008,6.07,0.021,0.9,0.1,0.35,0.65,0.35,0.65
Qwen/Qwen2.5-7B-Instruct,NVIDIA GeForce RTX 5060 Ti,42,MultiFieldQA-en,10,16,344,multi-hop,68.5439,70.044,75.4355,0.0,0,0,0,1,201,457,457,457,83833659392,83833659392,83833659392,6.07,0.021,0.9,0.1,0.35,0.65,0.35,0.65
Qwen/Qwen2.5-7B-Instruct,NVIDIA GeForce RTX 5060 Ti,42,MultiFieldQA-en,10,16,345,semantic,66.9423,0.0,0.0,0.0,0,1,1,1,53,309,309,309,38326837248,38326837248,38326837248,6.07,0.021,0.9,0.1,0.35,0.65,0.35,0.65
Qwen/Qwen2.5-7B-Instruct,NVIDIA GeForce RTX 5060 Ti,42,MultiFieldQA-en,10,16,346,semantic,50.8212,0.0,0.0,0.0,0,1,1,1,99,355,355,355,50587443200,50587443200,50587443200,6.07,0.021,0.9,0.1,0.35,0.65,0.35,0.65
Qwen/Qwen2.5-7B-Instruct,NVIDIA GeForce RTX 5060 Ti,42,MultiFieldQA-en,10,16,347,structural,67.3932,69.8869,0.0,0.0,0,0,1,1,96,352,352,352,49736056832,49736056832,49736056832,6.07,0.021,0.9,0.1,0.35,0.65,0.35,0.65
Qwen/Qwen2.5-7B-Instruct,NVIDIA GeForce RTX 5060 Ti,42,MultiFieldQA-en,10,16,348,structural,68.8796,0.0,0.0,0.0,0,1,1,1,128,384,384,384,59190018048,59190018048,59190018048,6.07,0.021,0.9,0.1,0.35,0.65,0.35,0.65
Qwen/Qwen2.5-7B-Instruct,NVIDIA GeForce RTX 5060 Ti,42,MultiFieldQA-en,10,16,349,semantic,0.0,0.0,0.0,0.0,1,1,1,1,99,355,355,355,50587443200,50587443200,50587443200,6.07,0.021,0.9,0.1,0.35,0.65,0.35,0.65
Qwen/Qwen2.5-7B-Instruct,NVIDIA GeForce RTX 5060 Ti,42,MultiFieldQA-en,10,16,350,semantic,50.4228,0.0,0.0,0.0,0,1,1,1,116,372,372,372,55548444672,55548444672,55548444672,6.07,0.021,0.9,0.1,0.35,0.65,0.35,0.65
Qwen/Qwen2.5-7B-Instruct,NVIDIA GeForce RTX 5060 Ti,42,MultiFieldQA-en,10,16,351,multi-hop,43.8662,49.2472,0.0,0.0,0,0,1,1,104,360,360,360,52022476800,52022476800,52022476800,6.07,0.021,0.9,0.1,0.35,0.65,0.35,0.65
Qwen/Qwen2.5-7B-Instruct,NVIDIA GeForce RTX 5060 Ti,42,MultiFieldQA-en,10,16,352,structural,50.7234,51.9253,51.6834,0.0,0,0,0,1,100,356,356,356,50872844288,50872844288,50872844288,6.07,0.021,0.9,0.1,0.35,0.65,0.35,0.65
Qwen/Qwen2.5-7B-Instruct,NVIDIA GeForce RTX 5060 Ti,42,MultiFieldQA-en,10,16,353,semantic,48.1094,0.0,49.4676,0.0,0,1,0,1,110,366,366,366,53771010048,53771010048,53771010048,6.07,0.021,0.9,0.1,0.35,0.65,0.35,0.65
Qwen/Qwen2.5-7B-Instruct,NVIDIA GeForce RTX 5060 Ti,42,MultiFieldQA-en,10,16,354,semantic,68.3389,0.0,0.0,0.0,0,1,1,1,149,405,405,405,65840947200,65840947200,65840947200,6.07,0.021,0.9,0.1,0.35,0.65,0.35,0.65
Qwen/Qwen2.5-7B-Instruct,NVIDIA GeForce RTX 5060 Ti,42,MultiFieldQA-en,10,16,355,semantic,0.0,0.0,0.0,0.0,1,1,1,1,149,405,405,405,65840947200,65840947200,65840947200,6.07,0.021,0.9,0.1,0.35,0.65,0.35,0.65
Qwen/Qwen2.5-7B-Instruct,NVIDIA GeForce RTX 5060 Ti,42,MultiFieldQA-en,10,16,356,multi-hop,47.0257,43.3351,42.0866,0.0,0,0,0,1,71,327,327,327,42922156032,42922156032,42922156032,6.07,0.021,0.9,0.1,0.35,0.65,0.35,0.65
Qwen/Qwen2.5-7B-Instruct,NVIDIA GeForce RTX 5060 Ti,42,MultiFieldQA-en,10,16,357,structural,47.2016,0.0,0.0,0.0,0,1,1,1,78,334,334,334,44779470848,44779470848,44779470848,6.07,0.021,0.9,0.1,0.35,0.65,0.35,0.65
Qwen/Qwen2.5-7B-Instruct,NVIDIA GeForce RTX 5060 Ti,42,MultiFieldQA-en,10,16,358,multi-hop,53.4636,50.3862,0.0,0.0,0,0,1,1,72,328,328,328,43185078272,43185078272,43185078272,6.07,0.021,0.9,0.1,0.35,0.65,0.35,0.65
Qwen/Qwen2.5-7B-Instruct,NVIDIA GeForce RTX 5060 Ti,42,MultiFieldQA-en,10,16,359,structural,44.9627,47.2585,47.3718,0.0,0,0,0,1,95,351,351,351,49453867008,49453867008,49453867008,6.07,0.021,0.9,0.1,0.35,0.65,0.35,0.65
Qwen/Qwen2.5-7B-Instruct,NVIDIA GeForce RTX 5060 Ti,42,MultiFieldQA-en,10,16,360,structural,47.1136,50.6494,0.0,0.0,0,0,1,1,125,381,381,381,58268786688,58268786688,58268786688,6.07,0.021,0.9,0.1,0.35,0.65,0.35,0.65
Qwen/Qwen2.5-7B-Instruct,NVIDIA GeForce RTX 5060 Ti,42,MultiFieldQA-en,10,16,361,semantic,41.5575,0.0,0.0,0.0,0,1,1,1,43,299,299,299,35886276608,35886276608,35886276608,6.07,0.021,0.9,0.1,0.35,0.65,0.35,0.65
Qwen/Qwen2.5-7B-Instruct,NVIDIA GeForce RTX 5060 Ti,42,MultiFieldQA-en,10,16,362,multi-hop,52.1402,55.658,48.984,0.0,0,0,0,1,101,357,357,357,51159048192,51159048192,51159048192,6.07,0.021,0.9,0.1,0.35,0.65,0.35,0.65
Qwen/Qwen2.5-7B-Instruct,NVIDIA GeForce RTX 5060 Ti,42,MultiFieldQA-en,10,16,363,structural,64.5417,0.0,0.0,0.0,0,1,1,1,136,392,392,392,61681958912,61681958912,61681958912,6.07,0.021,0.9,0.1,0.35,0.65,0.35,0.65
Qwen/Qwen2.5-7B-Instruct,NVIDIA GeForce RTX 5060 Ti,42,MultiFieldQA-en,10,16,364,semantic,48.7226,0.0,0.0,0.0,0,1,1,1,55,311,311,311,38824583168,38824583168,38824583168,6.07,0.021,0.9,0.1,0.35,0.65,0.35,0.65
Qwen/Qwen2.5-7B-Instruct,NVIDIA GeForce RTX 5060 Ti,42,MultiFieldQA-en,10,16,365,semantic,47.753,0.0,0.0,0.0,0,1,1,1,95,351,351,351,49453867008,49453867008,49453867008,6.07,0.021,0.9,0.1,0.35,0.65,0.35,0.65
Qwen/Qwen2.5-7B-Instruct,NVIDIA GeForce RTX 5060 Ti,42,MultiFieldQA-en,10,16,366,multi-hop,46.7788,48.7086,48.7377,0.0,0,0,0,1,33,289,289,289,33525997568,33525997568,33525997568,6.07,0.021,0.9,0.1,0.35,0.65,0.35,0.65
Qwen/Qwen2.5-7B-Instruct,NVIDIA GeForce RTX 5060 Ti,42,MultiFieldQA-en,10,16,367,semantic,46.5287,0.0,0.0,0.0,0,1,1,1,86,342,342,342,46950285312,46950285312,46950285312,6.07,0.021,0.9,0.1,0.35,0.65,0.35,0.65
Qwen/Qwen2.5-7B-Instruct,NVIDIA GeForce RTX 5060 Ti,42,MultiFieldQA-en,10,16,368,semantic,46.8627,0.0,0.0,0.0,0,1,1,1,121,377,377,377,57051717632,57051717632,57051717632,6.07,0.021,0.9,0.1,0.35,0.65,0.35,0.65
Qwen/Qwen2.5-7B-Instruct,NVIDIA GeForce RTX 5060 Ti,42,MultiFieldQA-en,10,16,369,semantic,47.0152,0.0,0.0,0.0,0,1,1,1,86,342,342,342,46950285312,46950285312,46950285312,6.07,0.021,0.9,0.1,0.35,0.65,0.35,0.65
Qwen/Qwen2.5-7B-Instruct,NVIDIA GeForce RTX 5060 Ti,42,MultiFieldQA-en,10,16,370,multi-hop,44.0219,0.0,0.0,38.905,0,1,1,0,10,266,266,266,28402024448,28402024448,28402024448,6.07,0.021,0.9,0.1,0.35,0.65,0.35,0.65
Qwen/Qwen2.5-7B-Instruct,NVIDIA GeForce RTX 5060 Ti,42,MultiFieldQA-en,10,16,371,semantic,40.6986,0.0,0.0,0.0,0,1,1,1,48,304,304,304,37096521728,37096521728,37096521728,6.07,0.021,0.9,0.1,0.35,0.65,0.35,0.65
Qwen/Qwen2.5-7B-Instruct,NVIDIA GeForce RTX 5060 Ti,42,MultiFieldQA-en,10,16,372,multi-hop,56.9633,0.0,0.0,0.0,0,1,1,1,106,362,362,362,52602109952,52602109952,52602109952,6.07,0.021,0.9,0.1,0.35,0.65,0.35,0.65
Qwen/Qwen2.5-7B-Instruct,NVIDIA GeForce RTX 5060 Ti,42,MultiFieldQA-en,10,16,373,multi-hop,49.6383,0.0,49.5282,50.137,0,1,0,0,100,356,356,356,50872844288,50872844288,50872844288,6.07,0.021,0.9,0.1,0.35,0.65,0.35,0.65
Qwen/Qwen2.5-7B-Instruct,NVIDIA GeForce RTX 5060 Ti,42,MultiFieldQA-en,10,16,374,structural,49.3692,49.7291,0.0,0.0,0,0,1,1,150,406,406,406,66166489088,66166489088,66166489088,6.07,0.021,0.9,0.1,0.35,0.65,0.35,0.65
Qwen/Qwen2.5-7B-Instruct,NVIDIA GeForce RTX 5060 Ti,42,MultiFieldQA-en,10,16,375,structural,43.534,44.534,43.2131,42.4115,0,0,0,0,92,348,348,348,48612114432,48612114432,48612114432,6.07,0.021,0.9,0.1,0.35,0.65,0.35,0.65
Qwen/Qwen2.5-7B-Instruct,NVIDIA GeForce RTX 5060 Ti,42,MultiFieldQA-en,10,16,376,multi-hop,54.0071,65.8545,0.0,0.0,0,0,1,1,95,351,351,351,49453867008,49453867008,49453867008,6.07,0.021,0.9,0.1,0.35,0.65,0.35,0.65
Qwen/Qwen2.5-7B-Instruct,NVIDIA GeForce RTX 5060 Ti,42,MultiFieldQA-en,10,16,377,structural,41.7896,42.5741,42.4779,42.5524,0,0,0,0,86,342,342,342,46950285312,46950285312,46950285312,6.07,0.021,0.9,0.1,0.35,0.65,0.35,0.65
Qwen/Qwen2.5-7B-Instruct,NVIDIA GeForce RTX 5060 Ti,42,MultiFieldQA-en,10,16,378,multi-hop,40.6705,40.9715,41.5857,0.0,0,0,0,1,143,399,399,399,63904555008,63904555008,63904555008,6.07,0.021,0.9,0.1,0.35,0.65,0.35,0.65
Qwen/Qwen2.5-7B-Instruct,NVIDIA GeForce RTX 5060 Ti,42,MultiFieldQA-en,10,16,379,structural,48.9121,50.6319,0.0,0.0,0,0,1,1,92,348,348,348,48612114432,48612114432,48612114432,6.07,0.021,0.9,0.1,0.35,0.65,0.35,0.65
Qwen/Qwen2.5-7B-Instruct,NVIDIA GeForce RTX 5060 Ti,42,MultiFieldQA-en,10,16,380,semantic,67.909,0.0,0.0,0.0,0,1,1,1,150,406,406,406,66166489088,66166489088,66166489088,6.07,0.021,0.9,0.1,0.35,0.65,0.35,0.65
Qwen/Qwen2.5-7B-Instruct,NVIDIA GeForce RTX 5060 Ti,42,MultiFieldQA-en,10,16,381,structural,46.7015,49.3245,0.0,0.0,0,0,1,1,111,367,367,367,54065242112,54065242112,54065242112,6.07,0.021,0.9,0.1,0.35,0.65,0.35,0.65
Qwen/Qwen2.5-7B-Instruct,NVIDIA GeForce RTX 5060 Ti,42,MultiFieldQA-en,10,16,382,semantic,38.4004,0.0,0.0,0.0,0,1,1,1,1,20,20,20,160563200,160563200,160563200,6.07,0.021,0.9,0.1,0.35,0.65,0.35,0.65
Qwen/Qwen2.5-7B-Instruct,NVIDIA GeForce RTX 5060 Ti,42,MultiFieldQA-en,10,16,383,multi-hop,80.5973,0.0,0.0,84.616,0,1,1,0,19,275,275,275,30356480000,30356480000,30356480000,6.07,0.021,0.9,0.1,0.35,0.65,0.35,0.65
Qwen/Qwen2.5-7B-Instruct,NVIDIA GeForce RTX 5060 Ti,42,MultiFieldQA-en,10,16,384,structural,42.9285,43.74,43.3214,0.0,0,0,0,1,116,372,372,372,55548444672,55548444672,55548444672,6.07,0.021,0.9,0.1,0.35,0.65,0.35,0.65
Qwen/Qwen2.5-7B-Instruct,NVIDIA GeForce RTX 5060 Ti,42,MultiFieldQA-en,10,16,385,multi-hop,68.64,0.0,0.0,0.0,0,1,1,1,184,440,440,440,77712588800,77712588800,77712588800,6.07,0.021,0.9,0.1,0.35,0.65,0.35,0.65
Qwen/Qwen2.5-7B-Instruct,NVIDIA GeForce RTX 5060 Ti,42,MultiFieldQA-en,10,16,386,semantic,48.5059,0.0,49.1905,0.0,0,1,0,1,85,341,341,341,46676123648,46676123648,46676123648,6.07,0.021,0.9,0.1,0.35,0.65,0.35,0.65
Qwen/Qwen2.5-7B-Instruct,NVIDIA GeForce RTX 5060 Ti,42,MultiFieldQA-en,10,16,387,semantic,49.8374,0.0,0.0,0.0,0,1,1,1,70,326,326,326,42660036608,42660036608,42660036608,6.07,0.021,0.9,0.1,0.35,0.65,0.35,0.65
Qwen/Qwen2.5-7B-Instruct,NVIDIA GeForce RTX 5060 Ti,42,MultiFieldQA-en,10,16,388,multi-hop,48.8815,0.0,0.0,51.3263,0,1,1,0,99,355,355,355,50587443200,50587443200,50587443200,6.07,0.021,0.9,0.1,0.35,0.65,0.35,0.65
Qwen/Qwen2.5-7B-Instruct,NVIDIA GeForce RTX 5060 Ti,42,MultiFieldQA-en,10,16,389,semantic,51.3345,0.0,61.6785,0.0,0,1,0,1,81,337,337,337,45587505152,45587505152,45587505152,6.07,0.021,0.9,0.1,0.35,0.65,0.35,0.65
Qwen/Qwen2.5-7B-Instruct,NVIDIA GeForce RTX 5060 Ti,42,MultiFieldQA-en,10,16,390,multi-hop,44.4185,0.0,0.0,0.0,0,1,1,1,67,323,323,323,41878495232,41878495232,41878495232,6.07,0.021,0.9,0.1,0.35,0.65,0.35,0.65
Qwen/Qwen2.5-7B-Instruct,NVIDIA GeForce RTX 5060 Ti,42,MultiFieldQA-en,10,16,391,multi-hop,52.6131,0.0,0.0,53.2959,0,1,1,0,96,352,352,352,49736056832,49736056832,49736056832,6.07,0.021,0.9,0.1,0.35,0.65,0.35,0.65
Qwen/Qwen2.5-7B-Instruct,NVIDIA GeForce RTX 5060 Ti,42,MultiFieldQA-en,10,16,392,multi-hop,51.8801,0.0,71.6634,58.2341,0,1,0,0,53,309,309,309,38326837248,38326837248,38326837248,6.07,0.021,0.9,0.1,0.35,0.65,0.35,0.65
Qwen/Qwen2.5-7B-Instruct,NVIDIA GeForce RTX 5060 Ti,42,MultiFieldQA-en,10,16,393,semantic,56.2529,0.0,0.0,0.0,0,1,1,1,107,363,363,363,52893130752,52893130752,52893130752,6.07,0.021,0.9,0.1,0.35,0.65,0.35,0.65
Qwen/Qwen2.5-7B-Instruct,NVIDIA GeForce RTX 5060 Ti,42,MultiFieldQA-en,10,16,394,multi-hop,45.543,45.5234,0.0,0.0,0,0,1,1,108,364,364,364,53184954368,53184954368,53184954368,6.07,0.021,0.9,0.1,0.35,0.65,0.35,0.65
Qwen/Qwen2.5-7B-Instruct,NVIDIA GeForce RTX 5060 Ti,42,MultiFieldQA-en,10,16,395,multi-hop,74.7276,0.0,0.0,0.0,0,1,1,1,137,393,393,393,61997064192,61997064192,61997064192,6.07,0.021,0.9,0.1,0.35,0.65,0.35,0.65
Qwen/Qwen2.5-7B-Instruct,NVIDIA GeForce RTX 5060 Ti,42,MultiFieldQA-en,10,16,396,multi-hop,57.3301,52.5965,0.0,0.0,0,0,1,1,58,314,314,314,39577223168,39577223168,39577223168,6.07,0.021,0.9,0.1,0.35,0.65,0.35,0.65
Qwen/Qwen2.5-7B-Instruct,NVIDIA GeForce RTX 5060 Ti,42,MultiFieldQA-en,10,16,397,structural,51.2561,0.0,0.0,0.0,0,1,1,1,106,362,362,362,52602109952,52602109952,52602109952,6.07,0.021,0.9,0.1,0.35,0.65,0.35,0.65
Qwen/Qwen2.5-7B-Instruct,NVIDIA GeForce RTX 5060 Ti,42,MultiFieldQA-en,10,16,398,multi-hop,53.6978,55.6049,0.0,0.0,0,0,1,1,10,266,266,266,28402024448,28402024448,28402024448,6.07,0.021,0.9,0.1,0.35,0.65,0.35,0.65
Qwen/Qwen2.5-7B-Instruct,NVIDIA GeForce RTX 5060 Ti,42,MultiFieldQA-en,10,16,399,multi-hop,51.6673,0.0,53.5308,57.3493,0,1,0,0,60,316,316,316,40082997248,40082997248,40082997248,6.07,0.021,0.9,0.1,0.35,0.65,0.35,0.65
Qwen/Qwen2.5-7B-Instruct,NVIDIA GeForce RTX 5060 Ti,42,MultiFieldQA-en,10,16,400,multi-hop,66.6878,0.0,0.0,51.2986,0,1,1,0,23,279,279,279,31246000128,31246000128,31246000128,6.07,0.021,0.9,0.1,0.35,0.65,0.35,0.65
Qwen/Qwen2.5-7B-Instruct,NVIDIA GeForce RTX 5060 Ti,42,MultiFieldQA-en,10,16,401,structural,77.2321,67.4135,66.2821,67.5287,0,0,0,0,1,20,20,20,160563200,160563200,160563200,6.07,0.021,0.9,0.1,0.35,0.65,0.35,0.65
Qwen/Qwen2.5-7B-Instruct,NVIDIA GeForce RTX 5060 Ti,42,MultiFieldQA-en,10,16,402,semantic,50.7566,0.0,0.0,0.0,0,1,1,1,128,384,384,384,59190018048,59190018048,59190018048,6.07,0.021,0.9,0.1,0.35,0.65,0.35,0.65
Qwen/Qwen2.5-7B-Instruct,NVIDIA GeForce RTX 5060 Ti,42,MultiFieldQA-en,10,16,403,multi-hop,91.1755,0.0,92.1442,0.0,0,1,0,1,194,450,450,450,81285120000,81285120000,81285120000,6.07,0.021,0.9,0.1,0.35,0.65,0.35,0.65
Qwen/Qwen2.5-7B-Instruct,NVIDIA GeForce RTX 5060 Ti,42,MultiFieldQA-en,10,16,404,semantic,50.5899,0.0,0.0,0.0,0,1,1,1,73,329,329,329,43448803328,43448803328,43448803328,6.07,0.021,0.9,0.1,0.35,0.65,0.35,0.65
Qwen/Qwen2.5-7B-Instruct,NVIDIA GeForce RTX 5060 Ti,42,MultiFieldQA-en,10,16,405,structural,53.4926,52.2223,0.0,0.0,0,0,1,1,53,309,309,309,38326837248,38326837248,38326837248,6.07,0.021,0.9,0.1,0.35,0.65,0.35,0.65
Qwen/Qwen2.5-7B-Instruct,NVIDIA GeForce RTX 5060 Ti,42,MultiFieldQA-en,10,16,406,semantic,69.1242,0.0,0.0,0.0,0,1,1,1,115,371,371,371,55250198528,55250198528,55250198528,6.07,0.021,0.9,0.1,0.35,0.65,0.35,0.65
Qwen/Qwen2.5-7B-Instruct,NVIDIA GeForce RTX 5060 Ti,42,MultiFieldQA-en,10,16,407,multi-hop,47.5562,46.746,51.1142,0.0,0,0,0,1,43,299,299,299,35886276608,35886276608,35886276608,6.07,0.021,0.9,0.1,0.35,0.65,0.35,0.65
Qwen/Qwen2.5-7B-Instruct,NVIDIA GeForce RTX 5060 Ti,42,MultiFieldQA-en,10,16,408,multi-hop,46.8352,0.0,0.0,47.285,0,1,1,0,43,299,299,299,35886276608,35886276608,35886276608,6.07,0.021,0.9,0.1,0.35,0.65,0.35,0.65
Qwen/Qwen2.5-7B-Instruct,NVIDIA GeForce RTX 5060 Ti,42,MultiFieldQA-en,10,16,409,semantic,49.3785,0.0,0.0,0.0,0,1,1,1,109,365,365,365,53477580800,53477580800,53477580800,6.07,0.021,0.9,0.1,0.35,0.65,0.35,0.65
Qwen/Qwen2.5-7B-Instruct,NVIDIA GeForce RTX 5060 Ti,42,MultiFieldQA-en,10,16,410,multi-hop,0.0,0.0,0.0,48.2472,1,1,1,0,137,393,393,393,61997064192,61997064192,61997064192,6.07,0.021,0.9,0.1,0.35,0.65,0.35,0.65
Qwen/Qwen2.5-7B-Instruct,NVIDIA GeForce RTX 5060 Ti,42,MultiFieldQA-en,10,16,411,structural,50.2745,51.9139,50.0968,48.6407,0,0,0,0,1,20,20,67,160563200,160563200,1801920512,6.07,0.021,0.9,0.1,0.35,0.65,0.35,0.65
Qwen/Qwen2.5-7B-Instruct,NVIDIA GeForce RTX 5060 Ti,42,MultiFieldQA-en,10,16,412,multi-hop,50.6318,0.0,51.1558,49.3863,0,1,0,0,159,415,415,415,69132492800,69132492800,69132492800,6.07,0.021,0.9,0.1,0.35,0.65,0.35,0.65
Qwen/Qwen2.5-7B-Instruct,NVIDIA GeForce RTX 5060 Ti,42,MultiFieldQA-en,10,16,413,multi-hop,48.6432,0.0,48.9309,0.0,0,1,0,1,1,20,20,20,160563200,160563200,160563200,6.07,0.021,0.9,0.1,0.35,0.65,0.35,0.65
Qwen/Qwen2.5-7B-Instruct,NVIDIA GeForce RTX 5060 Ti,42,MultiFieldQA-en,10,16,414,multi-hop,47.556,0.0,50.6095,49.7326,0,1,0,0,85,341,341,341,46676123648,46676123648,46676123648,6.07,0.021,0.9,0.1,0.35,0.65,0.35,0.65
Qwen/Qwen2.5-7B-Instruct,NVIDIA GeForce RTX 5060 Ti,42,MultiFieldQA-en,10,16,415,semantic,42.1478,0.0,0.0,0.0,0,1,1,1,111,367,367,367,54065242112,54065242112,54065242112,6.07,0.021,0.9,0.1,0.35,0.65,0.35,0.65
Qwen/Qwen2.5-7B-Instruct,NVIDIA GeForce RTX 5060 Ti,42,MultiFieldQA-en,10,16,416,semantic,47.4724,50.3634,0.0,0.0,0,0,1,1,78,334,334,334,44779470848,44779470848,44779470848,6.07,0.021,0.9,0.1,0.35,0.65,0.35,0.65
Qwen/Qwen2.5-7B-Instruct,NVIDIA GeForce RTX 5060 Ti,42,MultiFieldQA-en,10,16,417,semantic,48.6304,0.0,0.0,0.0,0,1,1,1,23,279,251,279,31246000128,25289105408,31246000128,6.07,0.021,0.9,0.1,0.35,0.65,0.35,0.65
Qwen/Qwen2.5-7B-Instruct,NVIDIA GeForce RTX 5060 Ti,42,MultiFieldQA-en,10,16,418,multi-hop,48.97,51.2173,49.7087,0.0,0,0,0,1,101,357,357,357,51159048192,51159048192,51159048192,6.07,0.021,0.9,0.1,0.35,0.65,0.35,0.65
Qwen/Qwen2.5-7B-Instruct,NVIDIA GeForce RTX 5060 Ti,42,MultiFieldQA-en,10,16,419,multi-hop,48.9594,50.4998,51.5892,0.0,0,0,0,1,103,359,359,359,51733864448,51733864448,51733864448,6.07,0.021,0.9,0.1,0.35,0.65,0.35,0.65
Qwen/Qwen2.5-7B-Instruct,NVIDIA GeForce RTX 5060 Ti,42,MultiFieldQA-en,10,16,420,structural,48.4992,48.3876,0.0,49.8649,0,0,1,0,46,302,302,302,36610015232,36610015232,36610015232,6.07,0.021,0.9,0.1,0.35,0.65,0.35,0.65
Qwen/Qwen2.5-7B-Instruct,NVIDIA GeForce RTX 5060 Ti,42,MultiFieldQA-en,10,16,421,multi-hop,41.6722,44.1349,43.9306,0.0,0,0,0,1,120,376,376,376,56749457408,56749457408,56749457408,6.07,0.021,0.9,0.1,0.35,0.65,0.35,0.65
Qwen/Qwen2.5-7B-Instruct,NVIDIA GeForce RTX 5060 Ti,42,MultiFieldQA-en,10,16,422,multi-hop,48.641,0.0,0.0,0.0,0,1,1,1,59,315,315,315,39829708800,39829708800,39829708800,6.07,0.021,0.9,0.1,0.35,0.65,0.35,0.65
Qwen/Qwen2.5-7B-Instruct,NVIDIA GeForce RTX 5060 Ti,42,MultiFieldQA-en,10,16,423,semantic,39.0447,0.0,0.0,0.0,0,1,1,1,8,264,173,264,27976531968,12013740032,27976531968,6.07,0.021,0.9,0.1,0.35,0.65,0.35,0.65
Qwen/Qwen2.5-7B-Instruct,NVIDIA GeForce RTX 5060 Ti,42,MultiFieldQA-en,10,16,424,structural,66.2229,0.0,0.0,0.0,0,1,1,1,155,411,411,411,67806240768,67806240768,67806240768,6.07,0.021,0.9,0.1,0.35,0.65,0.35,0.65
Qwen/Qwen2.5-7B-Instruct,NVIDIA GeForce RTX 5060 Ti,42,MultiFieldQA-en,10,16,425,semantic,50.9127,0.0,0.0,0.0,0,1,1,1,79,335,335,335,45048012800,45048012800,45048012800,6.07,0.021,0.9,0.1,0.35,0.65,0.35,0.65
Qwen/Qwen2.5-7B-Instruct,NVIDIA GeForce RTX 5060 Ti,42,MultiFieldQA-en,10,16,426,multi-hop,43.6302,43.1909,42.2089,0.0,0,0,0,1,158,414,414,414,68799725568,68799725568,68799725568,6.07,0.021,0.9,0.1,0.35,0.65,0.35,0.65
Qwen/Qwen2.5-7B-Instruct,NVIDIA GeForce RTX 5060 Ti,42,MultiFieldQA-en,10,16,427,semantic,47.7012,0.0,0.0,0.0,0,1,1,1,33,289,289,289,33525997568,33525997568,33525997568,6.07,0.021,0.9,0.1,0.35,0.65,0.35,0.65
Qwen/Qwen2.5-7B-Instruct,NVIDIA GeForce RTX 5060 Ti,42,MultiFieldQA-en,10,16,428,semantic,43.3613,0.0,0.0,0.0,0,1,1,1,94,350,350,350,49172480000,49172480000,49172480000,6.07,0.021,0.9,0.1,0.35,0.65,0.35,0.65
Qwen/Qwen2.5-7B-Instruct,NVIDIA GeForce RTX 5060 Ti,42,MultiFieldQA-en,10,16,429,multi-hop,50.3415,50.6905,0.0,0.0,0,0,1,1,129,385,385,385,59498700800,59498700800,59498700800,6.07,0.021,0.9,0.1,0.35,0.65,0.35,0.65
Qwen/Qwen2.5-7B-Instruct,NVIDIA GeForce RTX 5060 Ti,42,MultiFieldQA-en,10,16,430,semantic,48.1291,50.1488,49.8527,50.1718,0,0,0,0,93,349,349,349,48891895808,48891895808,48891895808,6.07,0.021,0.9,0.1,0.35,0.65,0.35,0.65
Qwen/Qwen2.5-7B-Instruct,NVIDIA GeForce RTX 5060 Ti,42,MultiFieldQA-en,10,16,431,multi-hop,55.2542,50.7712,47.6205,0.0,0,0,0,1,15,271,271,271,29479804928,29479804928,29479804928,6.07,0.021,0.9,0.1,0.35,0.65,0.35,0.65
Qwen/Qwen2.5-7B-Instruct,NVIDIA GeForce RTX 5060 Ti,42,MultiFieldQA-en,10,16,432,structural,49.5882,52.0756,0.0,0.0,0,0,1,1,66,322,322,322,41619587072,41619587072,41619587072,6.07,0.021,0.9,0.1,0.35,0.65,0.35,0.65
Qwen/Qwen2.5-7B-Instruct,NVIDIA GeForce RTX 5060 Ti,42,MultiFieldQA-en,10,16,433,structural,42.0345,45.1091,0.0,0.0,0,0,1,1,41,297,297,297,35407798272,35407798272,35407798272,6.07,0.021,0.9,0.1,0.35,0.65,0.35,0.65
Qwen/Qwen2.5-7B-Instruct,NVIDIA GeForce RTX 5060 Ti,42,MultiFieldQA-en,10,16,434,multi-hop,41.3257,44.5881,44.9842,0.0,0,0,0,1,111,367,367,367,54065242112,54065242112,54065242112,6.07,0.021,0.9,0.1,0.35,0.65,0.35,0.65
Qwen/Qwen2.5-7B-Instruct,NVIDIA GeForce RTX 5060 Ti,42,MultiFieldQA-en,10,16,435,structural,49.7735,0.0,0.0,0.0,0,1,1,1,105,361,361,361,52311891968,52311891968,52311891968,6.07,0.021,0.9,0.1,0.35,0.65,0.35,0.65
Qwen/Qwen2.5-7B-Instruct,NVIDIA GeForce RTX 5060 Ti,42,MultiFieldQA-en,10,16,436,multi-hop,49.228,0.0,50.8658,50.0436,0,1,0,0,17,273,273,273,29916536832,29916536832,29916536832,6.07,0.021,0.9,0.1,0.35,0.65,0.35,0.65
Qwen/Qwen2.5-7B-Instruct,NVIDIA GeForce RTX 5060 Ti,42,MultiFieldQA-en,10,16,437,multi-hop,43.9924,0.0,0.0,0.0,0,1,1,1,134,390,390,390,61054156800,61054156800,61054156800,6.07,0.021,0.9,0.1,0.35,0.65,0.35,0.65
Qwen/Qwen2.5-7B-Instruct,NVIDIA GeForce RTX 5060 Ti,42,MultiFieldQA-en,10,16,438,multi-hop,41.9152,43.5507,41.9591,0.0,0,0,0,1,45,301,301,301,36367966208,36367966208,36367966208,6.07,0.021,0.9,0.1,0.35,0.65,0.35,0.65
Qwen/Qwen2.5-7B-Instruct,NVIDIA GeForce RTX 5060 Ti,42,MultiFieldQA-en,10,16,439,semantic,50.0263,0.0,0.0,51.7404,0,1,1,0,21,277,277,277,30799634432,30799634432,30799634432,6.07,0.021,0.9,0.1,0.35,0.65,0.35,0.65
Qwen/Qwen2.5-7B-Instruct,NVIDIA GeForce RTX 5060 Ti,42,MultiFieldQA-en,10,16,440,multi-hop,48.5966,0.0,0.0,0.0,0,1,1,1,63,319,319,319,40847679488,40847679488,40847679488,6.07,0.021,0.9,0.1,0.35,0.65,0.35,0.65
Qwen/Qwen2.5-7B-Instruct,NVIDIA GeForce RTX 5060 Ti,42,MultiFieldQA-en,10,16,441,multi-hop,68.1715,0.0,0.0,0.0,0,1,1,1,111,367,367,367,54065242112,54065242112,54065242112,6.07,0.021,0.9,0.1,0.35,0.65,0.35,0.65
Qwen/Qwen2.5-7B-Instruct,NVIDIA GeForce RTX 5060 Ti,42,MultiFieldQA-en,10,16,442,semantic,51.1092,0.0,0.0,0.0,0,1,1,1,156,412,412,412,68136599552,68136599552,68136599552,6.07,0.021,0.9,0.1,0.35,0.65,0.35,0.65
Qwen/Qwen2.5-7B-Instruct,NVIDIA GeForce RTX 5060 Ti,42,MultiFieldQA-en,10,16,443,structural,66.2885,70.2334,69.1187,0.0,0,0,0,1,11,267,267,267,28615974912,28615974912,28615974912,6.07,0.021,0.9,0.1,0.35,0.65,0.35,0.65
Qwen/Qwen2.5-7B-Instruct,NVIDIA GeForce RTX 5060 Ti,42,MultiFieldQA-en,10,16,444,multi-hop,69.7454,0.0,0.0,70.3752,0,1,1,0,150,406,406,406,66166489088,66166489088,66166489088,6.07,0.021,0.9,0.1,0.35,0.65,0.35,0.65
Qwen/Qwen2.5-7B-Instruct,NVIDIA GeForce RTX 5060 Ti,42,MultiFieldQA-en,10,16,445,structural,45.3326,44.2334,43.444,49.9827,0,0,0,0,1,20,20,20,160563200,160563200,160563200,6.07,0.021,0.9,0.1,0.35,0.65,0.35,0.65
Qwen/Qwen2.5-7B-Instruct,NVIDIA GeForce RTX 5060 Ti,42,MultiFieldQA-en,10,16,446,structural,48.3996,51.2413,0.0,0.0,0,0,1,1,106,362,362,362,52602109952,52602109952,52602109952,6.07,0.021,0.9,0.1,0.35,0.65,0.35,0.65
Qwen/Qwen2.5-7B-Instruct,NVIDIA GeForce RTX 5060 Ti,42,MultiFieldQA-en,10,16,447,multi-hop,49.9259,0.0,0.0,0.0,0,1,1,1,103,359,359,359,51733864448,51733864448,51733864448,6.07,0.021,0.9,0.1,0.35,0.65,0.35,0.65
Qwen/Qwen2.5-7B-Instruct,NVIDIA GeForce RTX 5060 Ti,42,MultiFieldQA-en,10,16,448,multi-hop,49.0516,51.1304,0.0,0.0,0,0,1,1,81,337,337,337,45587505152,45587505152,45587505152,6.07,0.021,0.9,0.1,0.35,0.65,0.35,0.65
Qwen/Qwen2.5-7B-Instruct,NVIDIA GeForce RTX 5060 Ti,42,MultiFieldQA-en,10,16,449,semantic,50.4077,0.0,0.0,0.0,0,1,1,1,83,339,339,339,46130208768,46130208768,46130208768,6.07,0.021,0.9,0.1,0.35,0.65,0.35,0.65
Qwen/Qwen2.5-7B-Instruct,NVIDIA GeForce RTX 5060 Ti,42,MultiFieldQA-en,10,16,450,structural,51.9331,52.2742,51.6815,0.0,0,0,0,1,76,332,332,332,44244795392,44244795392,44244795392,6.07,0.021,0.9,0.1,0.35,0.65,0.35,0.65
Qwen/Qwen2.5-7B-Instruct,NVIDIA GeForce RTX 5060 Ti,42,MultiFieldQA-en,10,16,451,semantic,58.6107,0.0,0.0,0.0,0,1,1,1,97,353,353,353,50019049472,50019049472,50019049472,6.07,0.021,0.9,0.1,0.35,0.65,0.35,0.65
Qwen/Qwen2.5-7B-Instruct,NVIDIA GeForce RTX 5060 Ti,42,MultiFieldQA-en,10,16,452,structural,52.4953,51.9131,51.6259,0.0,0,0,0,1,110,366,366,366,53771010048,53771010048,53771010048,6.07,0.021,0.9,0.1,0.35,0.65,0.35,0.65
Qwen/Qwen2.5-7B-Instruct,NVIDIA GeForce RTX 5060 Ti,42,MultiFieldQA-en,10,16,453,multi-hop,52.5488,0.0,0.0,0.0,0,1,1,1,96,352,352,352,49736056832,49736056832,49736056832,6.07,0.021,0.9,0.1,0.35,0.65,0.35,0.65
Qwen/Qwen2.5-7B-Instruct,NVIDIA GeForce RTX 5060 Ti,42,MultiFieldQA-en,10,16,454,multi-hop,51.5456,54.5836,58.1926,0.0,0,0,0,1,96,352,352,352,49736056832,49736056832,49736056832,6.07,0.021,0.9,0.1,0.35,0.65,0.35,0.65
Qwen/Qwen2.5-7B-Instruct,NVIDIA GeForce RTX 5060 Ti,42,MultiFieldQA-en,10,16,455,semantic,70.0377,0.0,0.0,0.0,0,1,1,1,163,419,419,419,70471589888,70471589888,70471589888,6.07,0.021,0.9,0.1,0.35,0.65,0.35,0.65
Qwen/Qwen2.5-7B-Instruct,NVIDIA GeForce RTX 5060 Ti,42,MultiFieldQA-en,10,16,456,semantic,49.9686,0.0,53.9317,0.0,0,1,0,1,20,276,276,276,30577655808,30577655808,30577655808,6.07,0.021,0.9,0.1,0.35,0.65,0.35,0.65
Qwen/Qwen2.5-7B-Instruct,NVIDIA GeForce RTX 5060 Ti,42,MultiFieldQA-en,10,16,457,multi-hop,43.2798,0.0,0.0,0.0,0,1,1,1,137,393,393,393,61997064192,61997064192,61997064192,6.07,0.021,0.9,0.1,0.35,0.65,0.35,0.65
Qwen/Qwen2.5-7B-Instruct,NVIDIA GeForce RTX 5060 Ti,42,MultiFieldQA-en,10,16,458,multi-hop,70.8312,0.0,0.0,70.2322,0,1,1,0,150,406,406,406,66166489088,66166489088,66166489088,6.07,0.021,0.9,0.1,0.35,0.65,0.35,0.65
Qwen/Qwen2.5-7B-Instruct,NVIDIA GeForce RTX 5060 Ti,42,MultiFieldQA-en,10,16,459,multi-hop,42.6357,45.2944,45.0506,44.3814,0,0,0,0,26,282,282,282,31921569792,31921569792,31921569792,6.07,0.021,0.9,0.1,0.35,0.65,0.35,0.65
Qwen/Qwen2.5-7B-Instruct,NVIDIA GeForce RTX 5060 Ti,42,MultiFieldQA-en,10,16,460,structural,52.0224,0.0,0.0,0.0,0,1,1,1,111,367,367,367,54065242112,54065242112,54065242112,6.07,0.021,0.9,0.1,0.35,0.65,0.35,0.65
Qwen/Qwen2.5-7B-Instruct,NVIDIA GeForce RTX 5060 Ti,42,MultiFieldQA-en,10,16,461,semantic,70.3436,0.0,0.0,0.0,0,1,1,1,158,414,414,414,68799725568,68799725568,68799725568,6.07,0.021,0.9,0.1,0.35,0.65,0.35,0.65
Qwen/Qwen2.5-7B-Instruct,NVIDIA GeForce RTX 5060 Ti,42,MultiFieldQA-en,10,16,462,structural,50.9851,52.9894,53.0928,0.0,0,0,0,1,107,363,363,363,52893130752,52893130752,52893130752,6.07,0.021,0.9,0.1,0.35,0.65,0.35,0.65
Qwen/Qwen2.5-7B-Instruct,NVIDIA GeForce RTX 5060 Ti,42,MultiFieldQA-en,10,16,463,semantic,44.4618,0.0,0.0,0.0,0,1,1,1,73,329,329,329,43448803328,43448803328,43448803328,6.07,0.021,0.9,0.1,0.35,0.65,0.35,0.65
Qwen/Qwen2.5-7B-Instruct,NVIDIA GeForce RTX 5060 Ti,42,MultiFieldQA-en,10,16,464,multi-hop,42.4343,43.7868,42.0937,0.0,0,0,0,1,47,303,303,303,36852867072,36852867072,36852867072,6.07,0.021,0.9,0.1,0.35,0.65,0.35,0.65
Qwen/Qwen2.5-7B-Instruct,NVIDIA GeForce RTX 5060 Ti,42,MultiFieldQA-en,10,16,465,semantic,0.0,0.0,0.0,66.1518,1,1,1,0,102,358,358,358,51446054912,51446054912,51446054912,6.07,0.021,0.9,0.1,0.35,0.65,0.35,0.65
Qwen/Qwen2.5-7B-Instruct,NVIDIA GeForce RTX 5060 Ti,42,MultiFieldQA-en,10,16,466,semantic,0.0,0.0,0.0,0.0,1,1,1,1,99,355,355,355,50587443200,50587443200,50587443200,6.07,0.021,0.9,0.1,0.35,0.65,0.35,0.65
Qwen/Qwen2.5-7B-Instruct,NVIDIA GeForce RTX 5060 Ti,42,MultiFieldQA-en,10,16,467,structural,0.0,49.1441,0.0,0.0,1,0,1,1,116,372,372,372,55548444672,55548444672,55548444672,6.07,0.021,0.9,0.1,0.35,0.65,0.35,0.65
Qwen/Qwen2.5-7B-Instruct,NVIDIA GeForce RTX 5060 Ti,42,MultiFieldQA-en,10,16,468,structural,48.064,49.3036,48.7065,0.0,0,0,0,1,37,293,293,293,34460475392,34460475392,34460475392,6.07,0.021,0.9,0.1,0.35,0.65,0.35,0.65
Qwen/Qwen2.5-7B-Instruct,NVIDIA GeForce RTX 5060 Ti,42,MultiFieldQA-en,10,16,469,multi-hop,46.8564,40.9009,40.5673,0.0,0,0,0,1,91,347,347,347,48333135872,48333135872,48333135872,6.07,0.021,0.9,0.1,0.35,0.65,0.35,0.65
Qwen/Qwen2.5-7B-Instruct,NVIDIA GeForce RTX 5060 Ti,42,MultiFieldQA-en,10,16,470,multi-hop,48.0552,0.0,49.0389,48.8182,0,1,0,0,135,391,391,391,61367656448,61367656448,61367656448,6.07,0.021,0.9,0.1,0.35,0.65,0.35,0.65
Qwen/Qwen2.5-7B-Instruct,NVIDIA GeForce RTX 5060 Ti,42,MultiFieldQA-en,10,16,471,structural,46.4731,48.6997,47.9884,0.0,0,0,0,1,63,319,319,319,40847679488,40847679488,40847679488,6.07,0.021,0.9,0.1,0.35,0.65,0.35,0.65
Qwen/Qwen2.5-7B-Instruct,NVIDIA GeForce RTX 5060 Ti,42,MultiFieldQA-en,10,16,472,multi-hop,47.9927,50.4053,0.0,0.0,0,0,1,1,116,372,372,372,55548444672,55548444672,55548444672,6.07,0.021,0.9,0.1,0.35,0.65,0.35,0.65
Qwen/Qwen2.5-7B-Instruct,NVIDIA GeForce RTX 5060 Ti,42,MultiFieldQA-en,10,16,473,semantic,63.9074,0.0,0.0,65.2957,0,1,1,0,114,370,370,370,54952755200,54952755200,54952755200,6.07,0.021,0.9,0.1,0.35,0.65,0.35,0.65
Qwen/Qwen2.5-7B-Instruct,NVIDIA GeForce RTX 5060 Ti,42,MultiFieldQA-en,10,16,474,multi-hop,47.2068,0.0,0.0,50.2728,0,1,1,0,86,342,342,342,46950285312,46950285312,46950285312,6.07,0.021,0.9,0.1,0.35,0.65,0.35,0.65
Qwen/Qwen2.5-7B-Instruct,NVIDIA GeForce RTX 5060 Ti,42,MultiFieldQA-en,10,16,475,multi-hop,49.8721,0.0,0.0,51.3741,0,1,1,0,137,393,393,393,61997064192,61997064192,61997064192,6.07,0.021,0.9,0.1,0.35,0.65,0.35,0.65
Qwen/Qwen2.5-7B-Instruct,NVIDIA GeForce RTX 5060 Ti,42,MultiFieldQA-en,10,16,476,multi-hop,47.8389,49.8546,0.0,0.0,0,0,1,1,61,317,317,317,40337088512,40337088512,40337088512,6.07,0.021,0.9,0.1,0.35,0.65,0.35,0.65
Qwen/Qwen2.5-7B-Instruct,NVIDIA GeForce RTX 5060 Ti,42,MultiFieldQA-en,10,16,477,multi-hop,68.3538,0.0,0.0,0.0,0,1,1,1,47,303,303,303,36852867072,36852867072,36852867072,6.07,0.021,0.9,0.1,0.35,0.65,0.35,0.65
Qwen/Qwen2.5-7B-Instruct,NVIDIA GeForce RTX 5060 Ti,42,MultiFieldQA-en,10,16,478,structural,49.4959,49.3232,48.7597,0.0,0,0,0,1,5,108,137,261,4682022912,7534026752,27344314368,6.07,0.021,0.9,0.1,0.35,0.65,0.35,0.65
Qwen/Qwen2.5-7B-Instruct,NVIDIA GeForce RTX 5060 Ti,42,MultiFieldQA-en,10,16,479,structural,50.5594,51.8697,51.0454,0.0,0,0,0,1,96,352,352,352,49736056832,49736056832,49736056832,6.07,0.021,0.9,0.1,0.35,0.65,0.35,0.65
Qwen/Qwen2.5-7B-Instruct,NVIDIA GeForce RTX 5060 Ti,42,MultiFieldQA-en,10,16,480,semantic,49.9876,0.0,0.0,0.0,0,1,1,1,78,334,334,334,44779470848,44779470848,44779470848,6.07,0.021,0.9,0.1,0.35,0.65,0.35,0.65
Qwen/Qwen2.5-7B-Instruct,NVIDIA GeForce RTX 5060 Ti,42,MultiFieldQA-en,10,16,481,multi-hop,67.8967,70.2706,68.564,0.0,0,0,0,1,150,406,406,406,66166489088,66166489088,66166489088,6.07,0.021,0.9,0.1,0.35,0.65,0.35,0.65
Qwen/Qwen2.5-7B-Instruct,NVIDIA GeForce RTX 5060 Ti,42,MultiFieldQA-en,10,16,482,structural,66.7478,69.5461,0.0,0.0,0,0,1,1,114,370,370,370,54952755200,54952755200,54952755200,6.07,0.021,0.9,0.1,0.35,0.65,0.35,0.65
Qwen/Qwen2.5-7B-Instruct,NVIDIA GeForce RTX 5060 Ti,42,MultiFieldQA-en,10,16,483,structural,39.2734,39.3418,40.0562,38.9544,0,0,0,0,5,108,137,261,4682022912,7534026752,27344314368,6.07,0.021,0.9,0.1,0.35,0.65,0.35,0.65
Qwen/Qwen2.5-7B-Instruct,NVIDIA GeForce RTX 5060 Ti,42,MultiFieldQA-en,10,16,484,multi-hop,41.7795,45.9427,0.0,0.0,0,0,1,1,111,367,367,367,54065242112,54065242112,54065242112,6.07,0.021,0.9,0.1,0.35,0.65,0.35,0.65
Qwen/Qwen2.5-7B-Instruct,NVIDIA GeForce RTX 5060 Ti,42,MultiFieldQA-en,10,16,485,multi-hop,49.3302,0.0,0.0,0.0,0,1,1,1,110,366,366,366,53771010048,53771010048,53771010048,6.07,0.021,0.9,0.1,0.35,0.65,0.35,0.65
Qwen/Qwen2.5-7B-Instruct,NVIDIA GeForce RTX 5060 Ti,42,MultiFieldQA-en,10,16,486,multi-hop,49.8675,0.0,49.8249,50.5509,0,1,0,0,110,366,366,366,53771010048,53771010048,53771010048,6.07,0.021,0.9,0.1,0.35,0.65,0.35,0.65
Qwen/Qwen2.5-7B-Instruct,NVIDIA GeForce RTX 5060 Ti,42,MultiFieldQA-en,10,16,487,semantic,46.99,0.0,0.0,50.5763,0,1,1,0,122,378,378,378,57354780672,57354780672,57354780672,6.07,0.021,0.9,0.1,0.35,0.65,0.35,0.65
Qwen/Qwen2.5-7B-Instruct,NVIDIA GeForce RTX 5060 Ti,42,MultiFieldQA-en,10,16,488,multi-hop,51.8618,0.0,0.0,52.0632,0,1,1,0,45,301,301,301,36367966208,36367966208,36367966208,6.07,0.021,0.9,0.1,0.35,0.65,0.35,0.65
Qwen/Qwen2.5-7B-Instruct,NVIDIA GeForce RTX 5060 Ti,42,MultiFieldQA-en,10,16,489,multi-hop,49.7257,0.0,0.0,0.0,0,1,1,1,142,398,398,398,63584632832,63584632832,63584632832,6.07,0.021,0.9,0.1,0.35,0.65,0.35,0.65
Qwen/Qwen2.5-7B-Instruct,NVIDIA GeForce RTX 5060 Ti,42,MultiFieldQA-en,10,16,490,structural,41.9529,42.1693,44.6034,0.0,0,0,0,1,32,288,288,288,33294385152,33294385152,33294385152,6.07,0.021,0.9,0.1,0.35,0.65,0.35,0.65
Qwen/Qwen2.5-7B-Instruct,NVIDIA GeForce RTX 5060 Ti,42,MultiFieldQA-en,10,16,491,structural,51.7189,52.465,50.527,0.0,0,0,0,1,5,261,173,261,27344314368,12013740032,27344314368,6.07,0.021,0.9,0.1,0.35,0.65,0.35,0.65
Qwen/Qwen2.5-7B-Instruct,NVIDIA GeForce RTX 5060 Ti,42,MultiFieldQA-en,10,16,492,structural,45.0105,43.8708,44.0837,44.2226,0,0,0,0,86,342,342,342,46950285312,46950285312,46950285312,6.07,0.021,0.9,0.1,0.35,0.65,0.35,0.65
Qwen/Qwen2.5-7B-Instruct,NVIDIA GeForce RTX 5060 Ti,42,MultiFieldQA-en,10,16,493,multi-hop,50.5711,0.0,0.0,0.0,0,1,1,1,85,341,341,341,46676123648,46676123648,46676123648,6.07,0.021,0.9,0.1,0.35,0.65,0.35,0.65
Qwen/Qwen2.5-7B-Instruct,NVIDIA GeForce RTX 5060 Ti,42,MultiFieldQA-en,10,16,494,multi-hop,40.7826,40.4977,47.6096,0.0,0,0,0,1,100,356,356,356,50872844288,50872844288,50872844288,6.07,0.021,0.9,0.1,0.35,0.65,0.35,0.65
Qwen/Qwen2.5-7B-Instruct,NVIDIA GeForce RTX 5060 Ti,42,MultiFieldQA-en,10,16,495,structural,0.0,52.5749,0.0,0.0,1,0,1,1,121,377,377,377,57051717632,57051717632,57051717632,6.07,0.021,0.9,0.1,0.35,0.65,0.35,0.65
Qwen/Qwen2.5-7B-Instruct,NVIDIA GeForce RTX 5060 Ti,42,MultiFieldQA-en,10,16,496,structural,49.6594,53.7388,0.0,0.0,0,0,1,1,34,290,290,290,33758412800,33758412800,33758412800,6.07,0.021,0.9,0.1,0.35,0.65,0.35,0.65
Qwen/Qwen2.5-7B-Instruct,NVIDIA GeForce RTX 5060 Ti,42,MultiFieldQA-en,10,16,497,semantic,70.5295,0.0,0.0,0.0,0,1,1,1,150,406,406,406,66166489088,66166489088,66166489088,6.07,0.021,0.9,0.1,0.35,0.65,0.35,0.65
Qwen/Qwen2.5-7B-Instruct,NVIDIA GeForce RTX 5060 Ti,42,MultiFieldQA-en,10,16,498,multi-hop,51.6459,0.0,53.7167,53.1483,0,1,0,0,53,309,309,309,38326837248,38326837248,38326837248,6.07,0.021,0.9,0.1,0.35,0.65,0.35,0.65
Qwen/Qwen2.5-7B-Instruct,NVIDIA GeForce RTX 5060 Ti,42,MultiFieldQA-en,10,16,499,semantic,0.0,0.0,0.0,0.0,1,1,1,1,86,342,342,342,46950285312,46950285312,46950285312,6.07,0.021,0.9,0.1,0.35,0.65,0.35,0.65
Qwen/Qwen2.5-7B-Instruct,NVIDIA GeForce RTX 5060 Ti,42,MultiFieldQA-en,10,16,500,structural,50.4547,50.1371,49.1904,49.1906,0,0,0,0,58,314,314,314,39577223168,39577223168,39577223168,6.07,0.021,0.9,0.1,0.35,0.65,0.35,0.65
Qwen/Qwen2.5-7B-Instruct,NVIDIA GeForce RTX 5060 Ti,42,MultiFieldQA-en,10,16,501,multi-hop,0.0,0.0,75.9009,69.4624,1,1,0,0,94,350,350,350,49172480000,49172480000,49172480000,6.07,0.021,0.9,0.1,0.35,0.65,0.35,0.65
Qwen/Qwen2.5-7B-Instruct,NVIDIA GeForce RTX 5060 Ti,42,MultiFieldQA-en,10,16,502,multi-hop,42.7361,42.0395,42.9891,0.0,0,0,0,1,32,288,288,288,33294385152,33294385152,33294385152,6.07,0.021,0.9,0.1,0.35,0.65,0.35,0.65
Qwen/Qwen2.5-7B-Instruct,NVIDIA GeForce RTX 5060 Ti,42,MultiFieldQA-en,10,16,503,structural,52.3329,52.6542,52.7995,0.0,0,0,0,1,96,352,352,352,49736056832,49736056832,49736056832,6.07,0.021,0.9,0.1,0.35,0.65,0.35,0.65
Qwen/Qwen2.5-7B-Instruct,NVIDIA GeForce RTX 5060 Ti,42,MultiFieldQA-en,10,16,504,structural,51.3887,0.0,0.0,0.0,0,1,1,1,201,457,457,457,83833659392,83833659392,83833659392,6.07,0.021,0.9,0.1,0.35,0.65,0.35,0.65
Qwen/Qwen2.5-7B-Instruct,NVIDIA GeForce RTX 5060 Ti,42,MultiFieldQA-en,10,16,505,multi-hop,51.2066,59.1161,52.8092,0.0,0,0,0,1,106,362,362,362,52602109952,52602109952,52602109952,6.07,0.021,0.9,0.1,0.35,0.65,0.35,0.65
Qwen/Qwen2.5-7B-Instruct,NVIDIA GeForce RTX 5060 Ti,42,MultiFieldQA-en,10,16,506,multi-hop,49.9332,0.0,0.0,51.7703,0,1,1,0,111,367,367,367,54065242112,54065242112,54065242112,6.07,0.021,0.9,0.1,0.35,0.65,0.35,0.65
Qwen/Qwen2.5-7B-Instruct,NVIDIA GeForce RTX 5060 Ti,42,MultiFieldQA-en,10,16,507,multi-hop,71.9809,75.3161,68.2906,0.0,0,0,0,1,11,267,267,267,28615974912,28615974912,28615974912,6.07,0.021,0.9,0.1,0.35,0.65,0.35,0.65
Qwen/Qwen2.5-7B-Instruct,NVIDIA GeForce RTX 5060 Ti,42,MultiFieldQA-en,10,16,508,structural,67.9013,0.0,0.0,0.0,0,1,1,1,34,290,290,290,33758412800,33758412800,33758412800,6.07,0.021,0.9,0.1,0.35,0.65,0.35,0.65
Qwen/Qwen2.5-7B-Instruct,NVIDIA GeForce RTX 5060 Ti,42,MultiFieldQA-en,10,16,509,structural,49.0028,0.0,49.469,0.0,0,1,0,1,46,302,302,302,36610015232,36610015232,36610015232,6.07,0.021,0.9,0.1,0.35,0.65,0.35,0.65
Qwen/Qwen2.5-7B-Instruct,NVIDIA GeForce RTX 5060 Ti,42,MultiFieldQA-en,10,16,510,semantic,52.6799,0.0,0.0,0.0,0,1,1,1,110,366,366,366,53771010048,53771010048,53771010048,6.07,0.021,0.9,0.1,0.35,0.65,0.35,0.65
Qwen/Qwen2.5-7B-Instruct,NVIDIA GeForce RTX 5060 Ti,42,MultiFieldQA-en,10,16,511,structural,51.453,0.0,0.0,0.0,0,1,1,1,90,346,346,346,48054960128,48054960128,48054960128,6.07,0.021,0.9,0.1,0.35,0.65,0.35,0.65
Qwen/Qwen2.5-7B-Instruct,NVIDIA GeForce RTX 5060 Ti,42,MultiFieldQA-en,10,16,512,multi-hop,55.9021,52.0356,0.0,0.0,0,0,1,1,17,273,273,273,29916536832,29916536832,29916536832,6.07,0.021,0.9,0.1,0.35,0.65,0.35,0.65
Qwen/Qwen2.5-7B-Instruct,NVIDIA GeForce RTX 5060 Ti,42,MultiFieldQA-en,10,16,513,multi-hop,50.9036,0.0,0.0,0.0,0,1,1,1,122,378,378,378,57354780672,57354780672,57354780672,6.07,0.021,0.9,0.1,0.35,0.65,0.35,0.65
Qwen/Qwen2.5-7B-Instruct,NVIDIA GeForce RTX 5060 Ti,42,MultiFieldQA-en,10,16,514,multi-hop,43.7734,47.6189,0.0,0.0,0,0,1,1,91,347,347,347,48333135872,48333135872,48333135872,6.07,0.021,0.9,0.1,0.35,0.65,0.35,0.65
Qwen/Qwen2.5-7B-Instruct,NVIDIA GeForce RTX 5060 Ti,42,MultiFieldQA-en,10,16,515,structural,68.4216,68.437,0.0,0.0,0,0,1,1,121,377,377,377,57051717632,57051717632,57051717632,6.07,0.021,0.9,0.1,0.35,0.65,0.35,0.65
Qwen/Qwen2.5-7B-Instruct,NVIDIA GeForce RTX 5060 Ti,42,MultiFieldQA-en,10,16,516,multi-hop,50.3761,0.0,0.0,58.2405,0,1,1,0,55,311,311,311,38824583168,38824583168,38824583168,6.07,0.021,0.9,0.1,0.35,0.65,0.35,0.65
Qwen/Qwen2.5-7B-Instruct,NVIDIA GeForce RTX 5060 Ti,42,MultiFieldQA-en,10,16,517,multi-hop,47.7685,0.0,51.0607,50.1749,0,1,0,0,125,381,381,381,58268786688,58268786688,58268786688,6.07,0.021,0.9,0.1,0.35,0.65,0.35,0.65
Qwen/Qwen2.5-7B-Instruct,NVIDIA GeForce RTX 5060 Ti,42,MultiFieldQA-en,10,16,518,multi-hop,89.4954,0.0,89.5153,92.4429,0,1,0,0,58,314,314,314,39577223168,39577223168,39577223168,6.07,0.021,0.9,0.1,0.35,0.65,0.35,0.65
Qwen/Qwen2.5-7B-Instruct,NVIDIA GeForce RTX 5060 Ti,42,MultiFieldQA-en,10,16,519,structural,49.5868,51.6357,56.9971,0.0,0,0,0,1,101,357,357,357,51159048192,51159048192,51159048192,6.07,0.021,0.9,0.1,0.35,0.65,0.35,0.65
Qwen/Qwen2.5-7B-Instruct,NVIDIA GeForce RTX 5060 Ti,42,MultiFieldQA-en,10,16,520,semantic,50.5457,0.0,50.8859,52.4458,0,1,0,0,100,356,356,356,50872844288,50872844288,50872844288,6.07,0.021,0.9,0.1,0.35,0.65,0.35,0.65
Qwen/Qwen2.5-7B-Instruct,NVIDIA GeForce RTX 5060 Ti,42,MultiFieldQA-en,10,16,521,structural,44.5792,45.797,44.3056,0.0,0,0,0,1,119,375,375,375,56448000000,56448000000,56448000000,6.07,0.021,0.9,0.1,0.35,0.65,0.35,0.65
Qwen/Qwen2.5-7B-Instruct,NVIDIA GeForce RTX 5060 Ti,42,MultiFieldQA-en,10,16,522,multi-hop,66.9528,0.0,0.0,0.0,0,1,1,1,34,290,290,290,33758412800,33758412800,33758412800,6.07,0.021,0.9,0.1,0.35,0.65,0.35,0.65
Qwen/Qwen2.5-7B-Instruct,NVIDIA GeForce RTX 5060 Ti,42,MultiFieldQA-en,10,16,523,semantic,67.5691,0.0,0.0,0.0,0,1,1,1,150,406,406,406,66166489088,66166489088,66166489088,6.07,0.021,0.9,0.1,0.35,0.65,0.35,0.65
Qwen/Qwen2.5-7B-Instruct,NVIDIA GeForce RTX 5060 Ti,42,MultiFieldQA-en,10,16,524,multi-hop,44.0912,0.0,0.0,0.0,0,1,1,1,60,316,316,316,40082997248,40082997248,40082997248,6.07,0.021,0.9,0.1,0.35,0.65,0.35,0.65
Qwen/Qwen2.5-7B-Instruct,NVIDIA GeForce RTX 5060 Ti,42,MultiFieldQA-en,10,16,525,semantic,55.2281,0.0,0.0,0.0,0,1,1,1,108,364,364,364,53184954368,53184954368,53184954368,6.07,0.021,0.9,0.1,0.35,0.65,0.35,0.65
Qwen/Qwen2.5-7B-Instruct,NVIDIA GeForce RTX 5060 Ti,42,MultiFieldQA-en,10,16,526,multi-hop,0.0,0.0,45.7549,45.9134,1,1,0,0,247,503,503,503,101559836672,101559836672,101559836672,6.07,0.021,0.9,0.1,0.35,0.65,0.35,0.65
Qwen/Qwen2.5-7B-Instruct,NVIDIA GeForce RTX 5060 Ti,42,MultiFieldQA-en,10,16,527,semantic,68.2887,0.0,0.0,0.0,0,1,1,1,155,411,411,411,67806240768,67806240768,67806240768,6.07,0.021,0.9,0.1,0.35,0.65,0.35,0.65
Qwen/Qwen2.5-7B-Instruct,NVIDIA GeForce RTX 5060 Ti,42,MultiFieldQA-en,10,16,528,semantic,48.4629,0.0,50.0386,49.6957,0,1,0,0,88,344,344,344,47501017088,47501017088,47501017088,6.07,0.021,0.9,0.1,0.35,0.65,0.35,0.65
Qwen/Qwen2.5-7B-Instruct,NVIDIA GeForce RTX 5060 Ti,42,MultiFieldQA-en,10,16,529,structural,50.1221,0.0,50.869,0.0,0,1,0,1,73,329,329,329,43448803328,43448803328,43448803328,6.07,0.021,0.9,0.1,0.35,0.65,0.35,0.65
Qwen/Qwen2.5-7B-Instruct,NVIDIA GeForce RTX 5060 Ti,42,MultiFieldQA-en,10,16,530,semantic,50.0228,0.0,0.0,0.0,0,1,1,1,80,336,336,336,45317357568,45317357568,45317357568,6.07,0.021,0.9,0.1,0.35,0.65,0.35,0.65
Qwen/Qwen2.5-7B-Instruct,NVIDIA GeForce RTX 5060 Ti,42,MultiFieldQA-en,10,16,531,structural,50.0669,53.1806,50.4103,0.0,0,0,0,1,68,324,324,324,42138206208,42138206208,42138206208,6.07,0.021,0.9,0.1,0.35,0.65,0.35,0.65
Qwen/Qwen2.5-7B-Instruct,NVIDIA GeForce RTX 5060 Ti,42,MultiFieldQA-en,10,16,532,multi-hop,48.3566,0.0,50.6712,51.628,0,1,0,0,135,391,391,391,61367656448,61367656448,61367656448,6.07,0.021,0.9,0.1,0.35,0.65,0.35,0.65
Qwen/Qwen2.5-7B-Instruct,NVIDIA GeForce RTX 5060 Ti,42,MultiFieldQA-en,10,16,533,semantic,40.6887,0.0,0.0,0.0,0,1,1,1,10,266,266,266,28402024448,28402024448,28402024448,6.07,0.021,0.9,0.1,0.35,0.65,0.35,0.65
Qwen/Qwen2.5-7B-Instruct,NVIDIA GeForce RTX 5060 Ti,42,MultiFieldQA-en,10,16,534,multi-hop,49.3512,0.0,0.0,0.0,0,1,1,1,100,356,356,356,50872844288,50872844288,50872844288,6.07,0.021,0.9,0.1,0.35,0.65,0.35,0.65
Qwen/Qwen2.5-7B-Instruct,NVIDIA GeForce RTX 5060 Ti,42,MultiFieldQA-en,10,16,535,multi-hop,51.6201,0.0,53.0972,53.0253,0,1,0,0,201,457,457,457,83833659392,83833659392,83833659392,6.07,0.021,0.9,0.1,0.35,0.65,0.35,0.65
Qwen/Qwen2.5-7B-Instruct,NVIDIA GeForce RTX 5060 Ti,42,MultiFieldQA-en,10,16,536,multi-hop,51.0772,52.9352,0.0,0.0,0,0,1,1,144,400,400,400,64225280000,64225280000,64225280000,6.07,0.021,0.9,0.1,0.35,0.65,0.35,0.65
Qwen/Qwen2.5-7B-Instruct,NVIDIA GeForce RTX 5060 Ti,42,MultiFieldQA-en,10,16,537,structural,49.8195,0.0,0.0,0.0,0,1,1,1,103,359,359,359,51733864448,51733864448,51733864448,6.07,0.021,0.9,0.1,0.35,0.65,0.35,0.65
Qwen/Qwen2.5-7B-Instruct,NVIDIA GeForce RTX 5060 Ti,42,MultiFieldQA-en,10,16,538,multi-hop,39.3993,0.0,0.0,0.0,0,1,1,1,5,108,137,261,4682022912,7534026752,27344314368,6.07,0.021,0.9,0.1,0.35,0.65,0.35,0.65
Qwen/Qwen2.5-7B-Instruct,NVIDIA GeForce RTX 5060 Ti,42,MultiFieldQA-en,10,16,539,multi-hop,48.3983,0.0,0.0,0.0,0,1,1,1,78,334,334,334,44779470848,44779470848,44779470848,6.07,0.021,0.9,0.1,0.35,0.65,0.35,0.65
Qwen/Qwen2.5-7B-Instruct,NVIDIA GeForce RTX 5060 Ti,42,MultiFieldQA-en,10,16,540,multi-hop,42.7903,43.9061,44.8962,0.0,0,0,0,1,51,307,307,307,37832302592,37832302592,37832302592,6.07,0.021,0.9,0.1,0.35,0.65,0.35,0.65
Qwen/Qwen2.5-7B-Instruct,NVIDIA GeForce RTX 5060 Ti,42,MultiFieldQA-en,10,16,541,multi-hop,44.4758,44.7225,44.4775,0.0,0,0,0,1,43,299,299,299,35886276608,35886276608,35886276608,6.07,0.021,0.9,0.1,0.35,0.65,0.35,0.65
Qwen/Qwen2.5-7B-Instruct,NVIDIA GeForce RTX 5060 Ti,42,MultiFieldQA-en,10,16,542,structural,56.438,0.0,50.9361,0.0,0,1,0,1,99,355,355,355,50587443200,50587443200,50587443200,6.07,0.021,0.9,0.1,0.35,0.65,0.35,0.65
Qwen/Qwen2.5-7B-Instruct,NVIDIA GeForce RTX 5060 Ti,42,MultiFieldQA-en,10,16,543,semantic,51.6055,0.0,0.0,0.0,0,1,1,1,128,384,384,384,59190018048,59190018048,59190018048,6.07,0.021,0.9,0.1,0.35,0.65,0.35,0.65
Qwen/Qwen2.5-7B-Instruct,NVIDIA GeForce RTX 5060 Ti,42,MultiFieldQA-en,10,16,544,structural,40.6844,41.0597,39.9965,0.0,0,0,0,1,114,370,370,370,54952755200,54952755200,54952755200,6.07,0.021,0.9,0.1,0.35,0.65,0.35,0.65
Qwen/Qwen2.5-7B-Instruct,NVIDIA GeForce RTX 5060 Ti,42,MultiFieldQA-en,10,16,545,multi-hop,42.7314,0.0,45.8478,0.0,0,1,0,1,103,359,359,359,51733864448,51733864448,51733864448,6.07,0.021,0.9,0.1,0.35,0.65,0.35,0.65
Qwen/Qwen2.5-7B-Instruct,NVIDIA GeForce RTX 5060 Ti,42,MultiFieldQA-en,10,16,546,structural,49.3984,51.5362,49.7656,0.0,0,0,0,1,43,299,299,299,35886276608,35886276608,35886276608,6.07,0.021,0.9,0.1,0.35,0.65,0.35,0.65
Qwen/Qwen2.5-7B-Instruct,NVIDIA GeForce RTX 5060 Ti,42,MultiFieldQA-en,10,16,547,multi-hop,68.522,0.0,0.0,0.0,0,1,1,1,135,391,391,391,61367656448,61367656448,61367656448,6.07,0.021,0.9,0.1,0.35,0.65,0.35,0.65
Qwen/Qwen2.5-7B-Instruct,NVIDIA GeForce RTX 5060 Ti,42,MultiFieldQA-en,10,16,548,multi-hop,48.2438,0.0,0.0,0.0,0,1,1,1,115,371,371,371,55250198528,55250198528,55250198528,6.07,0.021,0.9,0.1,0.35,0.65,0.35,0.65
Qwen/Qwen2.5-7B-Instruct,NVIDIA GeForce RTX 5060 Ti,42,MultiFieldQA-en,10,16,549,multi-hop,51.9012,53.1188,51.7504,0.0,0,0,0,1,102,358,358,358,51446054912,51446054912,51446054912,6.07,0.021,0.9,0.1,0.35,0.65,0.35,0.65
Qwen/Qwen2.5-7B-Instruct,NVIDIA GeForce RTX 5060 Ti,42,MultiFieldQA-en,10,16,550,multi-hop,50.2717,0.0,0.0,0.0,0,1,1,1,130,386,386,386,59808186368,59808186368,59808186368,6.07,0.021,0.9,0.1,0.35,0.65,0.35,0.65
Qwen/Qwen2.5-7B-Instruct,NVIDIA GeForce RTX 5060 Ti,42,MultiFieldQA-en,10,16,551,semantic,0.0,67.9666,0.0,0.0,1,0,1,1,114,370,370,370,54952755200,54952755200,54952755200,6.07,0.021,0.9,0.1,0.35,0.65,0.35,0.65
Qwen/Qwen2.5-7B-Instruct,NVIDIA GeForce RTX 5060 Ti,42,MultiFieldQA-en,10,16,552,structural,51.3803,0.0,0.0,0.0,0,1,1,1,108,364,364,364,53184954368,53184954368,53184954368,6.07,0.021,0.9,0.1,0.35,0.65,0.35,0.65
Qwen/Qwen2.5-7B-Instruct,NVIDIA GeForce RTX 5060 Ti,42,MultiFieldQA-en,10,16,553,semantic,49.1837,0.0,0.0,0.0,0,1,1,1,15,271,271,271,29479804928,29479804928,29479804928,6.07,0.021,0.9,0.1,0.35,0.65,0.35,0.65
Qwen/Qwen2.5-7B-Instruct,NVIDIA GeForce RTX 5060 Ti,42,MultiFieldQA-en,10,16,554,multi-hop,50.9159,0.0,0.0,0.0,0,1,1,1,73,329,329,329,43448803328,43448803328,43448803328,6.07,0.021,0.9,0.1,0.35,0.65,0.35,0.65
Qwen/Qwen2.5-7B-Instruct,NVIDIA GeForce RTX 5060 Ti,42,MultiFieldQA-en,10,16,555,semantic,51.5047,0.0,0.0,0.0,0,1,1,1,137,393,393,393,61997064192,61997064192,61997064192,6.07,0.021,0.9,0.1,0.35,0.65,0.35,0.65
Qwen/Qwen2.5-7B-Instruct,NVIDIA GeForce RTX 5060 Ti,42,MultiFieldQA-en,10,16,556,multi-hop,50.0331,0.0,0.0,0.0,0,1,1,1,105,361,361,361,52311891968,52311891968,52311891968,6.07,0.021,0.9,0.1,0.35,0.65,0.35,0.65
Qwen/Qwen2.5-7B-Instruct,NVIDIA GeForce RTX 5060 Ti,42,MultiFieldQA-en,10,16,557,multi-hop,68.6164,67.0119,69.4869,68.2676,0,0,0,0,5,108,137,261,4682022912,7534026752,27344314368,6.07,0.021,0.9,0.1,0.35,0.65,0.35,0.65
Qwen/Qwen2.5-7B-Instruct,NVIDIA GeForce RTX 5060 Ti,42,MultiFieldQA-en,10,16,558,structural,41.0138,42.8024,0.0,0.0,0,0,1,1,111,367,367,367,54065242112,54065242112,54065242112,6.07,0.021,0.9,0.1,0.35,0.65,0.35,0.65
Qwen/Qwen2.5-7B-Instruct,NVIDIA GeForce RTX 5060 Ti,42,MultiFieldQA-en,10,16,559,structural,49.3391,51.4412,50.7723,0.0,0,0,0,1,68,324,324,324,42138206208,42138206208,42138206208,6.07,0.021,0.9,0.1,0.35,0.65,0.35,0.65
Qwen/Qwen2.5-7B-Instruct,NVIDIA GeForce RTX 5060 Ti,42,MultiFieldQA-en,10,16,560,multi-hop,49.3885,0.0,0.0,0.0,0,1,1,1,32,288,288,288,33294385152,33294385152,33294385152,6.07,0.021,0.9,0.1,0.35,0.65,0.35,0.65
Qwen/Qwen2.5-7B-Instruct,NVIDIA GeForce RTX 5060 Ti,42,MultiFieldQA-en,10,16,561,structural,42.5633,45.1712,45.2037,0.0,0,0,0,1,95,351,351,351,49453867008,49453867008,49453867008,6.07,0.021,0.9,0.1,0.35,0.65,0.35,0.65
Qwen/Qwen2.5-7B-Instruct,NVIDIA GeForce RTX 5060 Ti,42,MultiFieldQA-en,10,16,562,semantic,50.9582,0.0,0.0,0.0,0,1,1,1,94,350,350,350,49172480000,49172480000,49172480000,6.07,0.021,0.9,0.1,0.35,0.65,0.35,0.65
Qwen/Qwen2.5-7B-Instruct,NVIDIA GeForce RTX 5060 Ti,42,MultiFieldQA-en,10,16,563,multi-hop,48.178,0.0,51.9165,0.0,0,1,0,1,127,383,383,383,58882138112,58882138112,58882138112,6.07,0.021,0.9,0.1,0.35,0.65,0.35,0.65
Qwen/Qwen2.5-7B-Instruct,NVIDIA GeForce RTX 5060 Ti,42,MultiFieldQA-en,10,16,564,semantic,48.3341,0.0,44.4316,43.873,0,1,0,0,81,337,337,337,45587505152,45587505152,45587505152,6.07,0.021,0.9,0.1,0.35,0.65,0.35,0.65
Qwen/Qwen2.5-7B-Instruct,NVIDIA GeForce RTX 5060 Ti,42,MultiFieldQA-en,10,16,565,semantic,48.8701,0.0,0.0,0.0,0,1,1,1,142,398,398,398,63584632832,63584632832,63584632832,6.07,0.021,0.9,0.1,0.35,0.65,0.35,0.65
Qwen/Qwen2.5-7B-Instruct,NVIDIA GeForce RTX 5060 Ti,42,MultiFieldQA-en,10,16,566,structural,0.0,0.0,0.0,0.0,1,1,1,1,41,297,297,297,35407798272,35407798272,35407798272,6.07,0.021,0.9,0.1,0.35,0.65,0.35,0.65
Qwen/Qwen2.5-7B-Instruct,NVIDIA GeForce RTX 5060 Ti,42,MultiFieldQA-en,10,16,567,semantic,49.4786,0.0,53.0733,49.8078,0,1,0,0,78,334,334,334,44779470848,44779470848,44779470848,6.07,0.021,0.9,0.1,0.35,0.65,0.35,0.65
Qwen/Qwen2.5-7B-Instruct,NVIDIA GeForce RTX 5060 Ti,42,MultiFieldQA-en,10,16,568,multi-hop,48.6156,52.8886,0.0,0.0,0,0,1,1,83,339,339,339,46130208768,46130208768,46130208768,6.07,0.021,0.9,0.1,0.35,0.65,0.35,0.65
Qwen/Qwen2.5-7B-Instruct,NVIDIA GeForce RTX 5060 Ti,42,MultiFieldQA-en,10,16,569,multi-hop,44.6432,43.627,45.7711,45.5469,0,0,0,0,106,362,362,362,52602109952,52602109952,52602109952,6.07,0.021,0.9,0.1,0.35,0.65,0.35,0.65
Qwen/Qwen2.5-7B-Instruct,NVIDIA GeForce RTX 5060 Ti,42,MultiFieldQA-en,10,16,570,multi-hop,52.0599,51.1705,50.6095,0.0,0,0,0,1,6,262,262,262,27554250752,27554250752,27554250752,6.07,0.021,0.9,0.1,0.35,0.65,0.35,0.65
Qwen/Qwen2.5-7B-Instruct,NVIDIA GeForce RTX 5060 Ti,42,MultiFieldQA-en,10,16,571,multi-hop,42.6686,42.8511,41.8158,0.0,0,0,0,1,102,358,358,358,51446054912,51446054912,51446054912,6.07,0.021,0.9,0.1,0.35,0.65,0.35,0.65
Qwen/Qwen2.5-7B-Instruct,NVIDIA GeForce RTX 5060 Ti,42,MultiFieldQA-en,10,16,572,multi-hop,49.4274,0.0,0.0,52.1532,0,1,1,0,127,383,383,383,58882138112,58882138112,58882138112,6.07,0.021,0.9,0.1,0.35,0.65,0.35,0.65
Qwen/Qwen2.5-7B-Instruct,NVIDIA GeForce RTX 5060 Ti,42,MultiFieldQA-en,10,16,573,multi-hop,48.5847,0.0,0.0,0.0,0,1,1,1,96,352,352,352,49736056832,49736056832,49736056832,6.07,0.021,0.9,0.1,0.35,0.65,0.35,0.65
Qwen/Qwen2.5-7B-Instruct,NVIDIA GeForce RTX 5060 Ti,42,MultiFieldQA-en,10,16,574,semantic,51.0693,0.0,0.0,0.0,0,1,1,1,72,328,328,328,43185078272,43185078272,43185078272,6.07,0.021,0.9,0.1,0.35,0.65,0.35,0.65
Qwen/Qwen2.5-7B-Instruct,NVIDIA GeForce RTX 5060 Ti,42,MultiFieldQA-en,10,16,575,multi-hop,67.0622,73.9975,0.0,0.0,0,0,1,1,20,276,276,276,30577655808,30577655808,30577655808,6.07,0.021,0.9,0.1,0.35,0.65,0.35,0.65
Qwen/Qwen2.5-7B-Instruct,NVIDIA GeForce RTX 5060 Ti,42,MultiFieldQA-en,10,16,576,structural,50.184,52.728,51.4393,0.0,0,0,0,1,21,277,277,277,30799634432,30799634432,30799634432,6.07,0.021,0.9,0.1,0.35,0.65,0.35,0.65
Qwen/Qwen2.5-7B-Instruct,NVIDIA GeForce RTX 5060 Ti,42,MultiFieldQA-en,10,16,577,multi-hop,67.7033,0.0,69.0834,67.196,0,1,0,0,48,304,304,304,37096521728,37096521728,37096521728,6.07,0.021,0.9,0.1,0.35,0.65,0.35,0.65
Qwen/Qwen2.5-7B-Instruct,NVIDIA GeForce RTX 5060 Ti,42,MultiFieldQA-en,10,16,578,structural,42.8614,0.0,0.0,0.0,0,1,1,1,124,380,380,380,57963315200,57963315200,57963315200,6.07,0.021,0.9,0.1,0.35,0.65,0.35,0.65
Qwen/Qwen2.5-7B-Instruct,NVIDIA GeForce RTX 5060 Ti,42,MultiFieldQA-en,10,16,579,multi-hop,48.5078,52.4974,50.1676,0.0,0,0,0,1,93,349,349,349,48891895808,48891895808,48891895808,6.07,0.021,0.9,0.1,0.35,0.65,0.35,0.65
Qwen/Qwen2.5-7B-Instruct,NVIDIA GeForce RTX 5060 Ti,42,MultiFieldQA-en,10,16,580,multi-hop,44.6862,0.0,45.4011,45.8325,0,1,0,0,99,355,355,355,50587443200,50587443200,50587443200,6.07,0.021,0.9,0.1,0.35,0.65,0.35,0.65
Qwen/Qwen2.5-7B-Instruct,NVIDIA GeForce RTX 5060 Ti,42,MultiFieldQA-en,10,16,581,semantic,49.9693,0.0,0.0,0.0,0,1,1,1,101,357,357,357,51159048192,51159048192,51159048192,6.07,0.021,0.9,0.1,0.35,0.65,0.35,0.65
Qwen/Qwen2.5-7B-Instruct,NVIDIA GeForce RTX 5060 Ti,42,MultiFieldQA-en,10,16,582,semantic,47.044,0.0,0.0,0.0,0,1,1,1,92,348,348,348,48612114432,48612114432,48612114432,6.07,0.021,0.9,0.1,0.35,0.65,0.35,0.65
Qwen/Qwen2.5-7B-Instruct,NVIDIA GeForce RTX 5060 Ti,42,MultiFieldQA-en,10,16,583,multi-hop,51.1756,51.504,49.4489,0.0,0,0,0,1,86,342,342,342,46950285312,46950285312,46950285312,6.07,0.021,0.9,0.1,0.35,0.65,0.35,0.65
Qwen/Qwen2.5-7B-Instruct,NVIDIA GeForce RTX 5060 Ti,42,MultiFieldQA-en,10,16,584,multi-hop,49.9801,51.4029,53.5897,0.0,0,0,0,1,85,341,341,341,46676123648,46676123648,46676123648,6.07,0.021,0.9,0.1,0.35,0.65,0.35,0.65
Qwen/Qwen2.5-7B-Instruct,NVIDIA GeForce RTX 5060 Ti,42,MultiFieldQA-en,10,16,585,multi-hop,50.4362,0.0,0.0,0.0,0,1,1,1,101,357,357,357,51159048192,51159048192,51159048192,6.07,0.021,0.9,0.1,0.35,0.65,0.35,0.65
Qwen/Qwen2.5-7B-Instruct,NVIDIA GeForce RTX 5060 Ti,42,MultiFieldQA-en,10,16,586,semantic,65.868,0.0,0.0,0.0,0,1,1,1,114,370,370,370,54952755200,54952755200,54952755200,6.07,0.021,0.9,0.1,0.35,0.65,0.35,0.65
Qwen/Qwen2.5-7B-Instruct,NVIDIA GeForce RTX 5060 Ti,42,MultiFieldQA-en,10,16,587,semantic,67.8051,0.0,0.0,0.0,0,1,1,1,125,381,381,381,58268786688,58268786688,58268786688,6.07,0.021,0.9,0.1,0.35,0.65,0.35,0.65
Qwen/Qwen2.5-7B-Instruct,NVIDIA GeForce RTX 5060 Ti,42,MultiFieldQA-en,10,16,588,multi-hop,53.1299,55.4048,49.6891,50.1741,0,0,0,0,1,20,20,20,160563200,160563200,160563200,6.07,0.021,0.9,0.1,0.35,0.65,0.35,0.65
Qwen/Qwen2.5-7B-Instruct,NVIDIA GeForce RTX 5060 Ti,42,MultiFieldQA-en,10,16,589,semantic,50.2257,0.0,0.0,0.0,0,1,1,1,73,329,329,329,43448803328,43448803328,43448803328,6.07,0.021,0.9,0.1,0.35,0.65,0.35,0.65
Qwen/Qwen2.5-7B-Instruct,NVIDIA GeForce RTX 5060 Ti,42,MultiFieldQA-en,10,16,590,structural,66.8921,66.9473,0.0,0.0,0,0,1,1,42,298,298,298,35646636032,35646636032,35646636032,6.07,0.021,0.9,0.1,0.35,0.65,0.35,0.65
Qwen/Qwen2.5-7B-Instruct,NVIDIA GeForce RTX 5060 Ti,42,MultiFieldQA-en,10,16,591,semantic,50.0462,0.0,0.0,50.182,0,1,1,0,122,378,378,378,57354780672,57354780672,57354780672,6.07,0.021,0.9,0.1,0.35,0.65,0.35,0.65
Qwen/Qwen2.5-7B-Instruct,NVIDIA GeForce RTX 5060 Ti,42,MultiFieldQA-en,10,16,592,structural,50.4045,51.7367,0.0,0.0,0,0,1,1,51,307,307,307,37832302592,37832302592,37832302592,6.07,0.021,0.9,0.1,0.35,0.65,0.35,0.65
Qwen/Qwen2.5-7B-Instruct,NVIDIA GeForce RTX 5060 Ti,42,MultiFieldQA-en,10,16,593,semantic,51.7825,0.0,0.0,0.0,0,1,1,1,141,397,397,397,63265513472,63265513472,63265513472,6.07,0.021,0.9,0.1,0.35,0.65,0.35,0.65
Qwen/Qwen2.5-7B-Instruct,NVIDIA GeForce RTX 5060 Ti,42,MultiFieldQA-en,10,16,594,structural,51.1066,57.5328,50.3183,0.0,0,0,0,1,5,261,173,261,27344314368,12013740032,27344314368,6.07,0.021,0.9,0.1,0.35,0.65,0.35,0.65
Qwen/Qwen2.5-7B-Instruct,NVIDIA GeForce RTX 5060 Ti,42,MultiFieldQA-en,10,16,595,multi-hop,51.5562,51.6236,0.0,0.0,0,0,1,1,81,337,337,337,45587505152,45587505152,45587505152,6.07,0.021,0.9,0.1,0.35,0.65,0.35,0.65
Qwen/Qwen2.5-7B-Instruct,NVIDIA GeForce RTX 5060 Ti,42,MultiFieldQA-en,10,16,596,multi-hop,54.8886,51.6212,0.0,0.0,0,0,1,1,92,348,348,348,48612114432,48612114432,48612114432,6.07,0.021,0.9,0.1,0.35,0.65,0.35,0.65
Qwen/Qwen2.5-7B-Instruct,NVIDIA GeForce RTX 5060 Ti,42,MultiFieldQA-en,10,16,597,semantic,47.9082,0.0,49.4634,0.0,0,1,0,1,85,341,341,341,46676123648,46676123648,46676123648,6.07,0.021,0.9,0.1,0.35,0.65,0.35,0.65
Qwen/Qwen2.5-7B-Instruct,NVIDIA GeForce RTX 5060 Ti,42,MultiFieldQA-en,10,16,598,multi-hop,49.0106,50.0264,50.0055,0.0,0,0,0,1,21,277,277,277,30799634432,30799634432,30799634432,6.07,0.021,0.9,0.1,0.35,0.65,0.35,0.65
Qwen/Qwen2.5-7B-Instruct,NVIDIA GeForce RTX 5060 Ti,42,MultiFieldQA-en,10,16,599,multi-hop,44.0949,0.0,44.2297,43.2588,0,1,0,0,83,339,339,339,46130208768,46130208768,46130208768,6.07,0.021,0.9,0.1,0.35,0.65,0.35,0.65
Qwen/Qwen2.5-7B-Instruct,NVIDIA GeForce RTX 5060 Ti,42,MultiFieldQA-en,12,16,0,structural,44.3562,46.0165,51.2808,0.0,0,0,0,1,107,363,363,363,52893130752,52893130752,52893130752,6.07,0.021,0.9,0.1,0.35,0.65,0.35,0.65
Qwen/Qwen2.5-7B-Instruct,NVIDIA GeForce RTX 5060 Ti,42,MultiFieldQA-en,12,16,1,multi-hop,43.5904,50.7888,43.5921,0.0,0,0,0,1,114,370,370,370,54952755200,54952755200,54952755200,6.07,0.021,0.9,0.1,0.35,0.65,0.35,0.65
Qwen/Qwen2.5-7B-Instruct,NVIDIA GeForce RTX 5060 Ti,42,MultiFieldQA-en,12,16,2,multi-hop,56.4589,0.0,51.7178,51.3603,0,1,0,0,91,347,347,347,48333135872,48333135872,48333135872,6.07,0.021,0.9,0.1,0.35,0.65,0.35,0.65
Qwen/Qwen2.5-7B-Instruct,NVIDIA GeForce RTX 5060 Ti,42,MultiFieldQA-en,12,16,3,semantic,41.6573,0.0,0.0,0.0,0,1,1,1,85,341,341,341,46676123648,46676123648,46676123648,6.07,0.021,0.9,0.1,0.35,0.65,0.35,0.65
Qwen/Qwen2.5-7B-Instruct,NVIDIA GeForce RTX 5060 Ti,42,MultiFieldQA-en,12,16,4,structural,48.0779,50.7243,49.2854,0.0,0,0,0,1,65,321,321,321,41361481728,41361481728,41361481728,6.07,0.021,0.9,0.1,0.35,0.65,0.35,0.65
Qwen/Qwen2.5-7B-Instruct,NVIDIA GeForce RTX 5060 Ti,42,MultiFieldQA-en,12,16,5,multi-hop,49.8613,0.0,0.0,50.1042,0,1,1,0,119,375,375,375,56448000000,56448000000,56448000000,6.07,0.021,0.9,0.1,0.35,0.65,0.35,0.65
Qwen/Qwen2.5-7B-Instruct,NVIDIA GeForce RTX 5060 Ti,42,MultiFieldQA-en,12,16,6,structural,51.5456,0.0,0.0,0.0,0,1,1,1,156,412,412,412,68136599552,68136599552,68136599552,6.07,0.021,0.9,0.1,0.35,0.65,0.35,0.65
Qwen/Qwen2.5-7B-Instruct,NVIDIA GeForce RTX 5060 Ti,42,MultiFieldQA-en,12,16,7,multi-hop,50.7101,52.5267,0.0,0.0,0,0,1,1,144,400,400,400,64225280000,64225280000,64225280000,6.07,0.021,0.9,0.1,0.35,0.65,0.35,0.65
Qwen/Qwen2.5-7B-Instruct,NVIDIA GeForce RTX 5060 Ti,42,MultiFieldQA-en,12,16,8,multi-hop,76.9191,0.0,0.0,53.2223,0,1,1,0,108,364,364,364,53184954368,53184954368,53184954368,6.07,0.021,0.9,0.1,0.35,0.65,0.35,0.65
Qwen/Qwen2.5-7B-Instruct,NVIDIA GeForce RTX 5060 Ti,42,MultiFieldQA-en,12,16,9,structural,48.6264,50.9352,51.0776,0.0,0,0,0,1,102,358,358,358,51446054912,51446054912,51446054912,6.07,0.021,0.9,0.1,0.35,0.65,0.35,0.65
Qwen/Qwen2.5-7B-Instruct,NVIDIA GeForce RTX 5060 Ti,42,MultiFieldQA-en,12,16,10,multi-hop,51.2294,0.0,51.6678,51.5418,0,1,0,0,127,383,383,383,58882138112,58882138112,58882138112,6.07,0.021,0.9,0.1,0.35,0.65,0.35,0.65
Qwen/Qwen2.5-7B-Instruct,NVIDIA GeForce RTX 5060 Ti,42,MultiFieldQA-en,12,16,11,semantic,51.6017,0.0,0.0,0.0,0,1,1,1,91,347,347,347,48333135872,48333135872,48333135872,6.07,0.021,0.9,0.1,0.35,0.65,0.35,0.65
Qwen/Qwen2.5-7B-Instruct,NVIDIA GeForce RTX 5060 Ti,42,MultiFieldQA-en,12,16,12,semantic,55.5639,0.0,49.8401,0.0,0,1,0,1,119,375,375,375,56448000000,56448000000,56448000000,6.07,0.021,0.9,0.1,0.35,0.65,0.35,0.65
Qwen/Qwen2.5-7B-Instruct,NVIDIA GeForce RTX 5060 Ti,42,MultiFieldQA-en,12,16,13,semantic,48.8008,0.0,0.0,51.3803,0,1,1,0,27,283,283,283,32148365312,32148365312,32148365312,6.07,0.021,0.9,0.1,0.35,0.65,0.35,0.65
Qwen/Qwen2.5-7B-Instruct,NVIDIA GeForce RTX 5060 Ti,42,MultiFieldQA-en,12,16,14,multi-hop,49.2657,0.0,0.0,50.4952,0,1,1,0,101,357,357,357,51159048192,51159048192,51159048192,6.07,0.021,0.9,0.1,0.35,0.65,0.35,0.65
Qwen/Qwen2.5-7B-Instruct,NVIDIA GeForce RTX 5060 Ti,42,MultiFieldQA-en,12,16,15,structural,50.0665,0.0,0.0,0.0,0,1,1,1,43,299,299,299,35886276608,35886276608,35886276608,6.07,0.021,0.9,0.1,0.35,0.65,0.35,0.65
Qwen/Qwen2.5-7B-Instruct,NVIDIA GeForce RTX 5060 Ti,42,MultiFieldQA-en,12,16,16,structural,53.5158,0.0,0.0,0.0,0,1,1,1,119,375,375,375,56448000000,56448000000,56448000000,6.07,0.021,0.9,0.1,0.35,0.65,0.35,0.65
Qwen/Qwen2.5-7B-Instruct,NVIDIA GeForce RTX 5060 Ti,42,MultiFieldQA-en,12,16,17,semantic,43.0709,0.0,0.0,0.0,0,1,1,1,121,377,377,377,57051717632,57051717632,57051717632,6.07,0.021,0.9,0.1,0.35,0.65,0.35,0.65
Qwen/Qwen2.5-7B-Instruct,NVIDIA GeForce RTX 5060 Ti,42,MultiFieldQA-en,12,16,18,semantic,43.7729,0.0,0.0,0.0,0,1,1,1,90,346,346,346,48054960128,48054960128,48054960128,6.07,0.021,0.9,0.1,0.35,0.65,0.35,0.65
Qwen/Qwen2.5-7B-Instruct,NVIDIA GeForce RTX 5060 Ti,42,MultiFieldQA-en,12,16,19,multi-hop,43.4278,43.5702,0.0,0.0,0,0,1,1,125,381,381,381,58268786688,58268786688,58268786688,6.07,0.021,0.9,0.1,0.35,0.65,0.35,0.65
Qwen/Qwen2.5-7B-Instruct,NVIDIA GeForce RTX 5060 Ti,42,MultiFieldQA-en,12,16,20,multi-hop,51.3713,52.4,51.3718,0.0,0,0,0,1,150,406,406,406,66166489088,66166489088,66166489088,6.07,0.021,0.9,0.1,0.35,0.65,0.35,0.65
Qwen/Qwen2.5-7B-Instruct,NVIDIA GeForce RTX 5060 Ti,42,MultiFieldQA-en,12,16,21,multi-hop,44.1343,0.0,0.0,0.0,0,1,1,1,73,329,329,329,43448803328,43448803328,43448803328,6.07,0.021,0.9,0.1,0.35,0.65,0.35,0.65
Qwen/Qwen2.5-7B-Instruct,NVIDIA GeForce RTX 5060 Ti,42,MultiFieldQA-en,12,16,22,structural,48.1513,50.9027,48.9808,0.0,0,0,0,1,83,339,339,339,46130208768,46130208768,46130208768,6.07,0.021,0.9,0.1,0.35,0.65,0.35,0.65
Qwen/Qwen2.5-7B-Instruct,NVIDIA GeForce RTX 5060 Ti,42,MultiFieldQA-en,12,16,23,semantic,49.8548,0.0,0.0,0.0,0,1,1,1,65,321,321,321,41361481728,41361481728,41361481728,6.07,0.021,0.9,0.1,0.35,0.65,0.35,0.65
Qwen/Qwen2.5-7B-Instruct,NVIDIA GeForce RTX 5060 Ti,42,MultiFieldQA-en,12,16,24,semantic,54.9757,0.0,0.0,0.0,0,1,1,1,43,299,299,299,35886276608,35886276608,35886276608,6.07,0.021,0.9,0.1,0.35,0.65,0.35,0.65
Qwen/Qwen2.5-7B-Instruct,NVIDIA GeForce RTX 5060 Ti,42,MultiFieldQA-en,12,16,25,multi-hop,50.0476,0.0,0.0,50.038,0,1,1,0,103,359,359,359,51733864448,51733864448,51733864448,6.07,0.021,0.9,0.1,0.35,0.65,0.35,0.65
Qwen/Qwen2.5-7B-Instruct,NVIDIA GeForce RTX 5060 Ti,42,MultiFieldQA-en,12,16,26,multi-hop,85.5463,0.0,87.7371,87.9067,0,1,0,0,4,260,260,260,27135180800,27135180800,27135180800,6.07,0.021,0.9,0.1,0.35,0.65,0.35,0.65
Qwen/Qwen2.5-7B-Instruct,NVIDIA GeForce RTX 5060 Ti,42,MultiFieldQA-en,12,16,27,multi-hop,49.8832,52.2079,49.16,0.0,0,0,0,1,110,366,366,366,53771010048,53771010048,53771010048,6.07,0.021,0.9,0.1,0.35,0.65,0.35,0.65
Qwen/Qwen2.5-7B-Instruct,NVIDIA GeForce RTX 5060 Ti,42,MultiFieldQA-en,12,16,28,semantic,38.1662,0.0,0.0,0.0,0,1,1,1,1,28,28,28,314703872,314703872,314703872,6.07,0.021,0.9,0.1,0.35,0.65,0.35,0.65
Qwen/Qwen2.5-7B-Instruct,NVIDIA GeForce RTX 5060 Ti,42,MultiFieldQA-en,12,16,29,structural,40.8359,0.0,0.0,0.0,0,1,1,1,26,282,255,282,31921569792,26101555200,31921569792,6.07,0.021,0.9,0.1,0.35,0.65,0.35,0.65
Qwen/Qwen2.5-7B-Instruct,NVIDIA GeForce RTX 5060 Ti,42,MultiFieldQA-en,12,16,30,multi-hop,0.0,0.0,0.0,0.0,1,1,1,1,119,375,375,375,56448000000,56448000000,56448000000,6.07,0.021,0.9,0.1,0.35,0.65,0.35,0.65
Qwen/Qwen2.5-7B-Instruct,NVIDIA GeForce RTX 5060 Ti,42,MultiFieldQA-en,12,16,31,multi-hop,0.0,0.0,0.0,0.0,1,1,1,1,1,28,28,71,314703872,314703872,2023497728,6.07,0.021,0.9,0.1,0.35,0.65,0.35,0.65
Qwen/Qwen2.5-7B-Instruct,NVIDIA GeForce RTX 5060 Ti,42,MultiFieldQA-en,12,16,32,semantic,49.3673,0.0,0.0,0.0,0,1,1,1,73,329,329,329,43448803328,43448803328,43448803328,6.07,0.021,0.9,0.1,0.35,0.65,0.35,0.65
Qwen/Qwen2.5-7B-Instruct,NVIDIA GeForce RTX 5060 Ti,42,MultiFieldQA-en,12,16,33,structural,66.191,0.0,0.0,0.0,0,1,1,1,111,367,367,367,54065242112,54065242112,54065242112,6.07,0.021,0.9,0.1,0.35,0.65,0.35,0.65
Qwen/Qwen2.5-7B-Instruct,NVIDIA GeForce RTX 5060 Ti,42,MultiFieldQA-en,12,16,34,structural,42.6436,44.4777,44.2584,0.0,0,0,0,1,107,363,363,363,52893130752,52893130752,52893130752,6.07,0.021,0.9,0.1,0.35,0.65,0.35,0.65
Qwen/Qwen2.5-7B-Instruct,NVIDIA GeForce RTX 5060 Ti,42,MultiFieldQA-en,12,16,35,semantic,49.7813,0.0,0.0,0.0,0,1,1,1,88,344,344,344,47501017088,47501017088,47501017088,6.07,0.021,0.9,0.1,0.35,0.65,0.35,0.65
Qwen/Qwen2.5-7B-Instruct,NVIDIA GeForce RTX 5060 Ti,42,MultiFieldQA-en,12,16,36,structural,42.8904,0.0,0.0,0.0,0,1,1,1,104,360,360,360,52022476800,52022476800,52022476800,6.07,0.021,0.9,0.1,0.35,0.65,0.35,0.65
Qwen/Qwen2.5-7B-Instruct,NVIDIA GeForce RTX 5060 Ti,42,MultiFieldQA-en,12,16,37,multi-hop,44.8377,0.0,42.7476,44.4623,0,1,0,0,106,362,362,362,52602109952,52602109952,52602109952,6.07,0.021,0.9,0.1,0.35,0.65,0.35,0.65
Qwen/Qwen2.5-7B-Instruct,NVIDIA GeForce RTX 5060 Ti,42,MultiFieldQA-en,12,16,38,multi-hop,43.3972,0.0,0.0,0.0,0,1,1,1,134,390,390,390,61054156800,61054156800,61054156800,6.07,0.021,0.9,0.1,0.35,0.65,0.35,0.65
Qwen/Qwen2.5-7B-Instruct,NVIDIA GeForce RTX 5060 Ti,42,MultiFieldQA-en,12,16,39,multi-hop,40.0058,41.2547,40.8966,0.0,0,0,0,1,177,433,433,433,75259584512,75259584512,75259584512,6.07,0.021,0.9,0.1,0.35,0.65,0.35,0.65
Qwen/Qwen2.5-7B-Instruct,NVIDIA GeForce RTX 5060 Ti,42,MultiFieldQA-en,12,16,40,semantic,42.1179,0.0,0.0,0.0,0,1,1,1,35,291,291,291,33991630848,33991630848,33991630848,6.07,0.021,0.9,0.1,0.35,0.65,0.35,0.65
Qwen/Qwen2.5-7B-Instruct,NVIDIA GeForce RTX 5060 Ti,42,MultiFieldQA-en,12,16,41,multi-hop,48.4096,50.3611,0.0,0.0,0,0,1,1,110,366,366,366,53771010048,53771010048,53771010048,6.07,0.021,0.9,0.1,0.35,0.65,0.35,0.65
Qwen/Qwen2.5-7B-Instruct,NVIDIA GeForce RTX 5060 Ti,42,MultiFieldQA-en,12,16,42,semantic,43.8429,45.0412,43.9913,45.2729,0,0,0,0,107,363,363,363,52893130752,52893130752,52893130752,6.07,0.021,0.9,0.1,0.35,0.65,0.35,0.65
Qwen/Qwen2.5-7B-Instruct,NVIDIA GeForce RTX 5060 Ti,42,MultiFieldQA-en,12,16,43,semantic,53.1854,0.0,52.6757,0.0,0,1,0,1,93,349,349,349,48891895808,48891895808,48891895808,6.07,0.021,0.9,0.1,0.35,0.65,0.35,0.65
Qwen/Qwen2.5-7B-Instruct,NVIDIA GeForce RTX 5060 Ti,42,MultiFieldQA-en,12,16,44,multi-hop,40.049,38.9606,39.4273,0.0,0,0,0,1,120,376,376,376,56749457408,56749457408,56749457408,6.07,0.021,0.9,0.1,0.35,0.65,0.35,0.65
Qwen/Qwen2.5-7B-Instruct,NVIDIA GeForce RTX 5060 Ti,42,MultiFieldQA-en,12,16,45,structural,55.629,0.0,0.0,0.0,0,1,1,1,115,371,371,371,55250198528,55250198528,55250198528,6.07,0.021,0.9,0.1,0.35,0.65,0.35,0.65
Qwen/Qwen2.5-7B-Instruct,NVIDIA GeForce RTX 5060 Ti,42,MultiFieldQA-en,12,16,46,structural,44.6571,44.4573,49.7589,0.0,0,0,0,1,43,299,299,299,35886276608,35886276608,35886276608,6.07,0.021,0.9,0.1,0.35,0.65,0.35,0.65
Qwen/Qwen2.5-7B-Instruct,NVIDIA GeForce RTX 5060 Ti,42,MultiFieldQA-en,12,16,47,semantic,49.5959,0.0,0.0,0.0,0,1,1,1,111,367,367,367,54065242112,54065242112,54065242112,6.07,0.021,0.9,0.1,0.35,0.65,0.35,0.65
Qwen/Qwen2.5-7B-Instruct,NVIDIA GeForce RTX 5060 Ti,42,MultiFieldQA-en,12,16,48,multi-hop,49.7755,0.0,51.3029,48.9231,0,1,0,0,110,366,366,366,53771010048,53771010048,53771010048,6.07,0.021,0.9,0.1,0.35,0.65,0.35,0.65
Qwen/Qwen2.5-7B-Instruct,NVIDIA GeForce RTX 5060 Ti,42,MultiFieldQA-en,12,16,49,structural,52.0498,50.3492,49.7704,0.0,0,0,0,1,113,369,369,369,54656114688,54656114688,54656114688,6.07,0.021,0.9,0.1,0.35,0.65,0.35,0.65
Qwen/Qwen2.5-7B-Instruct,NVIDIA GeForce RTX 5060 Ti,42,MultiFieldQA-en,12,16,50,multi-hop,43.889,0.0,0.0,0.0,0,1,1,1,80,336,336,336,45317357568,45317357568,45317357568,6.07,0.021,0.9,0.1,0.35,0.65,0.35,0.65
Qwen/Qwen2.5-7B-Instruct,NVIDIA GeForce RTX 5060 Ti,42,MultiFieldQA-en,12,16,51,structural,42.3161,50.684,0.0,0.0,0,0,1,1,112,368,368,368,54360276992,54360276992,54360276992,6.07,0.021,0.9,0.1,0.35,0.65,0.35,0.65
Qwen/Qwen2.5-7B-Instruct,NVIDIA GeForce RTX 5060 Ti,42,MultiFieldQA-en,12,16,52,semantic,45.5422,0.0,0.0,0.0,0,1,1,1,99,355,355,355,50587443200,50587443200,50587443200,6.07,0.021,0.9,0.1,0.35,0.65,0.35,0.65
Qwen/Qwen2.5-7B-Instruct,NVIDIA GeForce RTX 5060 Ti,42,MultiFieldQA-en,12,16,53,structural,67.4343,65.1389,65.679,0.0,0,0,0,1,5,112,141,261,5035261952,7980392448,27344314368,6.07,0.021,0.9,0.1,0.35,0.65,0.35,0.65
Qwen/Qwen2.5-7B-Instruct,NVIDIA GeForce RTX 5060 Ti,42,MultiFieldQA-en,12,16,54,structural,50.4487,51.2172,48.8101,0.0,0,0,0,1,101,357,357,357,51159048192,51159048192,51159048192,6.07,0.021,0.9,0.1,0.35,0.65,0.35,0.65
Qwen/Qwen2.5-7B-Instruct,NVIDIA GeForce RTX 5060 Ti,42,MultiFieldQA-en,12,16,55,semantic,49.1078,0.0,0.0,0.0,0,1,1,1,55,311,311,311,38824583168,38824583168,38824583168,6.07,0.021,0.9,0.1,0.35,0.65,0.35,0.65
Qwen/Qwen2.5-7B-Instruct,NVIDIA GeForce RTX 5060 Ti,42,MultiFieldQA-en,12,16,56,multi-hop,65.8883,0.0,0.0,67.3336,0,1,1,0,121,377,377,377,57051717632,57051717632,57051717632,6.07,0.021,0.9,0.1,0.35,0.65,0.35,0.65
Qwen/Qwen2.5-7B-Instruct,NVIDIA GeForce RTX 5060 Ti,42,MultiFieldQA-en,12,16,57,structural,51.1002,52.3005,52.8424,0.0,0,0,0,1,102,358,358,358,51446054912,51446054912,51446054912,6.07,0.021,0.9,0.1,0.35,0.65,0.35,0.65
Qwen/Qwen2.5-7B-Instruct,NVIDIA GeForce RTX 5060 Ti,42,MultiFieldQA-en,12,16,58,multi-hop,42.8617,0.0,43.8713,42.2779,0,1,0,0,23,279,279,279,31246000128,31246000128,31246000128,6.07,0.021,0.9,0.1,0.35,0.65,0.35,0.65
Qwen/Qwen2.5-7B-Instruct,NVIDIA GeForce RTX 5060 Ti,42,MultiFieldQA-en,12,16,59,semantic,49.3905,0.0,0.0,0.0,0,1,1,1,102,358,358,358,51446054912,51446054912,51446054912,6.07,0.021,0.9,0.1,0.35,0.65,0.35,0.65
Qwen/Qwen2.5-7B-Instruct,NVIDIA GeForce RTX 5060 Ti,42,MultiFieldQA-en,12,16,60,semantic,42.3545,0.0,43.0779,94.5211,0,1,0,0,10,266,266,266,28402024448,28402024448,28402024448,6.07,0.021,0.9,0.1,0.35,0.65,0.35,0.65
Qwen/Qwen2.5-7B-Instruct,NVIDIA GeForce RTX 5060 Ti,42,MultiFieldQA-en,12,16,61,structural,46.2386,44.4124,44.8142,0.0,0,0,0,1,149,405,405,405,65840947200,65840947200,65840947200,6.07,0.021,0.9,0.1,0.35,0.65,0.35,0.65
Qwen/Qwen2.5-7B-Instruct,NVIDIA GeForce RTX 5060 Ti,42,MultiFieldQA-en,12,16,62,semantic,67.0747,0.0,0.0,0.0,0,1,1,1,136,392,392,392,61681958912,61681958912,61681958912,6.07,0.021,0.9,0.1,0.35,0.65,0.35,0.65
Qwen/Qwen2.5-7B-Instruct,NVIDIA GeForce RTX 5060 Ti,42,MultiFieldQA-en,12,16,63,multi-hop,42.2896,0.0,0.0,0.0,0,1,1,1,68,324,324,324,42138206208,42138206208,42138206208,6.07,0.021,0.9,0.1,0.35,0.65,0.35,0.65
Qwen/Qwen2.5-7B-Instruct,NVIDIA GeForce RTX 5060 Ti,42,MultiFieldQA-en,12,16,64,multi-hop,55.2048,0.0,0.0,0.0,0,1,1,1,144,400,400,400,64225280000,64225280000,64225280000,6.07,0.021,0.9,0.1,0.35,0.65,0.35,0.65
Qwen/Qwen2.5-7B-Instruct,NVIDIA GeForce RTX 5060 Ti,42,MultiFieldQA-en,12,16,65,multi-hop,67.1243,64.5015,66.3327,0.0,0,0,0,1,5,112,141,261,5035261952,7980392448,27344314368,6.07,0.021,0.9,0.1,0.35,0.65,0.35,0.65
Qwen/Qwen2.5-7B-Instruct,NVIDIA GeForce RTX 5060 Ti,42,MultiFieldQA-en,12,16,66,multi-hop,0.0,0.0,0.0,0.0,1,1,1,1,124,380,380,380,57963315200,57963315200,57963315200,6.07,0.021,0.9,0.1,0.35,0.65,0.35,0.65
Qwen/Qwen2.5-7B-Instruct,NVIDIA GeForce RTX 5060 Ti,42,MultiFieldQA-en,12,16,67,semantic,53.2282,0.0,0.0,50.9177,0,1,1,0,27,283,283,283,32148365312,32148365312,32148365312,6.07,0.021,0.9,0.1,0.35,0.65,0.35,0.65
Qwen/Qwen2.5-7B-Instruct,NVIDIA GeForce RTX 5060 Ti,42,MultiFieldQA-en,12,16,68,structural,48.4888,0.0,48.5192,0.0,0,1,0,1,85,341,341,341,46676123648,46676123648,46676123648,6.07,0.021,0.9,0.1,0.35,0.65,0.35,0.65
Qwen/Qwen2.5-7B-Instruct,NVIDIA GeForce RTX 5060 Ti,42,MultiFieldQA-en,12,16,69,multi-hop,51.0082,0.0,51.6458,51.3455,0,1,0,0,111,367,367,367,54065242112,54065242112,54065242112,6.07,0.021,0.9,0.1,0.35,0.65,0.35,0.65
Qwen/Qwen2.5-7B-Instruct,NVIDIA GeForce RTX 5060 Ti,42,MultiFieldQA-en,12,16,70,structural,66.0652,67.9815,0.0,0.0,0,0,1,1,11,267,267,267,28615974912,28615974912,28615974912,6.07,0.021,0.9,0.1,0.35,0.65,0.35,0.65
Qwen/Qwen2.5-7B-Instruct,NVIDIA GeForce RTX 5060 Ti,42,MultiFieldQA-en,12,16,71,multi-hop,41.8382,44.6253,44.2864,0.0,0,0,0,1,47,303,303,303,36852867072,36852867072,36852867072,6.07,0.021,0.9,0.1,0.35,0.65,0.35,0.65
Qwen/Qwen2.5-7B-Instruct,NVIDIA GeForce RTX 5060 Ti,42,MultiFieldQA-en,12,16,72,semantic,66.7086,0.0,0.0,0.0,0,1,1,1,127,383,383,383,58882138112,58882138112,58882138112,6.07,0.021,0.9,0.1,0.35,0.65,0.35,0.65
Qwen/Qwen2.5-7B-Instruct,NVIDIA GeForce RTX 5060 Ti,42,MultiFieldQA-en,12,16,73,multi-hop,50.2007,0.0,0.0,0.0,0,1,1,1,143,399,399,399,63904555008,63904555008,63904555008,6.07,0.021,0.9,0.1,0.35,0.65,0.35,0.65
Qwen/Qwen2.5-7B-Instruct,NVIDIA GeForce RTX 5060 Ti,42,MultiFieldQA-en,12,16,74,multi-hop,49.9466,0.0,0.0,0.0,0,1,1,1,73,329,329,329,43448803328,43448803328,43448803328,6.07,0.021,0.9,0.1,0.35,0.65,0.35,0.65
Qwen/Qwen2.5-7B-Instruct,NVIDIA GeForce RTX 5060 Ti,42,MultiFieldQA-en,12,16,75,structural,43.65,44.6753,42.9038,44.2556,0,0,0,0,109,365,365,365,53477580800,53477580800,53477580800,6.07,0.021,0.9,0.1,0.35,0.65,0.35,0.65
Qwen/Qwen2.5-7B-Instruct,NVIDIA GeForce RTX 5060 Ti,42,MultiFieldQA-en,12,16,76,multi-hop,48.9338,0.0,0.0,49.0295,0,1,1,0,125,381,381,381,58268786688,58268786688,58268786688,6.07,0.021,0.9,0.1,0.35,0.65,0.35,0.65
Qwen/Qwen2.5-7B-Instruct,NVIDIA GeForce RTX 5060 Ti,42,MultiFieldQA-en,12,16,77,semantic,50.7229,0.0,0.0,0.0,0,1,1,1,110,366,366,366,53771010048,53771010048,53771010048,6.07,0.021,0.9,0.1,0.35,0.65,0.35,0.65
Qwen/Qwen2.5-7B-Instruct,NVIDIA GeForce RTX 5060 Ti,42,MultiFieldQA-en,12,16,78,semantic,43.1999,0.0,44.524,43.8779,0,1,0,0,45,301,301,301,36367966208,36367966208,36367966208,6.07,0.021,0.9,0.1,0.35,0.65,0.35,0.65
Qwen/Qwen2.5-7B-Instruct,NVIDIA GeForce RTX 5060 Ti,42,MultiFieldQA-en,12,16,79,semantic,43.4097,0.0,0.0,0.0,0,1,1,1,37,293,293,293,34460475392,34460475392,34460475392,6.07,0.021,0.9,0.1,0.35,0.65,0.35,0.65
Qwen/Qwen2.5-7B-Instruct,NVIDIA GeForce RTX 5060 Ti,42,MultiFieldQA-en,12,16,80,structural,65.7231,68.1784,66.7486,0.0,0,0,0,1,96,352,352,352,49736056832,49736056832,49736056832,6.07,0.021,0.9,0.1,0.35,0.65,0.35,0.65
Qwen/Qwen2.5-7B-Instruct,NVIDIA GeForce RTX 5060 Ti,42,MultiFieldQA-en,12,16,81,multi-hop,64.9951,0.0,0.0,0.0,0,1,1,1,23,279,279,279,31246000128,31246000128,31246000128,6.07,0.021,0.9,0.1,0.35,0.65,0.35,0.65
Qwen/Qwen2.5-7B-Instruct,NVIDIA GeForce RTX 5060 Ti,42,MultiFieldQA-en,12,16,82,multi-hop,54.5165,0.0,0.0,0.0,0,1,1,1,101,357,357,357,51159048192,51159048192,51159048192,6.07,0.021,0.9,0.1,0.35,0.65,0.35,0.65
Qwen/Qwen2.5-7B-Instruct,NVIDIA GeForce RTX 5060 Ti,42,MultiFieldQA-en,12,16,83,structural,48.2026,50.0308,0.0,0.0,0,0,1,1,13,269,269,269,29046284288,29046284288,29046284288,6.07,0.021,0.9,0.1,0.35,0.65,0.35,0.65
Qwen/Qwen2.5-7B-Instruct,NVIDIA GeForce RTX 5060 Ti,42,MultiFieldQA-en,12,16,84,semantic,50.3349,0.0,0.0,0.0,0,1,1,1,83,339,339,339,46130208768,46130208768,46130208768,6.07,0.021,0.9,0.1,0.35,0.65,0.35,0.65
Qwen/Qwen2.5-7B-Instruct,NVIDIA GeForce RTX 5060 Ti,42,MultiFieldQA-en,12,16,85,semantic,48.3367,0.0,0.0,0.0,0,1,1,1,91,347,347,347,48333135872,48333135872,48333135872,6.07,0.021,0.9,0.1,0.35,0.65,0.35,0.65
Qwen/Qwen2.5-7B-Instruct,NVIDIA GeForce RTX 5060 Ti,42,MultiFieldQA-en,12,16,86,multi-hop,42.7993,0.0,43.2551,43.7061,0,1,0,0,21,277,277,277,30799634432,30799634432,30799634432,6.07,0.021,0.9,0.1,0.35,0.65,0.35,0.65
Qwen/Qwen2.5-7B-Instruct,NVIDIA GeForce RTX 5060 Ti,42,MultiFieldQA-en,12,16,87,multi-hop,49.5747,0.0,0.0,0.0,0,1,1,1,114,370,370,370,54952755200,54952755200,54952755200,6.07,0.021,0.9,0.1,0.35,0.65,0.35,0.65
Qwen/Qwen2.5-7B-Instruct,NVIDIA GeForce RTX 5060 Ti,42,MultiFieldQA-en,12,16,88,multi-hop,49.196,51.1675,49.8912,0.0,0,0,0,1,25,281,281,281,31695577088,31695577088,31695577088,6.07,0.021,0.9,0.1,0.35,0.65,0.35,0.65
Qwen/Qwen2.5-7B-Instruct,NVIDIA GeForce RTX 5060 Ti,42,MultiFieldQA-en,12,16,89,multi-hop,49.2375,0.0,0.0,0.0,0,1,1,1,85,341,341,341,46676123648,46676123648,46676123648,6.07,0.021,0.9,0.1,0.35,0.65,0.35,0.65
Qwen/Qwen2.5-7B-Instruct,NVIDIA GeForce RTX 5060 Ti,42,MultiFieldQA-en,12,16,90,semantic,51.1445,0.0,0.0,0.0,0,1,1,1,94,350,350,350,49172480000,49172480000,49172480000,6.07,0.021,0.9,0.1,0.35,0.65,0.35,0.65
Qwen/Qwen2.5-7B-Instruct,NVIDIA GeForce RTX 5060 Ti,42,MultiFieldQA-en,12,16,91,multi-hop,49.4054,0.0,0.0,0.0,0,1,1,1,87,343,343,343,47225249792,47225249792,47225249792,6.07,0.021,0.9,0.1,0.35,0.65,0.35,0.65
Qwen/Qwen2.5-7B-Instruct,NVIDIA GeForce RTX 5060 Ti,42,MultiFieldQA-en,12,16,92,semantic,85.8161,0.0,86.7135,86.8055,0,1,0,0,4,260,260,260,27135180800,27135180800,27135180800,6.07,0.021,0.9,0.1,0.35,0.65,0.35,0.65
Qwen/Qwen2.5-7B-Instruct,NVIDIA GeForce RTX 5060 Ti,42,MultiFieldQA-en,12,16,93,semantic,0.0,0.0,0.0,0.0,1,1,1,1,100,356,356,356,50872844288,50872844288,50872844288,6.07,0.021,0.9,0.1,0.35,0.65,0.35,0.65
Qwen/Qwen2.5-7B-Instruct,NVIDIA GeForce RTX 5060 Ti,42,MultiFieldQA-en,12,16,94,semantic,48.506,0.0,55.8494,50.9337,0,1,0,0,127,383,383,383,58882138112,58882138112,58882138112,6.07,0.021,0.9,0.1,0.35,0.65,0.35,0.65
Qwen/Qwen2.5-7B-Instruct,NVIDIA GeForce RTX 5060 Ti,42,MultiFieldQA-en,12,16,95,semantic,50.0906,0.0,0.0,0.0,0,1,1,1,101,357,357,357,51159048192,51159048192,51159048192,6.07,0.021,0.9,0.1,0.35,0.65,0.35,0.65
Qwen/Qwen2.5-7B-Instruct,NVIDIA GeForce RTX 5060 Ti,42,MultiFieldQA-en,12,16,96,multi-hop,0.0,0.0,0.0,0.0,1,1,1,1,114,370,370,370,54952755200,54952755200,54952755200,6.07,0.021,0.9,0.1,0.35,0.65,0.35,0.65
Qwen/Qwen2.5-7B-Instruct,NVIDIA GeForce RTX 5060 Ti,42,MultiFieldQA-en,12,16,97,structural,49.0067,51.8562,0.0,0.0,0,0,1,1,86,342,342,342,46950285312,46950285312,46950285312,6.07,0.021,0.9,0.1,0.35,0.65,0.35,0.65
Qwen/Qwen2.5-7B-Instruct,NVIDIA GeForce RTX 5060 Ti,42,MultiFieldQA-en,12,16,98,multi-hop,43.5707,0.0,0.0,48.2043,0,1,1,0,73,329,329,329,43448803328,43448803328,43448803328,6.07,0.021,0.9,0.1,0.35,0.65,0.35,0.65
Qwen/Qwen2.5-7B-Instruct,NVIDIA GeForce RTX 5060 Ti,42,MultiFieldQA-en,12,16,99,semantic,48.126,0.0,0.0,0.0,0,1,1,1,114,370,370,370,54952755200,54952755200,54952755200,6.07,0.021,0.9,0.1,0.35,0.65,0.35,0.65
Qwen/Qwen2.5-7B-Instruct,NVIDIA GeForce RTX 5060 Ti,42,MultiFieldQA-en,12,16,100,semantic,66.6752,0.0,0.0,0.0,0,1,1,1,138,394,394,394,62312972288,62312972288,62312972288,6.07,0.021,0.9,0.1,0.35,0.65,0.35,0.65
Qwen/Qwen2.5-7B-Instruct,NVIDIA GeForce RTX 5060 Ti,42,MultiFieldQA-en,12,16,101,multi-hop,69.4702,68.4279,0.0,0.0,0,0,1,1,39,295,295,295,34932531200,34932531200,34932531200,6.07,0.021,0.9,0.1,0.35,0.65,0.35,0.65
Qwen/Qwen2.5-7B-Instruct,NVIDIA GeForce RTX 5060 Ti,42,MultiFieldQA-en,12,16,102,multi-hop,67.6301,0.0,0.0,69.0148,0,1,1,0,158,414,414,414,68799725568,68799725568,68799725568,6.07,0.021,0.9,0.1,0.35,0.65,0.35,0.65
Qwen/Qwen2.5-7B-Instruct,NVIDIA GeForce RTX 5060 Ti,42,MultiFieldQA-en,12,16,103,semantic,53.5925,0.0,0.0,0.0,0,1,1,1,78,334,334,334,44779470848,44779470848,44779470848,6.07,0.021,0.9,0.1,0.35,0.65,0.35,0.65
Qwen/Qwen2.5-7B-Instruct,NVIDIA GeForce RTX 5060 Ti,42,MultiFieldQA-en,12,16,104,multi-hop,48.9537,0.0,0.0,0.0,0,1,1,1,109,365,365,365,53477580800,53477580800,53477580800,6.07,0.021,0.9,0.1,0.35,0.65,0.35,0.65
Qwen/Qwen2.5-7B-Instruct,NVIDIA GeForce RTX 5060 Ti,42,MultiFieldQA-en,12,16,105,semantic,47.9631,0.0,0.0,0.0,0,1,1,1,142,398,398,398,63584632832,63584632832,63584632832,6.07,0.021,0.9,0.1,0.35,0.65,0.35,0.65
Qwen/Qwen2.5-7B-Instruct,NVIDIA GeForce RTX 5060 Ti,42,MultiFieldQA-en,12,16,106,semantic,49.3858,0.0,0.0,0.0,0,1,1,1,103,359,359,359,51733864448,51733864448,51733864448,6.07,0.021,0.9,0.1,0.35,0.65,0.35,0.65
Qwen/Qwen2.5-7B-Instruct,NVIDIA GeForce RTX 5060 Ti,42,MultiFieldQA-en,12,16,107,structural,66.5099,64.2821,66.0131,65.3974,0,0,0,0,1,28,28,71,314703872,314703872,2023497728,6.07,0.021,0.9,0.1,0.35,0.65,0.35,0.65
Qwen/Qwen2.5-7B-Instruct,NVIDIA GeForce RTX 5060 Ti,42,MultiFieldQA-en,12,16,108,structural,41.1576,0.0,0.0,0.0,0,1,1,1,107,363,363,363,52893130752,52893130752,52893130752,6.07,0.021,0.9,0.1,0.35,0.65,0.35,0.65
Qwen/Qwen2.5-7B-Instruct,NVIDIA GeForce RTX 5060 Ti,42,MultiFieldQA-en,12,16,109,multi-hop,48.9911,0.0,0.0,0.0,0,1,1,1,86,342,342,342,46950285312,46950285312,46950285312,6.07,0.021,0.9,0.1,0.35,0.65,0.35,0.65
Qwen/Qwen2.5-7B-Instruct,NVIDIA GeForce RTX 5060 Ti,42,MultiFieldQA-en,12,16,110,multi-hop,49.1105,50.8894,0.0,0.0,0,0,1,1,58,314,314,314,39577223168,39577223168,39577223168,6.07,0.021,0.9,0.1,0.35,0.65,0.35,0.65
Qwen/Qwen2.5-7B-Instruct,NVIDIA GeForce RTX 5060 Ti,42,MultiFieldQA-en,12,16,111,multi-hop,40.1029,41.226,41.8911,0.0,0,0,0,1,113,369,369,369,54656114688,54656114688,54656114688,6.07,0.021,0.9,0.1,0.35,0.65,0.35,0.65
Qwen/Qwen2.5-7B-Instruct,NVIDIA GeForce RTX 5060 Ti,42,MultiFieldQA-en,12,16,112,semantic,49.463,0.0,49.5932,0.0,0,1,0,1,110,366,366,366,53771010048,53771010048,53771010048,6.07,0.021,0.9,0.1,0.35,0.65,0.35,0.65
Qwen/Qwen2.5-7B-Instruct,NVIDIA GeForce RTX 5060 Ti,42,MultiFieldQA-en,12,16,113,multi-hop,43.0286,0.0,0.0,0.0,0,1,1,1,97,353,353,353,50019049472,50019049472,50019049472,6.07,0.021,0.9,0.1,0.35,0.65,0.35,0.65
Qwen/Qwen2.5-7B-Instruct,NVIDIA GeForce RTX 5060 Ti,42,MultiFieldQA-en,12,16,114,multi-hop,67.8671,0.0,68.0045,73.614,0,1,0,0,48,304,304,304,37096521728,37096521728,37096521728,6.07,0.021,0.9,0.1,0.35,0.65,0.35,0.65
Qwen/Qwen2.5-7B-Instruct,NVIDIA GeForce RTX 5060 Ti,42,MultiFieldQA-en,12,16,115,multi-hop,67.0829,69.7216,69.5613,0.0,0,0,0,1,23,279,255,279,31246000128,26101555200,31246000128,6.07,0.021,0.9,0.1,0.35,0.65,0.35,0.65
Qwen/Qwen2.5-7B-Instruct,NVIDIA GeForce RTX 5060 Ti,42,MultiFieldQA-en,12,16,116,semantic,49.6146,0.0,0.0,56.0543,0,1,1,0,27,283,283,283,32148365312,32148365312,32148365312,6.07,0.021,0.9,0.1,0.35,0.65,0.35,0.65
Qwen/Qwen2.5-7B-Instruct,NVIDIA GeForce RTX 5060 Ti,42,MultiFieldQA-en,12,16,117,multi-hop,66.7311,0.0,0.0,0.0,0,1,1,1,125,381,381,381,58268786688,58268786688,58268786688,6.07,0.021,0.9,0.1,0.35,0.65,0.35,0.65
Qwen/Qwen2.5-7B-Instruct,NVIDIA GeForce RTX 5060 Ti,42,MultiFieldQA-en,12,16,118,multi-hop,47.643,0.0,0.0,49.8814,0,1,1,0,61,317,317,317,40337088512,40337088512,40337088512,6.07,0.021,0.9,0.1,0.35,0.65,0.35,0.65
Qwen/Qwen2.5-7B-Instruct,NVIDIA GeForce RTX 5060 Ti,42,MultiFieldQA-en,12,16,119,multi-hop,50.2563,50.2647,49.3324,0.0,0,0,0,1,86,342,342,342,46950285312,46950285312,46950285312,6.07,0.021,0.9,0.1,0.35,0.65,0.35,0.65
Qwen/Qwen2.5-7B-Instruct,NVIDIA GeForce RTX 5060 Ti,42,MultiFieldQA-en,12,16,120,structural,49.4629,54.5011,0.0,0.0,0,0,1,1,55,311,311,311,38824583168,38824583168,38824583168,6.07,0.021,0.9,0.1,0.35,0.65,0.35,0.65
Qwen/Qwen2.5-7B-Instruct,NVIDIA GeForce RTX 5060 Ti,42,MultiFieldQA-en,12,16,121,multi-hop,67.2233,0.0,0.0,0.0,0,1,1,1,152,408,408,408,66819981312,66819981312,66819981312,6.07,0.021,0.9,0.1,0.35,0.65,0.35,0.65
Qwen/Qwen2.5-7B-Instruct,NVIDIA GeForce RTX 5060 Ti,42,MultiFieldQA-en,12,16,122,semantic,48.349,0.0,0.0,0.0,0,1,1,1,108,364,364,364,53184954368,53184954368,53184954368,6.07,0.021,0.9,0.1,0.35,0.65,0.35,0.65
Qwen/Qwen2.5-7B-Instruct,NVIDIA GeForce RTX 5060 Ti,42,MultiFieldQA-en,12,16,123,semantic,51.7459,0.0,0.0,0.0,0,1,1,1,151,407,407,407,66492833792,66492833792,66492833792,6.07,0.021,0.9,0.1,0.35,0.65,0.35,0.65
Qwen/Qwen2.5-7B-Instruct,NVIDIA GeForce RTX 5060 Ti,42,MultiFieldQA-en,12,16,124,multi-hop,47.9245,0.0,0.0,0.0,0,1,1,1,91,347,347,347,48333135872,48333135872,48333135872,6.07,0.021,0.9,0.1,0.35,0.65,0.35,0.65
Qwen/Qwen2.5-7B-Instruct,NVIDIA GeForce RTX 5060 Ti,42,MultiFieldQA-en,12,16,125,semantic,48.815,0.0,0.0,0.0,0,1,1,1,96,352,352,352,49736056832,49736056832,49736056832,6.07,0.021,0.9,0.1,0.35,0.65,0.35,0.65
Qwen/Qwen2.5-7B-Instruct,NVIDIA GeForce RTX 5060 Ti,42,MultiFieldQA-en,12,16,126,semantic,65.8304,0.0,68.0245,69.4204,0,1,0,0,125,381,381,381,58268786688,58268786688,58268786688,6.07,0.021,0.9,0.1,0.35,0.65,0.35,0.65
Qwen/Qwen2.5-7B-Instruct,NVIDIA GeForce RTX 5060 Ti,42,MultiFieldQA-en,12,16,127,multi-hop,49.4481,46.8818,48.2803,48.7268,0,0,0,0,1,28,28,71,314703872,314703872,2023497728,6.07,0.021,0.9,0.1,0.35,0.65,0.35,0.65
Qwen/Qwen2.5-7B-Instruct,NVIDIA GeForce RTX 5060 Ti,42,MultiFieldQA-en,12,16,128,multi-hop,44.185,44.1302,44.5339,0.0,0,0,0,1,94,350,350,350,49172480000,49172480000,49172480000,6.07,0.021,0.9,0.1,0.35,0.65,0.35,0.65
Qwen/Qwen2.5-7B-Instruct,NVIDIA GeForce RTX 5060 Ti,42,MultiFieldQA-en,12,16,129,structural,43.0735,44.0189,45.0013,0.0,0,0,0,1,138,394,394,394,62312972288,62312972288,62312972288,6.07,0.021,0.9,0.1,0.35,0.65,0.35,0.65
Qwen/Qwen2.5-7B-Instruct,NVIDIA GeForce RTX 5060 Ti,42,MultiFieldQA-en,12,16,130,semantic,65.7353,0.0,0.0,65.8382,0,1,1,0,114,370,370,370,54952755200,54952755200,54952755200,6.07,0.021,0.9,0.1,0.35,0.65,0.35,0.65
Qwen/Qwen2.5-7B-Instruct,NVIDIA GeForce RTX 5060 Ti,42,MultiFieldQA-en,12,16,131,semantic,64.6536,0.0,0.0,0.0,0,1,1,1,117,373,373,373,55847493632,55847493632,55847493632,6.07,0.021,0.9,0.1,0.35,0.65,0.35,0.65
Qwen/Qwen2.5-7B-Instruct,NVIDIA GeForce RTX 5060 Ti,42,MultiFieldQA-en,12,16,132,semantic,85.0769,0.0,88.3982,0.0,0,1,0,1,58,314,314,314,39577223168,39577223168,39577223168,6.07,0.021,0.9,0.1,0.35,0.65,0.35,0.65
Qwen/Qwen2.5-7B-Instruct,NVIDIA GeForce RTX 5060 Ti,42,MultiFieldQA-en,12,16,133,multi-hop,50.0572,0.0,0.0,0.0,0,1,1,1,101,357,357,357,51159048192,51159048192,51159048192,6.07,0.021,0.9,0.1,0.35,0.65,0.35,0.65
Qwen/Qwen2.5-7B-Instruct,NVIDIA GeForce RTX 5060 Ti,42,MultiFieldQA-en,12,16,134,structural,49.8415,0.0,0.0,0.0,0,1,1,1,99,355,355,355,50587443200,50587443200,50587443200,6.07,0.021,0.9,0.1,0.35,0.65,0.35,0.65
Qwen/Qwen2.5-7B-Instruct,NVIDIA GeForce RTX 5060 Ti,42,MultiFieldQA-en,12,16,135,multi-hop,71.4326,0.0,0.0,0.0,0,1,1,1,150,406,406,406,66166489088,66166489088,66166489088,6.07,0.021,0.9,0.1,0.35,0.65,0.35,0.65
Qwen/Qwen2.5-7B-Instruct,NVIDIA GeForce RTX 5060 Ti,42,MultiFieldQA-en,12,16,136,semantic,42.3616,0.0,0.0,0.0,0,1,1,1,71,327,327,327,42922156032,42922156032,42922156032,6.07,0.021,0.9,0.1,0.35,0.65,0.35,0.65
Qwen/Qwen2.5-7B-Instruct,NVIDIA GeForce RTX 5060 Ti,42,MultiFieldQA-en,12,16,137,semantic,43.1897,0.0,0.0,0.0,0,1,1,1,15,271,271,271,29479804928,29479804928,29479804928,6.07,0.021,0.9,0.1,0.35,0.65,0.35,0.65
Qwen/Qwen2.5-7B-Instruct,NVIDIA GeForce RTX 5060 Ti,42,MultiFieldQA-en,12,16,138,semantic,48.827,0.0,51.5436,0.0,0,1,0,1,85,341,341,341,46676123648,46676123648,46676123648,6.07,0.021,0.9,0.1,0.35,0.65,0.35,0.65
Qwen/Qwen2.5-7B-Instruct,NVIDIA GeForce RTX 5060 Ti,42,MultiFieldQA-en,12,16,139,multi-hop,57.0313,53.618,52.577,0.0,0,0,0,1,130,386,386,386,59808186368,59808186368,59808186368,6.07,0.021,0.9,0.1,0.35,0.65,0.35,0.65
Qwen/Qwen2.5-7B-Instruct,NVIDIA GeForce RTX 5060 Ti,42,MultiFieldQA-en,12,16,140,structural,0.0,0.0,0.0,0.0,1,1,1,1,26,282,282,282,31921569792,31921569792,31921569792,6.07,0.021,0.9,0.1,0.35,0.65,0.35,0.65
Qwen/Qwen2.5-7B-Instruct,NVIDIA GeForce RTX 5060 Ti,42,MultiFieldQA-en,12,16,141,semantic,53.3149,0.0,0.0,0.0,0,1,1,1,102,358,358,358,51446054912,51446054912,51446054912,6.07,0.021,0.9,0.1,0.35,0.65,0.35,0.65
Qwen/Qwen2.5-7B-Instruct,NVIDIA GeForce RTX 5060 Ti,42,MultiFieldQA-en,12,16,142,multi-hop,52.4671,51.9677,51.0254,52.8402,0,0,0,0,1,28,28,71,314703872,314703872,2023497728,6.07,0.021,0.9,0.1,0.35,0.65,0.35,0.65
Qwen/Qwen2.5-7B-Instruct,NVIDIA GeForce RTX 5060 Ti,42,MultiFieldQA-en,12,16,143,semantic,52.0382,0.0,0.0,0.0,0,1,1,1,156,412,412,412,68136599552,68136599552,68136599552,6.07,0.021,0.9,0.1,0.35,0.65,0.35,0.65
Qwen/Qwen2.5-7B-Instruct,NVIDIA GeForce RTX 5060 Ti,42,MultiFieldQA-en,12,16,144,multi-hop,0.0,0.0,0.0,51.9507,1,1,1,0,102,358,358,358,51446054912,51446054912,51446054912,6.07,0.021,0.9,0.1,0.35,0.65,0.35,0.65
Qwen/Qwen2.5-7B-Instruct,NVIDIA GeForce RTX 5060 Ti,42,MultiFieldQA-en,12,16,145,multi-hop,52.1692,0.0,0.0,0.0,0,1,1,1,65,321,321,321,41361481728,41361481728,41361481728,6.07,0.021,0.9,0.1,0.35,0.65,0.35,0.65
Qwen/Qwen2.5-7B-Instruct,NVIDIA GeForce RTX 5060 Ti,42,MultiFieldQA-en,12,16,146,multi-hop,50.3068,0.0,0.0,0.0,0,1,1,1,100,356,356,356,50872844288,50872844288,50872844288,6.07,0.021,0.9,0.1,0.35,0.65,0.35,0.65
Qwen/Qwen2.5-7B-Instruct,NVIDIA GeForce RTX 5060 Ti,42,MultiFieldQA-en,12,16,147,multi-hop,50.5615,0.0,0.0,52.0523,0,1,1,0,103,359,359,359,51733864448,51733864448,51733864448,6.07,0.021,0.9,0.1,0.35,0.65,0.35,0.65
Qwen/Qwen2.5-7B-Instruct,NVIDIA GeForce RTX 5060 Ti,42,MultiFieldQA-en,12,16,148,multi-hop,85.0759,0.0,0.0,0.0,0,1,1,1,146,402,402,402,64869138432,64869138432,64869138432,6.07,0.021,0.9,0.1,0.35,0.65,0.35,0.65
Qwen/Qwen2.5-7B-Instruct,NVIDIA GeForce RTX 5060 Ti,42,MultiFieldQA-en,12,16,149,multi-hop,47.5044,49.5799,49.3718,0.0,0,0,0,1,65,321,321,321,41361481728,41361481728,41361481728,6.07,0.021,0.9,0.1,0.35,0.65,0.35,0.65
Qwen/Qwen2.5-7B-Instruct,NVIDIA GeForce RTX 5060 Ti,42,MultiFieldQA-en,12,16,150,semantic,49.1821,0.0,0.0,0.0,0,1,1,1,104,360,360,360,52022476800,52022476800,52022476800,6.07,0.021,0.9,0.1,0.35,0.65,0.35,0.65
Qwen/Qwen2.5-7B-Instruct,NVIDIA GeForce RTX 5060 Ti,42,MultiFieldQA-en,12,16,151,structural,42.9485,47.9122,42.4916,0.0,0,0,0,1,114,370,370,370,54952755200,54952755200,54952755200,6.07,0.021,0.9,0.1,0.35,0.65,0.35,0.65
Qwen/Qwen2.5-7B-Instruct,NVIDIA GeForce RTX 5060 Ti,42,MultiFieldQA-en,12,16,152,structural,50.3548,0.0,0.0,0.0,0,1,1,1,95,351,351,351,49453867008,49453867008,49453867008,6.07,0.021,0.9,0.1,0.35,0.65,0.35,0.65
Qwen/Qwen2.5-7B-Instruct,NVIDIA GeForce RTX 5060 Ti,42,MultiFieldQA-en,12,16,153,structural,48.7372,47.7751,48.8818,49.124,0,0,0,0,1,28,28,71,314703872,314703872,2023497728,6.07,0.021,0.9,0.1,0.35,0.65,0.35,0.65
Qwen/Qwen2.5-7B-Instruct,NVIDIA GeForce RTX 5060 Ti,42,MultiFieldQA-en,12,16,154,multi-hop,0.0,43.8887,43.7443,0.0,1,0,0,1,114,370,370,370,54952755200,54952755200,54952755200,6.07,0.021,0.9,0.1,0.35,0.65,0.35,0.65
Qwen/Qwen2.5-7B-Instruct,NVIDIA GeForce RTX 5060 Ti,42,MultiFieldQA-en,12,16,155,multi-hop,0.0,0.0,0.0,54.7128,1,1,1,0,107,363,363,363,52893130752,52893130752,52893130752,6.07,0.021,0.9,0.1,0.35,0.65,0.35,0.65
Qwen/Qwen2.5-7B-Instruct,NVIDIA GeForce RTX 5060 Ti,42,MultiFieldQA-en,12,16,156,structural,50.3234,49.9887,0.0,0.0,0,0,1,1,88,344,344,344,47501017088,47501017088,47501017088,6.07,0.021,0.9,0.1,0.35,0.65,0.35,0.65
Qwen/Qwen2.5-7B-Instruct,NVIDIA GeForce RTX 5060 Ti,42,MultiFieldQA-en,12,16,157,multi-hop,38.8191,0.0,0.0,0.0,0,1,1,1,1,28,28,71,314703872,314703872,2023497728,6.07,0.021,0.9,0.1,0.35,0.65,0.35,0.65
Qwen/Qwen2.5-7B-Instruct,NVIDIA GeForce RTX 5060 Ti,42,MultiFieldQA-en,12,16,158,multi-hop,66.4149,0.0,0.0,0.0,0,1,1,1,163,419,419,419,70471589888,70471589888,70471589888,6.07,0.021,0.9,0.1,0.35,0.65,0.35,0.65
Qwen/Qwen2.5-7B-Instruct,NVIDIA GeForce RTX 5060 Ti,42,MultiFieldQA-en,12,16,159,structural,43.8065,44.4658,44.2536,0.0,0,0,0,1,78,334,334,334,44779470848,44779470848,44779470848,6.07,0.021,0.9,0.1,0.35,0.65,0.35,0.65
Qwen/Qwen2.5-7B-Instruct,NVIDIA GeForce RTX 5060 Ti,42,MultiFieldQA-en,12,16,160,semantic,47.3712,0.0,0.0,49.3019,0,1,1,0,122,378,378,378,57354780672,57354780672,57354780672,6.07,0.021,0.9,0.1,0.35,0.65,0.35,0.65
Qwen/Qwen2.5-7B-Instruct,NVIDIA GeForce RTX 5060 Ti,42,MultiFieldQA-en,12,16,161,multi-hop,43.4346,0.0,0.0,43.6729,0,1,1,0,86,342,342,342,46950285312,46950285312,46950285312,6.07,0.021,0.9,0.1,0.35,0.65,0.35,0.65
Qwen/Qwen2.5-7B-Instruct,NVIDIA GeForce RTX 5060 Ti,42,MultiFieldQA-en,12,16,162,multi-hop,49.0091,55.5548,50.6262,0.0,0,0,0,1,92,348,348,348,48612114432,48612114432,48612114432,6.07,0.021,0.9,0.1,0.35,0.65,0.35,0.65
Qwen/Qwen2.5-7B-Instruct,NVIDIA GeForce RTX 5060 Ti,42,MultiFieldQA-en,12,16,163,multi-hop,43.3268,44.9009,43.9226,0.0,0,0,0,1,158,414,414,414,68799725568,68799725568,68799725568,6.07,0.021,0.9,0.1,0.35,0.65,0.35,0.65
Qwen/Qwen2.5-7B-Instruct,NVIDIA GeForce RTX 5060 Ti,42,MultiFieldQA-en,12,16,164,semantic,0.0,0.0,0.0,0.0,1,1,1,1,1,28,28,28,314703872,314703872,314703872,6.07,0.021,0.9,0.1,0.35,0.65,0.35,0.65
Qwen/Qwen2.5-7B-Instruct,NVIDIA GeForce RTX 5060 Ti,42,MultiFieldQA-en,12,16,165,multi-hop,48.6678,0.0,0.0,0.0,0,1,1,1,91,347,347,347,48333135872,48333135872,48333135872,6.07,0.021,0.9,0.1,0.35,0.65,0.35,0.65
Qwen/Qwen2.5-7B-Instruct,NVIDIA GeForce RTX 5060 Ti,42,MultiFieldQA-en,12,16,166,multi-hop,41.7336,0.0,0.0,44.1368,0,1,1,0,35,291,291,291,33991630848,33991630848,33991630848,6.07,0.021,0.9,0.1,0.35,0.65,0.35,0.65
Qwen/Qwen2.5-7B-Instruct,NVIDIA GeForce RTX 5060 Ti,42,MultiFieldQA-en,12,16,167,multi-hop,48.7083,47.1723,48.0263,47.7335,0,0,0,0,1,28,28,71,314703872,314703872,2023497728,6.07,0.021,0.9,0.1,0.35,0.65,0.35,0.65
Qwen/Qwen2.5-7B-Instruct,NVIDIA GeForce RTX 5060 Ti,42,MultiFieldQA-en,12,16,168,semantic,49.7636,0.0,0.0,0.0,0,1,1,1,106,362,362,362,52602109952,52602109952,52602109952,6.07,0.021,0.9,0.1,0.35,0.65,0.35,0.65
Qwen/Qwen2.5-7B-Instruct,NVIDIA GeForce RTX 5060 Ti,42,MultiFieldQA-en,12,16,169,multi-hop,0.0,38.7225,39.9904,0.0,1,0,0,1,136,392,392,271,61681958912,61681958912,29479804928,6.07,0.021,0.9,0.1,0.35,0.65,0.35,0.65
Qwen/Qwen2.5-7B-Instruct,NVIDIA GeForce RTX 5060 Ti,42,MultiFieldQA-en,12,16,170,multi-hop,67.1079,68.1156,68.2527,0.0,0,0,0,1,150,406,406,406,66166489088,66166489088,66166489088,6.07,0.021,0.9,0.1,0.35,0.65,0.35,0.65
Qwen/Qwen2.5-7B-Instruct,NVIDIA GeForce RTX 5060 Ti,42,MultiFieldQA-en,12,16,171,multi-hop,0.0,0.0,0.0,0.0,1,1,1,1,1,28,28,71,314703872,314703872,2023497728,6.07,0.021,0.9,0.1,0.35,0.65,0.35,0.65
Qwen/Qwen2.5-7B-Instruct,NVIDIA GeForce RTX 5060 Ti,42,MultiFieldQA-en,12,16,172,structural,50.377,44.8852,43.2755,44.583,0,0,0,0,92,348,348,348,48612114432,48612114432,48612114432,6.07,0.021,0.9,0.1,0.35,0.65,0.35,0.65
Qwen/Qwen2.5-7B-Instruct,NVIDIA GeForce RTX 5060 Ti,42,MultiFieldQA-en,12,16,173,multi-hop,46.9198,48.7844,47.8034,0.0,0,0,0,1,19,275,275,275,30356480000,30356480000,30356480000,6.07,0.021,0.9,0.1,0.35,0.65,0.35,0.65
Qwen/Qwen2.5-7B-Instruct,NVIDIA GeForce RTX 5060 Ti,42,MultiFieldQA-en,12,16,174,semantic,50.1991,0.0,0.0,0.0,0,1,1,1,86,342,342,342,46950285312,46950285312,46950285312,6.07,0.021,0.9,0.1,0.35,0.65,0.35,0.65
Qwen/Qwen2.5-7B-Instruct,NVIDIA GeForce RTX 5060 Ti,42,MultiFieldQA-en,12,16,175,multi-hop,47.3152,49.9532,0.0,0.0,0,0,1,1,106,362,362,362,52602109952,52602109952,52602109952,6.07,0.021,0.9,0.1,0.35,0.65,0.35,0.65
Qwen/Qwen2.5-7B-Instruct,NVIDIA GeForce RTX 5060 Ti,42,MultiFieldQA-en,12,16,176,multi-hop,48.4102,0.0,51.1246,49.2864,0,1,0,0,110,366,366,366,53771010048,53771010048,53771010048,6.07,0.021,0.9,0.1,0.35,0.65,0.35,0.65
Qwen/Qwen2.5-7B-Instruct,NVIDIA GeForce RTX 5060 Ti,42,MultiFieldQA-en,12,16,177,multi-hop,49.3202,0.0,0.0,0.0,0,1,1,1,81,337,337,337,45587505152,45587505152,45587505152,6.07,0.021,0.9,0.1,0.35,0.65,0.35,0.65
Qwen/Qwen2.5-7B-Instruct,NVIDIA GeForce RTX 5060 Ti,42,MultiFieldQA-en,12,16,178,structural,65.7521,68.592,0.0,0.0,0,0,1,1,21,277,277,277,30799634432,30799634432,30799634432,6.07,0.021,0.9,0.1,0.35,0.65,0.35,0.65
Qwen/Qwen2.5-7B-Instruct,NVIDIA GeForce RTX 5060 Ti,42,MultiFieldQA-en,12,16,179,structural,49.7427,0.0,0.0,0.0,0,1,1,1,119,375,375,375,56448000000,56448000000,56448000000,6.07,0.021,0.9,0.1,0.35,0.65,0.35,0.65
Qwen/Qwen2.5-7B-Instruct,NVIDIA GeForce RTX 5060 Ti,42,MultiFieldQA-en,12,16,180,semantic,0.0,0.0,43.3295,42.8789,1,1,0,0,116,372,372,372,55548444672,55548444672,55548444672,6.07,0.021,0.9,0.1,0.35,0.65,0.35,0.65
Qwen/Qwen2.5-7B-Instruct,NVIDIA GeForce RTX 5060 Ti,42,MultiFieldQA-en,12,16,181,structural,48.8297,51.5792,0.0,0.0,0,0,1,1,142,398,398,398,63584632832,63584632832,63584632832,6.07,0.021,0.9,0.1,0.35,0.65,0.35,0.65
Qwen/Qwen2.5-7B-Instruct,NVIDIA GeForce RTX 5060 Ti,42,MultiFieldQA-en,12,16,182,multi-hop,49.8306,0.0,50.7293,50.6794,0,1,0,0,68,324,324,324,42138206208,42138206208,42138206208,6.07,0.021,0.9,0.1,0.35,0.65,0.35,0.65
Qwen/Qwen2.5-7B-Instruct,NVIDIA GeForce RTX 5060 Ti,42,MultiFieldQA-en,12,16,183,multi-hop,39.1315,0.0,0.0,0.0,0,1,1,1,1,28,28,71,314703872,314703872,2023497728,6.07,0.021,0.9,0.1,0.35,0.65,0.35,0.65
Qwen/Qwen2.5-7B-Instruct,NVIDIA GeForce RTX 5060 Ti,42,MultiFieldQA-en,12,16,184,structural,49.2705,51.0471,50.8847,0.0,0,0,0,1,60,316,316,316,40082997248,40082997248,40082997248,6.07,0.021,0.9,0.1,0.35,0.65,0.35,0.65
Qwen/Qwen2.5-7B-Instruct,NVIDIA GeForce RTX 5060 Ti,42,MultiFieldQA-en,12,16,185,multi-hop,48.2278,0.0,49.947,49.0942,0,1,0,0,51,307,307,307,37832302592,37832302592,37832302592,6.07,0.021,0.9,0.1,0.35,0.65,0.35,0.65
Qwen/Qwen2.5-7B-Instruct,NVIDIA GeForce RTX 5060 Ti,42,MultiFieldQA-en,12,16,186,semantic,42.738,0.0,0.0,0.0,0,1,1,1,84,340,340,340,46402764800,46402764800,46402764800,6.07,0.021,0.9,0.1,0.35,0.65,0.35,0.65
Qwen/Qwen2.5-7B-Instruct,NVIDIA GeForce RTX 5060 Ti,42,MultiFieldQA-en,12,16,187,multi-hop,65.7729,67.2736,66.1331,0.0,0,0,0,1,99,355,355,355,50587443200,50587443200,50587443200,6.07,0.021,0.9,0.1,0.35,0.65,0.35,0.65
Qwen/Qwen2.5-7B-Instruct,NVIDIA GeForce RTX 5060 Ti,42,MultiFieldQA-en,12,16,188,multi-hop,41.9738,0.0,0.0,44.2752,0,1,1,0,15,271,271,271,29479804928,29479804928,29479804928,6.07,0.021,0.9,0.1,0.35,0.65,0.35,0.65
Qwen/Qwen2.5-7B-Instruct,NVIDIA GeForce RTX 5060 Ti,42,MultiFieldQA-en,12,16,189,structural,48.5984,43.01,44.3624,0.0,0,0,0,1,11,267,267,267,28615974912,28615974912,28615974912,6.07,0.021,0.9,0.1,0.35,0.65,0.35,0.65
Qwen/Qwen2.5-7B-Instruct,NVIDIA GeForce RTX 5060 Ti,42,MultiFieldQA-en,12,16,190,structural,56.018,51.7268,49.6141,0.0,0,0,0,1,106,362,362,362,52602109952,52602109952,52602109952,6.07,0.021,0.9,0.1,0.35,0.65,0.35,0.65
Qwen/Qwen2.5-7B-Instruct,NVIDIA GeForce RTX 5060 Ti,42,MultiFieldQA-en,12,16,191,structural,49.4156,0.0,0.0,0.0,0,1,1,1,112,368,368,368,54360276992,54360276992,54360276992,6.07,0.021,0.9,0.1,0.35,0.65,0.35,0.65
Qwen/Qwen2.5-7B-Instruct,NVIDIA GeForce RTX 5060 Ti,42,MultiFieldQA-en,12,16,192,multi-hop,48.1628,0.0,0.0,0.0,0,1,1,1,59,315,315,315,39829708800,39829708800,39829708800,6.07,0.021,0.9,0.1,0.35,0.65,0.35,0.65
Qwen/Qwen2.5-7B-Instruct,NVIDIA GeForce RTX 5060 Ti,42,MultiFieldQA-en,12,16,193,semantic,48.0679,0.0,0.0,0.0,0,1,1,1,116,372,372,372,55548444672,55548444672,55548444672,6.07,0.021,0.9,0.1,0.35,0.65,0.35,0.65
Qwen/Qwen2.5-7B-Instruct,NVIDIA GeForce RTX 5060 Ti,42,MultiFieldQA-en,12,16,194,multi-hop,49.055,51.1276,50.49,0.0,0,0,0,1,19,275,275,275,30356480000,30356480000,30356480000,6.07,0.021,0.9,0.1,0.35,0.65,0.35,0.65
Qwen/Qwen2.5-7B-Instruct,NVIDIA GeForce RTX 5060 Ti,42,MultiFieldQA-en,12,16,195,multi-hop,50.2267,0.0,0.0,0.0,0,1,1,1,93,349,349,349,48891895808,48891895808,48891895808,6.07,0.021,0.9,0.1,0.35,0.65,0.35,0.65
Qwen/Qwen2.5-7B-Instruct,NVIDIA GeForce RTX 5060 Ti,42,MultiFieldQA-en,12,16,196,multi-hop,50.2522,0.0,0.0,0.0,0,1,1,1,109,365,365,365,53477580800,53477580800,53477580800,6.07,0.021,0.9,0.1,0.35,0.65,0.35,0.65
Qwen/Qwen2.5-7B-Instruct,NVIDIA GeForce RTX 5060 Ti,42,MultiFieldQA-en,12,16,197,semantic,49.3246,0.0,0.0,0.0,0,1,1,1,80,336,336,336,45317357568,45317357568,45317357568,6.07,0.021,0.9,0.1,0.35,0.65,0.35,0.65
Qwen/Qwen2.5-7B-Instruct,NVIDIA GeForce RTX 5060 Ti,42,MultiFieldQA-en,12,16,198,semantic,49.7917,0.0,0.0,0.0,0,1,1,1,92,348,348,348,48612114432,48612114432,48612114432,6.07,0.021,0.9,0.1,0.35,0.65,0.35,0.65
Qwen/Qwen2.5-7B-Instruct,NVIDIA GeForce RTX 5060 Ti,42,MultiFieldQA-en,12,16,199,semantic,47.1209,0.0,0.0,0.0,0,1,1,1,76,332,332,332,44244795392,44244795392,44244795392,6.07,0.021,0.9,0.1,0.35,0.65,0.35,0.65
Qwen/Qwen2.5-7B-Instruct,NVIDIA GeForce RTX 5060 Ti,42,MultiFieldQA-en,12,16,200,multi-hop,39.2633,39.5838,42.4981,0.0,0,0,0,1,151,407,407,407,66492833792,66492833792,66492833792,6.07,0.021,0.9,0.1,0.35,0.65,0.35,0.65
Qwen/Qwen2.5-7B-Instruct,NVIDIA GeForce RTX 5060 Ti,42,MultiFieldQA-en,12,16,201,multi-hop,67.1069,0.0,0.0,0.0,0,1,1,1,138,394,394,394,62312972288,62312972288,62312972288,6.07,0.021,0.9,0.1,0.35,0.65,0.35,0.65
Qwen/Qwen2.5-7B-Instruct,NVIDIA GeForce RTX 5060 Ti,42,MultiFieldQA-en,12,16,202,semantic,48.1094,0.0,0.0,0.0,0,1,1,1,23,279,279,279,31246000128,31246000128,31246000128,6.07,0.021,0.9,0.1,0.35,0.65,0.35,0.65
Qwen/Qwen2.5-7B-Instruct,NVIDIA GeForce RTX 5060 Ti,42,MultiFieldQA-en,12,16,203,semantic,65.1141,0.0,0.0,0.0,0,1,1,1,53,309,309,309,38326837248,38326837248,38326837248,6.07,0.021,0.9,0.1,0.35,0.65,0.35,0.65
Qwen/Qwen2.5-7B-Instruct,NVIDIA GeForce RTX 5060 Ti,42,MultiFieldQA-en,12,16,204,multi-hop,47.9291,0.0,0.0,0.0,0,1,1,1,104,360,360,360,52022476800,52022476800,52022476800,6.07,0.021,0.9,0.1,0.35,0.65,0.35,0.65
Qwen/Qwen2.5-7B-Instruct,NVIDIA GeForce RTX 5060 Ti,42,MultiFieldQA-en,12,16,205,multi-hop,48.3406,43.9409,44.6786,0.0,0,0,0,1,119,375,375,375,56448000000,56448000000,56448000000,6.07,0.021,0.9,0.1,0.35,0.65,0.35,0.65
Qwen/Qwen2.5-7B-Instruct,NVIDIA GeForce RTX 5060 Ti,42,MultiFieldQA-en,12,16,206,multi-hop,48.6163,0.0,0.0,0.0,0,1,1,1,105,361,361,361,52311891968,52311891968,52311891968,6.07,0.021,0.9,0.1,0.35,0.65,0.35,0.65
Qwen/Qwen2.5-7B-Instruct,NVIDIA GeForce RTX 5060 Ti,42,MultiFieldQA-en,12,16,207,multi-hop,46.6967,0.0,0.0,0.0,0,1,1,1,92,348,348,348,48612114432,48612114432,48612114432,6.07,0.021,0.9,0.1,0.35,0.65,0.35,0.65
Qwen/Qwen2.5-7B-Instruct,NVIDIA GeForce RTX 5060 Ti,42,MultiFieldQA-en,12,16,208,semantic,38.8285,0.0,0.0,0.0,0,1,1,1,5,112,141,141,5035261952,7980392448,7980392448,6.07,0.021,0.9,0.1,0.35,0.65,0.35,0.65
Qwen/Qwen2.5-7B-Instruct,NVIDIA GeForce RTX 5060 Ti,42,MultiFieldQA-en,12,16,209,semantic,48.0594,0.0,43.2415,0.0,0,1,0,1,247,503,503,503,101559836672,101559836672,101559836672,6.07,0.021,0.9,0.1,0.35,0.65,0.35,0.65
Qwen/Qwen2.5-7B-Instruct,NVIDIA GeForce RTX 5060 Ti,42,MultiFieldQA-en,12,16,210,multi-hop,48.6538,0.0,49.601,48.1601,0,1,0,0,78,334,334,334,44779470848,44779470848,44779470848,6.07,0.021,0.9,0.1,0.35,0.65,0.35,0.65
Qwen/Qwen2.5-7B-Instruct,NVIDIA GeForce RTX 5060 Ti,42,MultiFieldQA-en,12,16,211,multi-hop,52.5376,48.1426,48.0685,48.3879,0,0,0,0,1,28,28,71,314703872,314703872,2023497728,6.07,0.021,0.9,0.1,0.35,0.65,0.35,0.65
Qwen/Qwen2.5-7B-Instruct,NVIDIA GeForce RTX 5060 Ti,42,MultiFieldQA-en,12,16,212,semantic,48.108,0.0,0.0,0.0,0,1,1,1,19,275,275,275,30356480000,30356480000,30356480000,6.07,0.021,0.9,0.1,0.35,0.65,0.35,0.65
Qwen/Qwen2.5-7B-Instruct,NVIDIA GeForce RTX 5060 Ti,42,MultiFieldQA-en,12,16,213,structural,46.7091,0.0,0.0,0.0,0,1,1,1,86,342,342,342,46950285312,46950285312,46950285312,6.07,0.021,0.9,0.1,0.35,0.65,0.35,0.65
Qwen/Qwen2.5-7B-Instruct,NVIDIA GeForce RTX 5060 Ti,42,MultiFieldQA-en,12,16,214,multi-hop,48.9385,0.0,0.0,50.1671,0,1,1,0,77,333,333,333,44511731712,44511731712,44511731712,6.07,0.021,0.9,0.1,0.35,0.65,0.35,0.65
Qwen/Qwen2.5-7B-Instruct,NVIDIA GeForce RTX 5060 Ti,42,MultiFieldQA-en,12,16,215,multi-hop,50.6333,0.0,0.0,0.0,0,1,1,1,92,348,348,348,48612114432,48612114432,48612114432,6.07,0.021,0.9,0.1,0.35,0.65,0.35,0.65
Qwen/Qwen2.5-7B-Instruct,NVIDIA GeForce RTX 5060 Ti,42,MultiFieldQA-en,12,16,216,multi-hop,50.6825,0.0,0.0,50.3809,0,1,1,0,101,357,357,357,51159048192,51159048192,51159048192,6.07,0.021,0.9,0.1,0.35,0.65,0.35,0.65
Qwen/Qwen2.5-7B-Instruct,NVIDIA GeForce RTX 5060 Ti,42,MultiFieldQA-en,12,16,217,semantic,49.9754,0.0,0.0,0.0,0,1,1,1,94,350,350,350,49172480000,49172480000,49172480000,6.07,0.021,0.9,0.1,0.35,0.65,0.35,0.65
Qwen/Qwen2.5-7B-Instruct,NVIDIA GeForce RTX 5060 Ti,42,MultiFieldQA-en,12,16,218,semantic,48.7511,0.0,0.0,0.0,0,1,1,1,138,394,394,394,62312972288,62312972288,62312972288,6.07,0.021,0.9,0.1,0.35,0.65,0.35,0.65
Qwen/Qwen2.5-7B-Instruct,NVIDIA GeForce RTX 5060 Ti,42,MultiFieldQA-en,12,16,219,structural,39.0982,0.0,0.0,0.0,0,1,1,1,1,28,28,71,314703872,314703872,2023497728,6.07,0.021,0.9,0.1,0.35,0.65,0.35,0.65
Qwen/Qwen2.5-7B-Instruct,NVIDIA GeForce RTX 5060 Ti,42,MultiFieldQA-en,12,16,220,multi-hop,65.7278,0.0,0.0,0.0,0,1,1,1,11,267,267,267,28615974912,28615974912,28615974912,6.07,0.021,0.9,0.1,0.35,0.65,0.35,0.65
Qwen/Qwen2.5-7B-Instruct,NVIDIA GeForce RTX 5060 Ti,42,MultiFieldQA-en,12,16,221,semantic,47.7789,0.0,0.0,0.0,0,1,1,1,65,321,321,321,41361481728,41361481728,41361481728,6.07,0.021,0.9,0.1,0.35,0.65,0.35,0.65
Qwen/Qwen2.5-7B-Instruct,NVIDIA GeForce RTX 5060 Ti,42,MultiFieldQA-en,12,16,222,structural,48.6068,50.0005,0.0,0.0,0,0,1,1,142,398,398,398,63584632832,63584632832,63584632832,6.07,0.021,0.9,0.1,0.35,0.65,0.35,0.65
Qwen/Qwen2.5-7B-Instruct,NVIDIA GeForce RTX 5060 Ti,42,MultiFieldQA-en,12,16,223,multi-hop,70.6158,0.0,71.6375,73.6859,0,1,0,0,48,304,304,304,37096521728,37096521728,37096521728,6.07,0.021,0.9,0.1,0.35,0.65,0.35,0.65
Qwen/Qwen2.5-7B-Instruct,NVIDIA GeForce RTX 5060 Ti,42,MultiFieldQA-en,12,16,224,multi-hop,44.4319,50.1135,0.0,0.0,0,0,1,1,121,377,377,377,57051717632,57051717632,57051717632,6.07,0.021,0.9,0.1,0.35,0.65,0.35,0.65
Qwen/Qwen2.5-7B-Instruct,NVIDIA GeForce RTX 5060 Ti,42,MultiFieldQA-en,12,16,225,structural,42.2192,46.0679,45.1483,0.0,0,0,0,1,124,380,380,380,57963315200,57963315200,57963315200,6.07,0.021,0.9,0.1,0.35,0.65,0.35,0.65
Qwen/Qwen2.5-7B-Instruct,NVIDIA GeForce RTX 5060 Ti,42,MultiFieldQA-en,12,16,226,semantic,45.0977,0.0,0.0,0.0,0,1,1,1,37,293,293,293,34460475392,34460475392,34460475392,6.07,0.021,0.9,0.1,0.35,0.65,0.35,0.65
Qwen/Qwen2.5-7B-Instruct,NVIDIA GeForce RTX 5060 Ti,42,MultiFieldQA-en,12,16,227,semantic,67.9048,0.0,70.1993,68.8664,0,1,0,0,125,381,381,381,58268786688,58268786688,58268786688,6.07,0.021,0.9,0.1,0.35,0.65,0.35,0.65
Qwen/Qwen2.5-7B-Instruct,NVIDIA GeForce RTX 5060 Ti,42,MultiFieldQA-en,12,16,228,structural,41.5865,0.0,0.0,0.0,0,1,1,1,112,368,368,368,54360276992,54360276992,54360276992,6.07,0.021,0.9,0.1,0.35,0.65,0.35,0.65
Qwen/Qwen2.5-7B-Instruct,NVIDIA GeForce RTX 5060 Ti,42,MultiFieldQA-en,12,16,229,multi-hop,44.3624,0.0,49.3929,44.3979,0,1,0,0,45,301,301,301,36367966208,36367966208,36367966208,6.07,0.021,0.9,0.1,0.35,0.65,0.35,0.65
Qwen/Qwen2.5-7B-Instruct,NVIDIA GeForce RTX 5060 Ti,42,MultiFieldQA-en,12,16,230,structural,45.6796,46.4074,51.4355,0.0,0,0,0,1,18,274,274,274,30136107008,30136107008,30136107008,6.07,0.021,0.9,0.1,0.35,0.65,0.35,0.65
Qwen/Qwen2.5-7B-Instruct,NVIDIA GeForce RTX 5060 Ti,42,MultiFieldQA-en,12,16,231,semantic,69.5614,69.1312,0.0,71.185,0,0,1,0,177,433,433,433,75259584512,75259584512,75259584512,6.07,0.021,0.9,0.1,0.35,0.65,0.35,0.65
Qwen/Qwen2.5-7B-Instruct,NVIDIA GeForce RTX 5060 Ti,42,MultiFieldQA-en,12,16,232,structural,50.5739,55.8272,50.3664,0.0,0,0,0,1,11,267,267,267,28615974912,28615974912,28615974912,6.07,0.021,0.9,0.1,0.35,0.65,0.35,0.65
Qwen/Qwen2.5-7B-Instruct,NVIDIA GeForce RTX 5060 Ti,42,MultiFieldQA-en,12,16,233,structural,50.5583,50.5251,55.6519,0.0,0,0,0,1,92,348,348,348,48612114432,48612114432,48612114432,6.07,0.021,0.9,0.1,0.35,0.65,0.35,0.65
Qwen/Qwen2.5-7B-Instruct,NVIDIA GeForce RTX 5060 Ti,42,MultiFieldQA-en,12,16,234,semantic,65.4832,0.0,0.0,0.0,0,1,1,1,114,370,370,370,54952755200,54952755200,54952755200,6.07,0.021,0.9,0.1,0.35,0.65,0.35,0.65
Qwen/Qwen2.5-7B-Instruct,NVIDIA GeForce RTX 5060 Ti,42,MultiFieldQA-en,12,16,235,multi-hop,0.0,0.0,0.0,0.0,1,1,1,1,125,381,381,381,58268786688,58268786688,58268786688,6.07,0.021,0.9,0.1,0.35,0.65,0.35,0.65
Qwen/Qwen2.5-7B-Instruct,NVIDIA GeForce RTX 5060 Ti,42,MultiFieldQA-en,12,16,236,multi-hop,53.7882,0.0,0.0,48.3403,0,1,1,0,136,392,392,271,61681958912,61681958912,29479804928,6.07,0.021,0.9,0.1,0.35,0.65,0.35,0.65
Qwen/Qwen2.5-7B-Instruct,NVIDIA GeForce RTX 5060 Ti,42,MultiFieldQA-en,12,16,237,structural,51.8114,0.0,0.0,0.0,0,1,1,1,88,344,344,344,47501017088,47501017088,47501017088,6.07,0.021,0.9,0.1,0.35,0.65,0.35,0.65
Qwen/Qwen2.5-7B-Instruct,NVIDIA GeForce RTX 5060 Ti,42,MultiFieldQA-en,12,16,238,multi-hop,47.3252,0.0,50.6966,0.0,0,1,0,1,43,299,299,299,35886276608,35886276608,35886276608,6.07,0.021,0.9,0.1,0.35,0.65,0.35,0.65
Qwen/Qwen2.5-7B-Instruct,NVIDIA GeForce RTX 5060 Ti,42,MultiFieldQA-en,12,16,239,structural,64.8305,67.9331,0.0,0.0,0,0,1,1,20,276,276,276,30577655808,30577655808,30577655808,6.07,0.021,0.9,0.1,0.35,0.65,0.35,0.65
Qwen/Qwen2.5-7B-Instruct,NVIDIA GeForce RTX 5060 Ti,42,MultiFieldQA-en,12,16,240,multi-hop,49.6216,0.0,0.0,49.5492,0,1,1,0,111,367,367,367,54065242112,54065242112,54065242112,6.07,0.021,0.9,0.1,0.35,0.65,0.35,0.65
Qwen/Qwen2.5-7B-Instruct,NVIDIA GeForce RTX 5060 Ti,42,MultiFieldQA-en,12,16,241,multi-hop,49.6887,0.0,0.0,49.8521,0,1,1,0,122,378,378,378,57354780672,57354780672,57354780672,6.07,0.021,0.9,0.1,0.35,0.65,0.35,0.65
Qwen/Qwen2.5-7B-Instruct,NVIDIA GeForce RTX 5060 Ti,42,MultiFieldQA-en,12,16,242,multi-hop,51.1265,51.5339,0.0,0.0,0,0,1,1,86,342,342,342,46950285312,46950285312,46950285312,6.07,0.021,0.9,0.1,0.35,0.65,0.35,0.65
Qwen/Qwen2.5-7B-Instruct,NVIDIA GeForce RTX 5060 Ti,42,MultiFieldQA-en,12,16,243,multi-hop,0.0,71.4131,0.0,0.0,1,0,1,1,23,279,279,279,31246000128,31246000128,31246000128,6.07,0.021,0.9,0.1,0.35,0.65,0.35,0.65
Qwen/Qwen2.5-7B-Instruct,NVIDIA GeForce RTX 5060 Ti,42,MultiFieldQA-en,12,16,244,semantic,85.5504,0.0,0.0,0.0,0,1,1,1,289,545,545,545,119228211200,119228211200,119228211200,6.07,0.021,0.9,0.1,0.35,0.65,0.35,0.65
Qwen/Qwen2.5-7B-Instruct,NVIDIA GeForce RTX 5060 Ti,42,MultiFieldQA-en,12,16,245,multi-hop,65.3195,68.1612,72.5038,0.0,0,0,0,1,83,339,339,339,46130208768,46130208768,46130208768,6.07,0.021,0.9,0.1,0.35,0.65,0.35,0.65
Qwen/Qwen2.5-7B-Instruct,NVIDIA GeForce RTX 5060 Ti,42,MultiFieldQA-en,12,16,246,structural,50.4735,0.0,0.0,0.0,0,1,1,1,100,356,356,356,50872844288,50872844288,50872844288,6.07,0.021,0.9,0.1,0.35,0.65,0.35,0.65
Qwen/Qwen2.5-7B-Instruct,NVIDIA GeForce RTX 5060 Ti,42,MultiFieldQA-en,12,16,247,structural,49.4594,56.3014,0.0,0.0,0,0,1,1,37,293,293,293,34460475392,34460475392,34460475392,6.07,0.021,0.9,0.1,0.35,0.65,0.35,0.65
Qwen/Qwen2.5-7B-Instruct,NVIDIA GeForce RTX 5060 Ti,42,MultiFieldQA-en,12,16,248,semantic,49.7245,0.0,50.0309,50.573,0,1,0,0,127,383,383,383,58882138112,58882138112,58882138112,6.07,0.021,0.9,0.1,0.35,0.65,0.35,0.65
Qwen/Qwen2.5-7B-Instruct,NVIDIA GeForce RTX 5060 Ti,42,MultiFieldQA-en,12,16,249,multi-hop,48.5204,0.0,0.0,50.9168,0,1,1,0,33,289,289,289,33525997568,33525997568,33525997568,6.07,0.021,0.9,0.1,0.35,0.65,0.35,0.65
Qwen/Qwen2.5-7B-Instruct,NVIDIA GeForce RTX 5060 Ti,42,MultiFieldQA-en,12,16,250,semantic,68.529,0.0,0.0,0.0,0,1,1,1,149,405,405,405,65840947200,65840947200,65840947200,6.07,0.021,0.9,0.1,0.35,0.65,0.35,0.65
Qwen/Qwen2.5-7B-Instruct,NVIDIA GeForce RTX 5060 Ti,42,MultiFieldQA-en,12,16,251,multi-hop,50.4478,0.0,0.0,51.3599,0,1,1,0,87,343,343,343,47225249792,47225249792,47225249792,6.07,0.021,0.9,0.1,0.35,0.65,0.35,0.65
Qwen/Qwen2.5-7B-Instruct,NVIDIA GeForce RTX 5060 Ti,42,MultiFieldQA-en,12,16,252,multi-hop,49.7364,0.0,0.0,0.0,0,1,1,1,86,342,342,342,46950285312,46950285312,46950285312,6.07,0.021,0.9,0.1,0.35,0.65,0.35,0.65
Qwen/Qwen2.5-7B-Instruct,NVIDIA GeForce RTX 5060 Ti,42,MultiFieldQA-en,12,16,253,multi-hop,49.0824,0.0,0.0,0.0,0,1,1,1,119,375,375,375,56448000000,56448000000,56448000000,6.07,0.021,0.9,0.1,0.35,0.65,0.35,0.65
Qwen/Qwen2.5-7B-Instruct,NVIDIA GeForce RTX 5060 Ti,42,MultiFieldQA-en,12,16,254,multi-hop,48.885,49.6181,49.8581,0.0,0,0,0,1,79,335,335,335,45048012800,45048012800,45048012800,6.07,0.021,0.9,0.1,0.35,0.65,0.35,0.65
Qwen/Qwen2.5-7B-Instruct,NVIDIA GeForce RTX 5060 Ti,42,MultiFieldQA-en,12,16,255,multi-hop,49.2426,50.6652,0.0,0.0,0,0,1,1,48,304,304,304,37096521728,37096521728,37096521728,6.07,0.021,0.9,0.1,0.35,0.65,0.35,0.65
Qwen/Qwen2.5-7B-Instruct,NVIDIA GeForce RTX 5060 Ti,42,MultiFieldQA-en,12,16,256,multi-hop,49.279,51.4071,0.0,51.2008,0,0,1,0,106,362,362,362,52602109952,52602109952,52602109952,6.07,0.021,0.9,0.1,0.35,0.65,0.35,0.65
Qwen/Qwen2.5-7B-Instruct,NVIDIA GeForce RTX 5060 Ti,42,MultiFieldQA-en,12,16,257,semantic,49.2318,0.0,0.0,0.0,0,1,1,1,109,365,365,365,53477580800,53477580800,53477580800,6.07,0.021,0.9,0.1,0.35,0.65,0.35,0.65
Qwen/Qwen2.5-7B-Instruct,NVIDIA GeForce RTX 5060 Ti,42,MultiFieldQA-en,12,16,258,multi-hop,65.9307,0.0,66.9917,67.1597,0,1,0,0,48,304,304,304,37096521728,37096521728,37096521728,6.07,0.021,0.9,0.1,0.35,0.65,0.35,0.65
Qwen/Qwen2.5-7B-Instruct,NVIDIA GeForce RTX 5060 Ti,42,MultiFieldQA-en,12,16,259,multi-hop,43.0649,0.0,0.0,44.1185,0,1,1,0,118,374,374,374,56147345408,56147345408,56147345408,6.07,0.021,0.9,0.1,0.35,0.65,0.35,0.65
Qwen/Qwen2.5-7B-Instruct,NVIDIA GeForce RTX 5060 Ti,42,MultiFieldQA-en,12,16,260,structural,42.067,44.9765,42.8247,0.0,0,0,0,1,110,366,366,366,53771010048,53771010048,53771010048,6.07,0.021,0.9,0.1,0.35,0.65,0.35,0.65
Qwen/Qwen2.5-7B-Instruct,NVIDIA GeForce RTX 5060 Ti,42,MultiFieldQA-en,12,16,261,semantic,48.8548,0.0,0.0,0.0,0,1,1,1,101,357,357,357,51159048192,51159048192,51159048192,6.07,0.021,0.9,0.1,0.35,0.65,0.35,0.65
Qwen/Qwen2.5-7B-Instruct,NVIDIA GeForce RTX 5060 Ti,42,MultiFieldQA-en,12,16,262,multi-hop,49.4974,49.6707,48.4154,0.0,0,0,0,1,6,262,262,262,27554250752,27554250752,27554250752,6.07,0.021,0.9,0.1,0.35,0.65,0.35,0.65
Qwen/Qwen2.5-7B-Instruct,NVIDIA GeForce RTX 5060 Ti,42,MultiFieldQA-en,12,16,263,semantic,65.506,0.0,67.4454,67.3778,0,1,0,0,37,293,293,293,34460475392,34460475392,34460475392,6.07,0.021,0.9,0.1,0.35,0.65,0.35,0.65
Qwen/Qwen2.5-7B-Instruct,NVIDIA GeForce RTX 5060 Ti,42,MultiFieldQA-en,12,16,264,semantic,37.6597,0.0,0.0,0.0,0,1,1,1,1,28,28,28,314703872,314703872,314703872,6.07,0.021,0.9,0.1,0.35,0.65,0.35,0.65
Qwen/Qwen2.5-7B-Instruct,NVIDIA GeForce RTX 5060 Ti,42,MultiFieldQA-en,12,16,265,semantic,47.7572,0.0,0.0,0.0,0,1,1,1,125,381,381,381,58268786688,58268786688,58268786688,6.07,0.021,0.9,0.1,0.35,0.65,0.35,0.65
Qwen/Qwen2.5-7B-Instruct,NVIDIA GeForce RTX 5060 Ti,42,MultiFieldQA-en,12,16,266,semantic,48.1795,0.0,0.0,0.0,0,1,1,1,69,325,325,325,42398720000,42398720000,42398720000,6.07,0.021,0.9,0.1,0.35,0.65,0.35,0.65
Qwen/Qwen2.5-7B-Instruct,NVIDIA GeForce RTX 5060 Ti,42,MultiFieldQA-en,12,16,267,structural,48.2338,0.0,0.0,0.0,0,1,1,1,107,363,363,363,52893130752,52893130752,52893130752,6.07,0.021,0.9,0.1,0.35,0.65,0.35,0.65
Qwen/Qwen2.5-7B-Instruct,NVIDIA GeForce RTX 5060 Ti,42,MultiFieldQA-en,12,16,268,structural,47.6626,0.0,0.0,0.0,0,1,1,1,93,349,349,349,48891895808,48891895808,48891895808,6.07,0.021,0.9,0.1,0.35,0.65,0.35,0.65
Qwen/Qwen2.5-7B-Instruct,NVIDIA GeForce RTX 5060 Ti,42,MultiFieldQA-en,12,16,269,semantic,42.7493,0.0,0.0,0.0,0,1,1,1,3,259,259,259,26926850048,26926850048,26926850048,6.07,0.021,0.9,0.1,0.35,0.65,0.35,0.65
Qwen/Qwen2.5-7B-Instruct,NVIDIA GeForce RTX 5060 Ti,42,MultiFieldQA-en,12,16,270,multi-hop,48.1035,0.0,0.0,0.0,0,1,1,1,142,398,398,398,63584632832,63584632832,63584632832,6.07,0.021,0.9,0.1,0.35,0.65,0.35,0.65
Qwen/Qwen2.5-7B-Instruct,NVIDIA GeForce RTX 5060 Ti,42,MultiFieldQA-en,12,16,271,multi-hop,53.5713,0.0,49.236,49.0715,0,1,0,0,110,366,366,366,53771010048,53771010048,53771010048,6.07,0.021,0.9,0.1,0.35,0.65,0.35,0.65
Qwen/Qwen2.5-7B-Instruct,NVIDIA GeForce RTX 5060 Ti,42,MultiFieldQA-en,12,16,272,semantic,47.8564,0.0,0.0,0.0,0,1,1,1,110,366,366,366,53771010048,53771010048,53771010048,6.07,0.021,0.9,0.1,0.35,0.65,0.35,0.65
Qwen/Qwen2.5-7B-Instruct,NVIDIA GeForce RTX 5060 Ti,42,MultiFieldQA-en,12,16,273,multi-hop,49.9566,50.6979,49.8968,0.0,0,0,0,1,93,349,349,349,48891895808,48891895808,48891895808,6.07,0.021,0.9,0.1,0.35,0.65,0.35,0.65
Qwen/Qwen2.5-7B-Instruct,NVIDIA GeForce RTX 5060 Ti,42,MultiFieldQA-en,12,16,274,multi-hop,49.0988,0.0,0.0,0.0,0,1,1,1,114,370,370,370,54952755200,54952755200,54952755200,6.07,0.021,0.9,0.1,0.35,0.65,0.35,0.65
Qwen/Qwen2.5-7B-Instruct,NVIDIA GeForce RTX 5060 Ti,42,MultiFieldQA-en,12,16,275,multi-hop,48.5278,0.0,49.5811,49.9365,0,1,0,0,20,276,276,276,30577655808,30577655808,30577655808,6.07,0.021,0.9,0.1,0.35,0.65,0.35,0.65
Qwen/Qwen2.5-7B-Instruct,NVIDIA GeForce RTX 5060 Ti,42,MultiFieldQA-en,12,16,276,multi-hop,48.9051,0.0,0.0,48.593,0,1,1,0,79,335,335,335,45048012800,45048012800,45048012800,6.07,0.021,0.9,0.1,0.35,0.65,0.35,0.65
Qwen/Qwen2.5-7B-Instruct,NVIDIA GeForce RTX 5060 Ti,42,MultiFieldQA-en,12,16,277,structural,65.7541,67.5042,0.0,0.0,0,0,1,1,141,397,397,397,63265513472,63265513472,63265513472,6.07,0.021,0.9,0.1,0.35,0.65,0.35,0.65
Qwen/Qwen2.5-7B-Instruct,NVIDIA GeForce RTX 5060 Ti,42,MultiFieldQA-en,12,16,278,multi-hop,65.1262,68.3021,125.8713,67.1083,0,0,0,0,27,283,283,283,32148365312,32148365312,32148365312,6.07,0.021,0.9,0.1,0.35,0.65,0.35,0.65
Qwen/Qwen2.5-7B-Instruct,NVIDIA GeForce RTX 5060 Ti,42,MultiFieldQA-en,12,16,279,structural,49.2817,50.7846,50.0392,48.9981,0,0,0,0,120,376,376,376,56749457408,56749457408,56749457408,6.07,0.021,0.9,0.1,0.35,0.65,0.35,0.65
Qwen/Qwen2.5-7B-Instruct,NVIDIA GeForce RTX 5060 Ti,42,MultiFieldQA-en,12,16,280,multi-hop,53.5702,50.48,50.2849,0.0,0,0,0,1,106,362,362,362,52602109952,52602109952,52602109952,6.07,0.021,0.9,0.1,0.35,0.65,0.35,0.65
Qwen/Qwen2.5-7B-Instruct,NVIDIA GeForce RTX 5060 Ti,42,MultiFieldQA-en,12,16,281,semantic,42.8277,0.0,0.0,0.0,0,1,1,1,135,391,391,391,61367656448,61367656448,61367656448,6.07,0.021,0.9,0.1,0.35,0.65,0.35,0.65
Qwen/Qwen2.5-7B-Instruct,NVIDIA GeForce RTX 5060 Ti,42,MultiFieldQA-en,12,16,282,semantic,50.346,0.0,51.8575,0.0,0,1,0,1,67,323,323,323,41878495232,41878495232,41878495232,6.07,0.021,0.9,0.1,0.35,0.65,0.35,0.65
Qwen/Qwen2.5-7B-Instruct,NVIDIA GeForce RTX 5060 Ti,42,MultiFieldQA-en,12,16,283,structural,43.9287,45.2127,46.9745,0.0,0,0,0,1,119,375,375,375,56448000000,56448000000,56448000000,6.07,0.021,0.9,0.1,0.35,0.65,0.35,0.65
Qwen/Qwen2.5-7B-Instruct,NVIDIA GeForce RTX 5060 Ti,42,MultiFieldQA-en,12,16,284,multi-hop,65.6987,64.9937,65.6986,66.5053,0,0,0,0,1,28,28,219,314703872,314703872,19251929088,6.07,0.021,0.9,0.1,0.35,0.65,0.35,0.65
Qwen/Qwen2.5-7B-Instruct,NVIDIA GeForce RTX 5060 Ti,42,MultiFieldQA-en,12,16,285,structural,47.525,0.0,0.0,0.0,0,1,1,1,34,290,290,290,33758412800,33758412800,33758412800,6.07,0.021,0.9,0.1,0.35,0.65,0.35,0.65
Qwen/Qwen2.5-7B-Instruct,NVIDIA GeForce RTX 5060 Ti,42,MultiFieldQA-en,12,16,286,multi-hop,44.1123,0.0,0.0,0.0,0,1,1,1,101,357,357,357,51159048192,51159048192,51159048192,6.07,0.021,0.9,0.1,0.35,0.65,0.35,0.65
Qwen/Qwen2.5-7B-Instruct,NVIDIA GeForce RTX 5060 Ti,42,MultiFieldQA-en,12,16,287,structural,42.286,44.41,0.0,0.0,0,0,1,1,108,364,364,364,53184954368,53184954368,53184954368,6.07,0.021,0.9,0.1,0.35,0.65,0.35,0.65
Qwen/Qwen2.5-7B-Instruct,NVIDIA GeForce RTX 5060 Ti,42,MultiFieldQA-en,12,16,288,multi-hop,42.4943,0.0,0.0,44.0337,0,1,1,0,84,340,340,340,46402764800,46402764800,46402764800,6.07,0.021,0.9,0.1,0.35,0.65,0.35,0.65
Qwen/Qwen2.5-7B-Instruct,NVIDIA GeForce RTX 5060 Ti,42,MultiFieldQA-en,12,16,289,multi-hop,48.4563,0.0,0.0,50.7487,0,1,1,0,23,279,279,279,31246000128,31246000128,31246000128,6.07,0.021,0.9,0.1,0.35,0.65,0.35,0.65
Qwen/Qwen2.5-7B-Instruct,NVIDIA GeForce RTX 5060 Ti,42,MultiFieldQA-en,12,16,290,semantic,66.6532,0.0,0.0,0.0,0,1,1,1,124,380,380,380,57963315200,57963315200,57963315200,6.07,0.021,0.9,0.1,0.35,0.65,0.35,0.65
Qwen/Qwen2.5-7B-Instruct,NVIDIA GeForce RTX 5060 Ti,42,MultiFieldQA-en,12,16,291,multi-hop,49.6633,54.1711,49.2319,0.0,0,0,0,1,67,323,323,323,41878495232,41878495232,41878495232,6.07,0.021,0.9,0.1,0.35,0.65,0.35,0.65
Qwen/Qwen2.5-7B-Instruct,NVIDIA GeForce RTX 5060 Ti,42,MultiFieldQA-en,12,16,292,multi-hop,48.2797,0.0,0.0,0.0,0,1,1,1,110,366,366,366,53771010048,53771010048,53771010048,6.07,0.021,0.9,0.1,0.35,0.65,0.35,0.65
Qwen/Qwen2.5-7B-Instruct,NVIDIA GeForce RTX 5060 Ti,42,MultiFieldQA-en,12,16,293,multi-hop,66.1877,63.852,64.4744,0.0,0,0,0,1,5,112,141,261,5035261952,7980392448,27344314368,6.07,0.021,0.9,0.1,0.35,0.65,0.35,0.65
Qwen/Qwen2.5-7B-Instruct,NVIDIA GeForce RTX 5060 Ti,42,MultiFieldQA-en,12,16,294,multi-hop,48.6241,0.0,0.0,0.0,0,1,1,1,104,360,360,360,52022476800,52022476800,52022476800,6.07,0.021,0.9,0.1,0.35,0.65,0.35,0.65
Qwen/Qwen2.5-7B-Instruct,NVIDIA GeForce RTX 5060 Ti,42,MultiFieldQA-en,12,16,295,semantic,41.9895,0.0,0.0,0.0,0,1,1,1,86,342,342,342,46950285312,46950285312,46950285312,6.07,0.021,0.9,0.1,0.35,0.65,0.35,0.65
Qwen/Qwen2.5-7B-Instruct,NVIDIA GeForce RTX 5060 Ti,42,MultiFieldQA-en,12,16,296,multi-hop,49.4265,51.1615,49.5302,0.0,0,0,0,1,21,277,277,277,30799634432,30799634432,30799634432,6.07,0.021,0.9,0.1,0.35,0.65,0.35,0.65
Qwen/Qwen2.5-7B-Instruct,NVIDIA GeForce RTX 5060 Ti,42,MultiFieldQA-en,12,16,297,multi-hop,42.7027,43.7337,49.6656,0.0,0,0,0,1,289,545,545,545,119228211200,119228211200,119228211200,6.07,0.021,0.9,0.1,0.35,0.65,0.35,0.65
Qwen/Qwen2.5-7B-Instruct,NVIDIA GeForce RTX 5060 Ti,42,MultiFieldQA-en,12,16,298,structural,51.1004,52.3433,50.2983,0.0,0,0,0,1,103,359,359,359,51733864448,51733864448,51733864448,6.07,0.021,0.9,0.1,0.35,0.65,0.35,0.65
Qwen/Qwen2.5-7B-Instruct,NVIDIA GeForce RTX 5060 Ti,42,MultiFieldQA-en,12,16,299,semantic,40.1055,0.0,45.282,40.758,0,1,0,0,16,272,272,272,29697769472,29697769472,29697769472,6.07,0.021,0.9,0.1,0.35,0.65,0.35,0.65
Qwen/Qwen2.5-7B-Instruct,NVIDIA GeForce RTX 5060 Ti,42,MultiFieldQA-en,12,16,300,multi-hop,43.4026,0.0,0.0,42.4115,0,1,1,0,71,327,327,327,42922156032,42922156032,42922156032,6.07,0.021,0.9,0.1,0.35,0.65,0.35,0.65
Qwen/Qwen2.5-7B-Instruct,NVIDIA GeForce RTX 5060 Ti,42,MultiFieldQA-en,12,16,301,multi-hop,49.4103,55.9621,0.0,0.0,0,0,1,1,81,337,337,337,45587505152,45587505152,45587505152,6.07,0.021,0.9,0.1,0.35,0.65,0.35,0.65
Qwen/Qwen2.5-7B-Instruct,NVIDIA GeForce RTX 5060 Ti,42,MultiFieldQA-en,12,16,302,structural,47.8917,50.4806,0.0,0.0,0,0,1,1,102,358,358,358,51446054912,51446054912,51446054912,6.07,0.021,0.9,0.1,0.35,0.65,0.35,0.65
Qwen/Qwen2.5-7B-Instruct,NVIDIA GeForce RTX 5060 Ti,42,MultiFieldQA-en,12,16,303,semantic,0.0,0.0,49.1055,42.8714,1,1,0,0,21,277,277,277,30799634432,30799634432,30799634432,6.07,0.021,0.9,0.1,0.35,0.65,0.35,0.65
Qwen/Qwen2.5-7B-Instruct,NVIDIA GeForce RTX 5060 Ti,42,MultiFieldQA-en,12,16,304,multi-hop,48.5753,0.0,0.0,50.132,0,1,1,0,86,342,342,342,46950285312,46950285312,46950285312,6.07,0.021,0.9,0.1,0.35,0.65,0.35,0.65
Qwen/Qwen2.5-7B-Instruct,NVIDIA GeForce RTX 5060 Ti,42,MultiFieldQA-en,12,16,305,multi-hop,49.4713,0.0,0.0,49.852,0,1,1,0,106,362,362,362,52602109952,52602109952,52602109952,6.07,0.021,0.9,0.1,0.35,0.65,0.35,0.65
Qwen/Qwen2.5-7B-Instruct,NVIDIA GeForce RTX 5060 Ti,42,MultiFieldQA-en,12,16,306,semantic,40.5657,0.0,0.0,0.0,0,1,1,1,6,262,262,262,27554250752,27554250752,27554250752,6.07,0.021,0.9,0.1,0.35,0.65,0.35,0.65
Qwen/Qwen2.5-7B-Instruct,NVIDIA GeForce RTX 5060 Ti,42,MultiFieldQA-en,12,16,307,semantic,47.4125,0.0,0.0,0.0,0,1,1,1,92,348,348,348,48612114432,48612114432,48612114432,6.07,0.021,0.9,0.1,0.35,0.65,0.35,0.65
Qwen/Qwen2.5-7B-Instruct,NVIDIA GeForce RTX 5060 Ti,42,MultiFieldQA-en,12,16,308,multi-hop,44.5512,44.6412,43.5755,0.0,0,0,0,1,144,400,400,400,64225280000,64225280000,64225280000,6.07,0.021,0.9,0.1,0.35,0.65,0.35,0.65
Qwen/Qwen2.5-7B-Instruct,NVIDIA GeForce RTX 5060 Ti,42,MultiFieldQA-en,12,16,309,multi-hop,47.8092,0.0,0.0,0.0,0,1,1,1,13,269,269,269,29046284288,29046284288,29046284288,6.07,0.021,0.9,0.1,0.35,0.65,0.35,0.65
Qwen/Qwen2.5-7B-Instruct,NVIDIA GeForce RTX 5060 Ti,42,MultiFieldQA-en,12,16,310,structural,38.8857,38.6484,46.0872,38.4819,0,0,0,0,20,276,276,276,30577655808,30577655808,30577655808,6.07,0.021,0.9,0.1,0.35,0.65,0.35,0.65
Qwen/Qwen2.5-7B-Instruct,NVIDIA GeForce RTX 5060 Ti,42,MultiFieldQA-en,12,16,311,multi-hop,47.6325,50.4048,49.4423,0.0,0,0,0,1,88,344,344,344,47501017088,47501017088,47501017088,6.07,0.021,0.9,0.1,0.35,0.65,0.35,0.65
Qwen/Qwen2.5-7B-Instruct,NVIDIA GeForce RTX 5060 Ti,42,MultiFieldQA-en,12,16,312,multi-hop,49.4353,50.7761,55.0378,0.0,0,0,0,1,85,341,341,341,46676123648,46676123648,46676123648,6.07,0.021,0.9,0.1,0.35,0.65,0.35,0.65
Qwen/Qwen2.5-7B-Instruct,NVIDIA GeForce RTX 5060 Ti,42,MultiFieldQA-en,12,16,313,structural,43.403,45.4151,0.0,0.0,0,0,1,1,95,351,351,351,49453867008,49453867008,49453867008,6.07,0.021,0.9,0.1,0.35,0.65,0.35,0.65
Qwen/Qwen2.5-7B-Instruct,NVIDIA GeForce RTX 5060 Ti,42,MultiFieldQA-en,12,16,314,structural,49.1064,50.694,0.0,0.0,0,0,1,1,77,333,333,333,44511731712,44511731712,44511731712,6.07,0.021,0.9,0.1,0.35,0.65,0.35,0.65
Qwen/Qwen2.5-7B-Instruct,NVIDIA GeForce RTX 5060 Ti,42,MultiFieldQA-en,12,16,315,multi-hop,64.86,67.2111,66.8715,0.0,0,0,0,1,83,339,339,339,46130208768,46130208768,46130208768,6.07,0.021,0.9,0.1,0.35,0.65,0.35,0.65
Qwen/Qwen2.5-7B-Instruct,NVIDIA GeForce RTX 5060 Ti,42,MultiFieldQA-en,12,16,316,semantic,65.8611,0.0,0.0,0.0,0,1,1,1,135,391,391,391,61367656448,61367656448,61367656448,6.07,0.021,0.9,0.1,0.35,0.65,0.35,0.65
Qwen/Qwen2.5-7B-Instruct,NVIDIA GeForce RTX 5060 Ti,42,MultiFieldQA-en,12,16,317,multi-hop,49.77,0.0,0.0,50.4316,0,1,1,0,106,362,362,362,52602109952,52602109952,52602109952,6.07,0.021,0.9,0.1,0.35,0.65,0.35,0.65
Qwen/Qwen2.5-7B-Instruct,NVIDIA GeForce RTX 5060 Ti,42,MultiFieldQA-en,12,16,318,multi-hop,50.3289,0.0,0.0,0.0,0,1,1,1,137,393,393,393,61997064192,61997064192,61997064192,6.07,0.021,0.9,0.1,0.35,0.65,0.35,0.65
Qwen/Qwen2.5-7B-Instruct,NVIDIA GeForce RTX 5060 Ti,42,MultiFieldQA-en,12,16,319,semantic,48.898,0.0,0.0,0.0,0,1,1,1,73,329,329,329,43448803328,43448803328,43448803328,6.07,0.021,0.9,0.1,0.35,0.65,0.35,0.65
Qwen/Qwen2.5-7B-Instruct,NVIDIA GeForce RTX 5060 Ti,42,MultiFieldQA-en,12,16,320,multi-hop,65.6909,0.0,0.0,0.0,0,1,1,1,177,433,433,433,75259584512,75259584512,75259584512,6.07,0.021,0.9,0.1,0.35,0.65,0.35,0.65
Qwen/Qwen2.5-7B-Instruct,NVIDIA GeForce RTX 5060 Ti,42,MultiFieldQA-en,12,16,321,multi-hop,48.1855,55.2239,0.0,0.0,0,0,1,1,119,375,375,375,56448000000,56448000000,56448000000,6.07,0.021,0.9,0.1,0.35,0.65,0.35,0.65
Qwen/Qwen2.5-7B-Instruct,NVIDIA GeForce RTX 5060 Ti,42,MultiFieldQA-en,12,16,322,multi-hop,47.466,49.3051,48.2673,0.0,0,0,0,1,88,344,344,344,47501017088,47501017088,47501017088,6.07,0.021,0.9,0.1,0.35,0.65,0.35,0.65
Qwen/Qwen2.5-7B-Instruct,NVIDIA GeForce RTX 5060 Ti,42,MultiFieldQA-en,12,16,323,structural,0.0,0.0,0.0,0.0,1,1,1,1,141,397,397,397,63265513472,63265513472,63265513472,6.07,0.021,0.9,0.1,0.35,0.65,0.35,0.65
Qwen/Qwen2.5-7B-Instruct,NVIDIA GeForce RTX 5060 Ti,42,MultiFieldQA-en,12,16,324,semantic,47.9846,0.0,0.0,0.0,0,1,1,1,10,266,266,266,28402024448,28402024448,28402024448,6.07,0.021,0.9,0.1,0.35,0.65,0.35,0.65
Qwen/Qwen2.5-7B-Instruct,NVIDIA GeForce RTX 5060 Ti,42,MultiFieldQA-en,12,16,325,semantic,49.288,0.0,50.8161,50.6961,0,1,0,0,127,383,383,383,58882138112,58882138112,58882138112,6.07,0.021,0.9,0.1,0.35,0.65,0.35,0.65
Qwen/Qwen2.5-7B-Instruct,NVIDIA GeForce RTX 5060 Ti,42,MultiFieldQA-en,12,16,326,multi-hop,43.3056,43.108,44.2112,0.0,0,0,0,1,116,372,372,372,55548444672,55548444672,55548444672,6.07,0.021,0.9,0.1,0.35,0.65,0.35,0.65
Qwen/Qwen2.5-7B-Instruct,NVIDIA GeForce RTX 5060 Ti,42,MultiFieldQA-en,12,16,327,structural,51.5679,0.0,0.0,0.0,0,1,1,1,151,407,407,407,66492833792,66492833792,66492833792,6.07,0.021,0.9,0.1,0.35,0.65,0.35,0.65
Qwen/Qwen2.5-7B-Instruct,NVIDIA GeForce RTX 5060 Ti,42,MultiFieldQA-en,12,16,328,multi-hop,48.6104,0.0,50.2796,48.7708,0,1,0,0,26,282,282,282,31921569792,31921569792,31921569792,6.07,0.021,0.9,0.1,0.35,0.65,0.35,0.65
Qwen/Qwen2.5-7B-Instruct,NVIDIA GeForce RTX 5060 Ti,42,MultiFieldQA-en,12,16,329,multi-hop,47.8329,50.3184,0.0,0.0,0,0,1,1,104,360,360,360,52022476800,52022476800,52022476800,6.07,0.021,0.9,0.1,0.35,0.65,0.35,0.65
Qwen/Qwen2.5-7B-Instruct,NVIDIA GeForce RTX 5060 Ti,42,MultiFieldQA-en,12,16,330,structural,54.7281,50.2609,49.2773,0.0,0,0,0,1,181,437,437,437,76656484352,76656484352,76656484352,6.07,0.021,0.9,0.1,0.35,0.65,0.35,0.65
Qwen/Qwen2.5-7B-Instruct,NVIDIA GeForce RTX 5060 Ti,42,MultiFieldQA-en,12,16,331,multi-hop,48.1765,0.0,0.0,49.6131,0,1,1,0,23,279,279,279,31246000128,31246000128,31246000128,6.07,0.021,0.9,0.1,0.35,0.65,0.35,0.65
Qwen/Qwen2.5-7B-Instruct,NVIDIA GeForce RTX 5060 Ti,42,MultiFieldQA-en,12,16,332,multi-hop,55.301,0.0,0.0,0.0,0,1,1,1,107,363,363,363,52893130752,52893130752,52893130752,6.07,0.021,0.9,0.1,0.35,0.65,0.35,0.65
Qwen/Qwen2.5-7B-Instruct,NVIDIA GeForce RTX 5060 Ti,42,MultiFieldQA-en,12,16,333,semantic,0.0,0.0,0.0,0.0,1,1,1,1,117,373,373,373,55847493632,55847493632,55847493632,6.07,0.021,0.9,0.1,0.35,0.65,0.35,0.65
Qwen/Qwen2.5-7B-Instruct,NVIDIA GeForce RTX 5060 Ti,42,MultiFieldQA-en,12,16,334,semantic,42.1358,0.0,43.9215,42.7883,0,1,0,0,21,277,277,277,30799634432,30799634432,30799634432,6.07,0.021,0.9,0.1,0.35,0.65,0.35,0.65
Qwen/Qwen2.5-7B-Instruct,NVIDIA GeForce RTX 5060 Ti,42,MultiFieldQA-en,12,16,335,multi-hop,64.8772,67.757,66.3822,0.0,0,0,0,1,135,391,391,391,61367656448,61367656448,61367656448,6.07,0.021,0.9,0.1,0.35,0.65,0.35,0.65
Qwen/Qwen2.5-7B-Instruct,NVIDIA GeForce RTX 5060 Ti,42,MultiFieldQA-en,12,16,336,multi-hop,50.4528,0.0,51.1012,51.3256,0,1,0,0,96,352,352,352,49736056832,49736056832,49736056832,6.07,0.021,0.9,0.1,0.35,0.65,0.35,0.65
Qwen/Qwen2.5-7B-Instruct,NVIDIA GeForce RTX 5060 Ti,42,MultiFieldQA-en,12,16,337,structural,52.0287,0.0,0.0,0.0,0,1,1,1,100,356,356,356,50872844288,50872844288,50872844288,6.07,0.021,0.9,0.1,0.35,0.65,0.35,0.65
Qwen/Qwen2.5-7B-Instruct,NVIDIA GeForce RTX 5060 Ti,42,MultiFieldQA-en,12,16,338,multi-hop,0.0,0.0,0.0,0.0,1,1,1,1,114,370,370,370,54952755200,54952755200,54952755200,6.07,0.021,0.9,0.1,0.35,0.65,0.35,0.65
Qwen/Qwen2.5-7B-Instruct,NVIDIA GeForce RTX 5060 Ti,42,MultiFieldQA-en,12,16,339,multi-hop,51.546,0.0,50.9125,51.3608,0,1,0,0,72,328,328,328,43185078272,43185078272,43185078272,6.07,0.021,0.9,0.1,0.35,0.65,0.35,0.65
Qwen/Qwen2.5-7B-Instruct,NVIDIA GeForce RTX 5060 Ti,42,MultiFieldQA-en,12,16,340,semantic,49.4302,0.0,0.0,0.0,0,1,1,1,108,364,364,364,53184954368,53184954368,53184954368,6.07,0.021,0.9,0.1,0.35,0.65,0.35,0.65
Qwen/Qwen2.5-7B-Instruct,NVIDIA GeForce RTX 5060 Ti,42,MultiFieldQA-en,12,16,341,semantic,48.8709,0.0,0.0,0.0,0,1,1,1,89,345,345,345,47777587200,47777587200,47777587200,6.07,0.021,0.9,0.1,0.35,0.65,0.35,0.65
Qwen/Qwen2.5-7B-Instruct,NVIDIA GeForce RTX 5060 Ti,42,MultiFieldQA-en,12,16,342,multi-hop,66.4104,0.0,0.0,0.0,0,1,1,1,100,356,356,356,50872844288,50872844288,50872844288,6.07,0.021,0.9,0.1,0.35,0.65,0.35,0.65
Qwen/Qwen2.5-7B-Instruct,NVIDIA GeForce RTX 5060 Ti,42,MultiFieldQA-en,12,16,343,structural,53.2354,49.3108,54.1531,0.0,0,0,0,1,95,351,351,351,49453867008,49453867008,49453867008,6.07,0.021,0.9,0.1,0.35,0.65,0.35,0.65
Qwen/Qwen2.5-7B-Instruct,NVIDIA GeForce RTX 5060 Ti,42,MultiFieldQA-en,12,16,344,multi-hop,69.825,69.9387,69.1954,0.0,0,0,0,1,201,457,457,457,83833659392,83833659392,83833659392,6.07,0.021,0.9,0.1,0.35,0.65,0.35,0.65
Qwen/Qwen2.5-7B-Instruct,NVIDIA GeForce RTX 5060 Ti,42,MultiFieldQA-en,12,16,345,semantic,66.5741,0.0,0.0,0.0,0,1,1,1,53,309,309,309,38326837248,38326837248,38326837248,6.07,0.021,0.9,0.1,0.35,0.65,0.35,0.65
Qwen/Qwen2.5-7B-Instruct,NVIDIA GeForce RTX 5060 Ti,42,MultiFieldQA-en,12,16,346,semantic,50.6265,0.0,0.0,0.0,0,1,1,1,99,355,355,355,50587443200,50587443200,50587443200,6.07,0.021,0.9,0.1,0.35,0.65,0.35,0.65
Qwen/Qwen2.5-7B-Instruct,NVIDIA GeForce RTX 5060 Ti,42,MultiFieldQA-en,12,16,347,structural,67.2541,70.6099,0.0,0.0,0,0,1,1,96,352,352,352,49736056832,49736056832,49736056832,6.07,0.021,0.9,0.1,0.35,0.65,0.35,0.65
Qwen/Qwen2.5-7B-Instruct,NVIDIA GeForce RTX 5060 Ti,42,MultiFieldQA-en,12,16,348,structural,67.4668,0.0,0.0,0.0,0,1,1,1,128,384,384,384,59190018048,59190018048,59190018048,6.07,0.021,0.9,0.1,0.35,0.65,0.35,0.65
Qwen/Qwen2.5-7B-Instruct,NVIDIA GeForce RTX 5060 Ti,42,MultiFieldQA-en,12,16,349,semantic,0.0,0.0,0.0,0.0,1,1,1,1,99,355,355,355,50587443200,50587443200,50587443200,6.07,0.021,0.9,0.1,0.35,0.65,0.35,0.65
Qwen/Qwen2.5-7B-Instruct,NVIDIA GeForce RTX 5060 Ti,42,MultiFieldQA-en,12,16,350,semantic,49.2489,0.0,0.0,0.0,0,1,1,1,116,372,372,372,55548444672,55548444672,55548444672,6.07,0.021,0.9,0.1,0.35,0.65,0.35,0.65
Qwen/Qwen2.5-7B-Instruct,NVIDIA GeForce RTX 5060 Ti,42,MultiFieldQA-en,12,16,351,multi-hop,41.9494,44.5621,0.0,0.0,0,0,1,1,104,360,360,360,52022476800,52022476800,52022476800,6.07,0.021,0.9,0.1,0.35,0.65,0.35,0.65
Qwen/Qwen2.5-7B-Instruct,NVIDIA GeForce RTX 5060 Ti,42,MultiFieldQA-en,12,16,352,structural,49.1978,51.2329,0.0,0.0,0,0,1,1,100,356,356,356,50872844288,50872844288,50872844288,6.07,0.021,0.9,0.1,0.35,0.65,0.35,0.65
Qwen/Qwen2.5-7B-Instruct,NVIDIA GeForce RTX 5060 Ti,42,MultiFieldQA-en,12,16,353,semantic,47.2537,0.0,0.0,0.0,0,1,1,1,110,366,366,366,53771010048,53771010048,53771010048,6.07,0.021,0.9,0.1,0.35,0.65,0.35,0.65
Qwen/Qwen2.5-7B-Instruct,NVIDIA GeForce RTX 5060 Ti,42,MultiFieldQA-en,12,16,354,semantic,69.2381,0.0,0.0,0.0,0,1,1,1,149,405,405,405,65840947200,65840947200,65840947200,6.07,0.021,0.9,0.1,0.35,0.65,0.35,0.65
Qwen/Qwen2.5-7B-Instruct,NVIDIA GeForce RTX 5060 Ti,42,MultiFieldQA-en,12,16,355,semantic,0.0,0.0,0.0,0.0,1,1,1,1,149,405,405,405,65840947200,65840947200,65840947200,6.07,0.021,0.9,0.1,0.35,0.65,0.35,0.65
Qwen/Qwen2.5-7B-Instruct,NVIDIA GeForce RTX 5060 Ti,42,MultiFieldQA-en,12,16,356,multi-hop,48.2793,44.9407,44.5857,0.0,0,0,0,1,71,327,327,327,42922156032,42922156032,42922156032,6.07,0.021,0.9,0.1,0.35,0.65,0.35,0.65
Qwen/Qwen2.5-7B-Instruct,NVIDIA GeForce RTX 5060 Ti,42,MultiFieldQA-en,12,16,357,structural,48.8238,0.0,0.0,0.0,0,1,1,1,78,334,334,334,44779470848,44779470848,44779470848,6.07,0.021,0.9,0.1,0.35,0.65,0.35,0.65
Qwen/Qwen2.5-7B-Instruct,NVIDIA GeForce RTX 5060 Ti,42,MultiFieldQA-en,12,16,358,multi-hop,49.7821,51.6534,0.0,0.0,0,0,1,1,72,328,328,328,43185078272,43185078272,43185078272,6.07,0.021,0.9,0.1,0.35,0.65,0.35,0.65
Qwen/Qwen2.5-7B-Instruct,NVIDIA GeForce RTX 5060 Ti,42,MultiFieldQA-en,12,16,359,structural,47.1872,48.985,49.0612,0.0,0,0,0,1,95,351,351,351,49453867008,49453867008,49453867008,6.07,0.021,0.9,0.1,0.35,0.65,0.35,0.65
Qwen/Qwen2.5-7B-Instruct,NVIDIA GeForce RTX 5060 Ti,42,MultiFieldQA-en,12,16,360,structural,49.1153,51.3297,0.0,0.0,0,0,1,1,125,381,381,381,58268786688,58268786688,58268786688,6.07,0.021,0.9,0.1,0.35,0.65,0.35,0.65
Qwen/Qwen2.5-7B-Instruct,NVIDIA GeForce RTX 5060 Ti,42,MultiFieldQA-en,12,16,361,semantic,43.5438,0.0,0.0,0.0,0,1,1,1,43,299,299,299,35886276608,35886276608,35886276608,6.07,0.021,0.9,0.1,0.35,0.65,0.35,0.65
Qwen/Qwen2.5-7B-Instruct,NVIDIA GeForce RTX 5060 Ti,42,MultiFieldQA-en,12,16,362,multi-hop,49.2091,50.6767,49.3929,0.0,0,0,0,1,101,357,357,357,51159048192,51159048192,51159048192,6.07,0.021,0.9,0.1,0.35,0.65,0.35,0.65
Qwen/Qwen2.5-7B-Instruct,NVIDIA GeForce RTX 5060 Ti,42,MultiFieldQA-en,12,16,363,structural,65.8938,0.0,0.0,0.0,0,1,1,1,136,392,392,392,61681958912,61681958912,61681958912,6.07,0.021,0.9,0.1,0.35,0.65,0.35,0.65
Qwen/Qwen2.5-7B-Instruct,NVIDIA GeForce RTX 5060 Ti,42,MultiFieldQA-en,12,16,364,semantic,53.7906,0.0,0.0,0.0,0,1,1,1,55,311,311,311,38824583168,38824583168,38824583168,6.07,0.021,0.9,0.1,0.35,0.65,0.35,0.65
Qwen/Qwen2.5-7B-Instruct,NVIDIA GeForce RTX 5060 Ti,42,MultiFieldQA-en,12,16,365,semantic,51.0823,0.0,0.0,0.0,0,1,1,1,95,351,351,351,49453867008,49453867008,49453867008,6.07,0.021,0.9,0.1,0.35,0.65,0.35,0.65
Qwen/Qwen2.5-7B-Instruct,NVIDIA GeForce RTX 5060 Ti,42,MultiFieldQA-en,12,16,366,multi-hop,49.1261,50.8897,58.6212,0.0,0,0,0,1,33,289,289,289,33525997568,33525997568,33525997568,6.07,0.021,0.9,0.1,0.35,0.65,0.35,0.65
Qwen/Qwen2.5-7B-Instruct,NVIDIA GeForce RTX 5060 Ti,42,MultiFieldQA-en,12,16,367,semantic,48.7466,0.0,0.0,0.0,0,1,1,1,86,342,342,342,46950285312,46950285312,46950285312,6.07,0.021,0.9,0.1,0.35,0.65,0.35,0.65
Qwen/Qwen2.5-7B-Instruct,NVIDIA GeForce RTX 5060 Ti,42,MultiFieldQA-en,12,16,368,semantic,42.4295,0.0,0.0,0.0,0,1,1,1,121,377,377,377,57051717632,57051717632,57051717632,6.07,0.021,0.9,0.1,0.35,0.65,0.35,0.65
Qwen/Qwen2.5-7B-Instruct,NVIDIA GeForce RTX 5060 Ti,42,MultiFieldQA-en,12,16,369,semantic,48.3171,0.0,0.0,0.0,0,1,1,1,86,342,342,342,46950285312,46950285312,46950285312,6.07,0.021,0.9,0.1,0.35,0.65,0.35,0.65
Qwen/Qwen2.5-7B-Instruct,NVIDIA GeForce RTX 5060 Ti,42,MultiFieldQA-en,12,16,370,multi-hop,39.0439,0.0,0.0,0.0,0,1,1,1,10,266,266,266,28402024448,28402024448,28402024448,6.07,0.021,0.9,0.1,0.35,0.65,0.35,0.65
Qwen/Qwen2.5-7B-Instruct,NVIDIA GeForce RTX 5060 Ti,42,MultiFieldQA-en,12,16,371,semantic,41.6683,0.0,0.0,0.0,0,1,1,1,48,304,304,304,37096521728,37096521728,37096521728,6.07,0.021,0.9,0.1,0.35,0.65,0.35,0.65
Qwen/Qwen2.5-7B-Instruct,NVIDIA GeForce RTX 5060 Ti,42,MultiFieldQA-en,12,16,372,multi-hop,52.6628,0.0,0.0,0.0,0,1,1,1,106,362,362,362,52602109952,52602109952,52602109952,6.07,0.021,0.9,0.1,0.35,0.65,0.35,0.65
Qwen/Qwen2.5-7B-Instruct,NVIDIA GeForce RTX 5060 Ti,42,MultiFieldQA-en,12,16,373,multi-hop,51.1776,0.0,56.8314,53.6551,0,1,0,0,100,356,356,356,50872844288,50872844288,50872844288,6.07,0.021,0.9,0.1,0.35,0.65,0.35,0.65
Qwen/Qwen2.5-7B-Instruct,NVIDIA GeForce RTX 5060 Ti,42,MultiFieldQA-en,12,16,374,structural,52.0036,50.5627,0.0,0.0,0,0,1,1,150,406,406,406,66166489088,66166489088,66166489088,6.07,0.021,0.9,0.1,0.35,0.65,0.35,0.65
Qwen/Qwen2.5-7B-Instruct,NVIDIA GeForce RTX 5060 Ti,42,MultiFieldQA-en,12,16,375,structural,53.5374,43.9123,45.2107,44.446,0,0,0,0,92,348,348,348,48612114432,48612114432,48612114432,6.07,0.021,0.9,0.1,0.35,0.65,0.35,0.65
Qwen/Qwen2.5-7B-Instruct,NVIDIA GeForce RTX 5060 Ti,42,MultiFieldQA-en,12,16,376,multi-hop,51.6742,51.4678,0.0,0.0,0,0,1,1,95,351,351,351,49453867008,49453867008,49453867008,6.07,0.021,0.9,0.1,0.35,0.65,0.35,0.65
Qwen/Qwen2.5-7B-Instruct,NVIDIA GeForce RTX 5060 Ti,42,MultiFieldQA-en,12,16,377,structural,44.131,45.9033,43.6664,46.1156,0,0,0,0,86,342,342,342,46950285312,46950285312,46950285312,6.07,0.021,0.9,0.1,0.35,0.65,0.35,0.65
Qwen/Qwen2.5-7B-Instruct,NVIDIA GeForce RTX 5060 Ti,42,MultiFieldQA-en,12,16,378,multi-hop,40.7608,41.1547,41.849,0.0,0,0,0,1,143,399,399,399,63904555008,63904555008,63904555008,6.07,0.021,0.9,0.1,0.35,0.65,0.35,0.65
Qwen/Qwen2.5-7B-Instruct,NVIDIA GeForce RTX 5060 Ti,42,MultiFieldQA-en,12,16,379,structural,48.6366,50.9246,0.0,0.0,0,0,1,1,92,348,348,348,48612114432,48612114432,48612114432,6.07,0.021,0.9,0.1,0.35,0.65,0.35,0.65
Qwen/Qwen2.5-7B-Instruct,NVIDIA GeForce RTX 5060 Ti,42,MultiFieldQA-en,12,16,380,semantic,67.1665,0.0,0.0,0.0,0,1,1,1,150,406,406,406,66166489088,66166489088,66166489088,6.07,0.021,0.9,0.1,0.35,0.65,0.35,0.65
Qwen/Qwen2.5-7B-Instruct,NVIDIA GeForce RTX 5060 Ti,42,MultiFieldQA-en,12,16,381,structural,47.1365,50.3009,0.0,0.0,0,0,1,1,111,367,367,367,54065242112,54065242112,54065242112,6.07,0.021,0.9,0.1,0.35,0.65,0.35,0.65
Qwen/Qwen2.5-7B-Instruct,NVIDIA GeForce RTX 5060 Ti,42,MultiFieldQA-en,12,16,382,semantic,38.1692,0.0,0.0,0.0,0,1,1,1,1,28,28,28,314703872,314703872,314703872,6.07,0.021,0.9,0.1,0.35,0.65,0.35,0.65
Qwen/Qwen2.5-7B-Instruct,NVIDIA GeForce RTX 5060 Ti,42,MultiFieldQA-en,12,16,383,multi-hop,81.8242,0.0,0.0,85.9622,0,1,1,0,19,275,275,275,30356480000,30356480000,30356480000,6.07,0.021,0.9,0.1,0.35,0.65,0.35,0.65
Qwen/Qwen2.5-7B-Instruct,NVIDIA GeForce RTX 5060 Ti,42,MultiFieldQA-en,12,16,384,structural,42.5232,43.7498,44.3909,0.0,0,0,0,1,116,372,372,372,55548444672,55548444672,55548444672,6.07,0.021,0.9,0.1,0.35,0.65,0.35,0.65
Qwen/Qwen2.5-7B-Instruct,NVIDIA GeForce RTX 5060 Ti,42,MultiFieldQA-en,12,16,385,multi-hop,66.9702,0.0,0.0,0.0,0,1,1,1,184,440,440,440,77712588800,77712588800,77712588800,6.07,0.021,0.9,0.1,0.35,0.65,0.35,0.65
Qwen/Qwen2.5-7B-Instruct,NVIDIA GeForce RTX 5060 Ti,42,MultiFieldQA-en,12,16,386,semantic,48.9078,0.0,49.4649,0.0,0,1,0,1,85,341,341,341,46676123648,46676123648,46676123648,6.07,0.021,0.9,0.1,0.35,0.65,0.35,0.65
Qwen/Qwen2.5-7B-Instruct,NVIDIA GeForce RTX 5060 Ti,42,MultiFieldQA-en,12,16,387,semantic,49.2912,0.0,50.4151,0.0,0,1,0,1,70,326,326,326,42660036608,42660036608,42660036608,6.07,0.021,0.9,0.1,0.35,0.65,0.35,0.65
Qwen/Qwen2.5-7B-Instruct,NVIDIA GeForce RTX 5060 Ti,42,MultiFieldQA-en,12,16,388,multi-hop,48.9046,0.0,0.0,0.0,0,1,1,1,99,355,355,355,50587443200,50587443200,50587443200,6.07,0.021,0.9,0.1,0.35,0.65,0.35,0.65
Qwen/Qwen2.5-7B-Instruct,NVIDIA GeForce RTX 5060 Ti,42,MultiFieldQA-en,12,16,389,semantic,50.0776,0.0,0.0,0.0,0,1,1,1,81,337,337,337,45587505152,45587505152,45587505152,6.07,0.021,0.9,0.1,0.35,0.65,0.35,0.65
Qwen/Qwen2.5-7B-Instruct,NVIDIA GeForce RTX 5060 Ti,42,MultiFieldQA-en,12,16,390,multi-hop,41.9837,0.0,0.0,0.0,0,1,1,1,67,323,323,323,41878495232,41878495232,41878495232,6.07,0.021,0.9,0.1,0.35,0.65,0.35,0.65
Qwen/Qwen2.5-7B-Instruct,NVIDIA GeForce RTX 5060 Ti,42,MultiFieldQA-en,12,16,391,multi-hop,49.7822,0.0,0.0,51.4626,0,1,1,0,96,352,352,352,49736056832,49736056832,49736056832,6.07,0.021,0.9,0.1,0.35,0.65,0.35,0.65
Qwen/Qwen2.5-7B-Instruct,NVIDIA GeForce RTX 5060 Ti,42,MultiFieldQA-en,12,16,392,multi-hop,50.225,0.0,52.586,50.4067,0,1,0,0,53,309,309,309,38326837248,38326837248,38326837248,6.07,0.021,0.9,0.1,0.35,0.65,0.35,0.65
Qwen/Qwen2.5-7B-Instruct,NVIDIA GeForce RTX 5060 Ti,42,MultiFieldQA-en,12,16,393,semantic,49.7591,0.0,0.0,0.0,0,1,1,1,107,363,363,363,52893130752,52893130752,52893130752,6.07,0.021,0.9,0.1,0.35,0.65,0.35,0.65
Qwen/Qwen2.5-7B-Instruct,NVIDIA GeForce RTX 5060 Ti,42,MultiFieldQA-en,12,16,394,multi-hop,44.0302,0.0,0.0,0.0,0,1,1,1,108,364,364,364,53184954368,53184954368,53184954368,6.07,0.021,0.9,0.1,0.35,0.65,0.35,0.65
Qwen/Qwen2.5-7B-Instruct,NVIDIA GeForce RTX 5060 Ti,42,MultiFieldQA-en,12,16,395,multi-hop,50.5768,0.0,0.0,0.0,0,1,1,1,137,393,393,393,61997064192,61997064192,61997064192,6.07,0.021,0.9,0.1,0.35,0.65,0.35,0.65
Qwen/Qwen2.5-7B-Instruct,NVIDIA GeForce RTX 5060 Ti,42,MultiFieldQA-en,12,16,396,multi-hop,50.8469,63.8244,0.0,0.0,0,0,1,1,58,314,314,314,39577223168,39577223168,39577223168,6.07,0.021,0.9,0.1,0.35,0.65,0.35,0.65
Qwen/Qwen2.5-7B-Instruct,NVIDIA GeForce RTX 5060 Ti,42,MultiFieldQA-en,12,16,397,structural,50.0735,0.0,0.0,0.0,0,1,1,1,106,362,362,362,52602109952,52602109952,52602109952,6.07,0.021,0.9,0.1,0.35,0.65,0.35,0.65
Qwen/Qwen2.5-7B-Instruct,NVIDIA GeForce RTX 5060 Ti,42,MultiFieldQA-en,12,16,398,multi-hop,56.6563,53.7637,0.0,0.0,0,0,1,1,10,266,266,266,28402024448,28402024448,28402024448,6.07,0.021,0.9,0.1,0.35,0.65,0.35,0.65
Qwen/Qwen2.5-7B-Instruct,NVIDIA GeForce RTX 5060 Ti,42,MultiFieldQA-en,12,16,399,multi-hop,51.2263,0.0,53.3316,57.0232,0,1,0,0,60,316,316,316,40082997248,40082997248,40082997248,6.07,0.021,0.9,0.1,0.35,0.65,0.35,0.65
Qwen/Qwen2.5-7B-Instruct,NVIDIA GeForce RTX 5060 Ti,42,MultiFieldQA-en,12,16,400,multi-hop,48.517,0.0,0.0,49.3489,0,1,1,0,23,279,279,279,31246000128,31246000128,31246000128,6.07,0.021,0.9,0.1,0.35,0.65,0.35,0.65
Qwen/Qwen2.5-7B-Instruct,NVIDIA GeForce RTX 5060 Ti,42,MultiFieldQA-en,12,16,401,structural,67.046,72.3422,66.4606,66.2298,0,0,0,0,1,28,28,71,314703872,314703872,2023497728,6.07,0.021,0.9,0.1,0.35,0.65,0.35,0.65
Qwen/Qwen2.5-7B-Instruct,NVIDIA GeForce RTX 5060 Ti,42,MultiFieldQA-en,12,16,402,semantic,49.2246,0.0,0.0,0.0,0,1,1,1,128,384,384,384,59190018048,59190018048,59190018048,6.07,0.021,0.9,0.1,0.35,0.65,0.35,0.65
Qwen/Qwen2.5-7B-Instruct,NVIDIA GeForce RTX 5060 Ti,42,MultiFieldQA-en,12,16,403,multi-hop,88.7513,0.0,0.0,0.0,0,1,1,1,194,450,450,450,81285120000,81285120000,81285120000,6.07,0.021,0.9,0.1,0.35,0.65,0.35,0.65
Qwen/Qwen2.5-7B-Instruct,NVIDIA GeForce RTX 5060 Ti,42,MultiFieldQA-en,12,16,404,semantic,49.9138,0.0,0.0,0.0,0,1,1,1,73,329,329,329,43448803328,43448803328,43448803328,6.07,0.021,0.9,0.1,0.35,0.65,0.35,0.65
Qwen/Qwen2.5-7B-Instruct,NVIDIA GeForce RTX 5060 Ti,42,MultiFieldQA-en,12,16,405,structural,48.6143,49.9022,0.0,0.0,0,0,1,1,53,309,309,309,38326837248,38326837248,38326837248,6.07,0.021,0.9,0.1,0.35,0.65,0.35,0.65
Qwen/Qwen2.5-7B-Instruct,NVIDIA GeForce RTX 5060 Ti,42,MultiFieldQA-en,12,16,406,semantic,66.3807,0.0,0.0,0.0,0,1,1,1,115,371,371,371,55250198528,55250198528,55250198528,6.07,0.021,0.9,0.1,0.35,0.65,0.35,0.65
Qwen/Qwen2.5-7B-Instruct,NVIDIA GeForce RTX 5060 Ti,42,MultiFieldQA-en,12,16,407,multi-hop,46.6363,51.2534,45.6634,0.0,0,0,0,1,43,299,299,299,35886276608,35886276608,35886276608,6.07,0.021,0.9,0.1,0.35,0.65,0.35,0.65
Qwen/Qwen2.5-7B-Instruct,NVIDIA GeForce RTX 5060 Ti,42,MultiFieldQA-en,12,16,408,multi-hop,47.3176,0.0,0.0,47.0369,0,1,1,0,43,299,299,299,35886276608,35886276608,35886276608,6.07,0.021,0.9,0.1,0.35,0.65,0.35,0.65
Qwen/Qwen2.5-7B-Instruct,NVIDIA GeForce RTX 5060 Ti,42,MultiFieldQA-en,12,16,409,semantic,51.2514,0.0,0.0,0.0,0,1,1,1,109,365,365,365,53477580800,53477580800,53477580800,6.07,0.021,0.9,0.1,0.35,0.65,0.35,0.65
Qwen/Qwen2.5-7B-Instruct,NVIDIA GeForce RTX 5060 Ti,42,MultiFieldQA-en,12,16,410,multi-hop,0.0,0.0,0.0,50.5506,1,1,1,0,137,393,393,393,61997064192,61997064192,61997064192,6.07,0.021,0.9,0.1,0.35,0.65,0.35,0.65
Qwen/Qwen2.5-7B-Instruct,NVIDIA GeForce RTX 5060 Ti,42,MultiFieldQA-en,12,16,411,structural,51.1428,48.6172,49.7741,49.5643,0,0,0,0,1,28,28,71,314703872,314703872,2023497728,6.07,0.021,0.9,0.1,0.35,0.65,0.35,0.65
Qwen/Qwen2.5-7B-Instruct,NVIDIA GeForce RTX 5060 Ti,42,MultiFieldQA-en,12,16,412,multi-hop,52.2359,0.0,50.9891,49.5615,0,1,0,0,159,415,415,415,69132492800,69132492800,69132492800,6.07,0.021,0.9,0.1,0.35,0.65,0.35,0.65
Qwen/Qwen2.5-7B-Instruct,NVIDIA GeForce RTX 5060 Ti,42,MultiFieldQA-en,12,16,413,multi-hop,53.8234,48.3758,48.7933,49.1368,0,0,0,0,1,28,28,71,314703872,314703872,2023497728,6.07,0.021,0.9,0.1,0.35,0.65,0.35,0.65
Qwen/Qwen2.5-7B-Instruct,NVIDIA GeForce RTX 5060 Ti,42,MultiFieldQA-en,12,16,414,multi-hop,50.7512,0.0,49.9134,49.8305,0,1,0,0,85,341,341,341,46676123648,46676123648,46676123648,6.07,0.021,0.9,0.1,0.35,0.65,0.35,0.65
Qwen/Qwen2.5-7B-Instruct,NVIDIA GeForce RTX 5060 Ti,42,MultiFieldQA-en,12,16,415,semantic,42.5248,44.6922,0.0,0.0,0,0,1,1,111,367,367,367,54065242112,54065242112,54065242112,6.07,0.021,0.9,0.1,0.35,0.65,0.35,0.65
Qwen/Qwen2.5-7B-Instruct,NVIDIA GeForce RTX 5060 Ti,42,MultiFieldQA-en,12,16,416,semantic,47.3923,0.0,0.0,0.0,0,1,1,1,78,334,334,334,44779470848,44779470848,44779470848,6.07,0.021,0.9,0.1,0.35,0.65,0.35,0.65
Qwen/Qwen2.5-7B-Instruct,NVIDIA GeForce RTX 5060 Ti,42,MultiFieldQA-en,12,16,417,semantic,42.6959,0.0,0.0,0.0,0,1,1,1,23,279,255,279,31246000128,26101555200,31246000128,6.07,0.021,0.9,0.1,0.35,0.65,0.35,0.65
Qwen/Qwen2.5-7B-Instruct,NVIDIA GeForce RTX 5060 Ti,42,MultiFieldQA-en,12,16,418,multi-hop,48.7643,53.9156,48.8911,0.0,0,0,0,1,101,357,357,357,51159048192,51159048192,51159048192,6.07,0.021,0.9,0.1,0.35,0.65,0.35,0.65
Qwen/Qwen2.5-7B-Instruct,NVIDIA GeForce RTX 5060 Ti,42,MultiFieldQA-en,12,16,419,multi-hop,49.8239,51.4093,51.0987,0.0,0,0,0,1,103,359,359,359,51733864448,51733864448,51733864448,6.07,0.021,0.9,0.1,0.35,0.65,0.35,0.65
Qwen/Qwen2.5-7B-Instruct,NVIDIA GeForce RTX 5060 Ti,42,MultiFieldQA-en,12,16,420,structural,49.4415,49.8899,0.0,0.0,0,0,1,1,46,302,302,302,36610015232,36610015232,36610015232,6.07,0.021,0.9,0.1,0.35,0.65,0.35,0.65
Qwen/Qwen2.5-7B-Instruct,NVIDIA GeForce RTX 5060 Ti,42,MultiFieldQA-en,12,16,421,multi-hop,44.9045,44.9717,44.9433,0.0,0,0,0,1,120,376,376,376,56749457408,56749457408,56749457408,6.07,0.021,0.9,0.1,0.35,0.65,0.35,0.65
Qwen/Qwen2.5-7B-Instruct,NVIDIA GeForce RTX 5060 Ti,42,MultiFieldQA-en,12,16,422,multi-hop,49.6912,0.0,0.0,0.0,0,1,1,1,59,315,315,315,39829708800,39829708800,39829708800,6.07,0.021,0.9,0.1,0.35,0.65,0.35,0.65
Qwen/Qwen2.5-7B-Instruct,NVIDIA GeForce RTX 5060 Ti,42,MultiFieldQA-en,12,16,423,semantic,39.8153,0.0,0.0,0.0,0,1,1,1,8,264,264,264,27976531968,27976531968,27976531968,6.07,0.021,0.9,0.1,0.35,0.65,0.35,0.65
Qwen/Qwen2.5-7B-Instruct,NVIDIA GeForce RTX 5060 Ti,42,MultiFieldQA-en,12,16,424,structural,66.0424,0.0,0.0,0.0,0,1,1,1,155,411,411,411,67806240768,67806240768,67806240768,6.07,0.021,0.9,0.1,0.35,0.65,0.35,0.65
Qwen/Qwen2.5-7B-Instruct,NVIDIA GeForce RTX 5060 Ti,42,MultiFieldQA-en,12,16,425,semantic,48.5564,0.0,0.0,0.0,0,1,1,1,79,335,335,335,45048012800,45048012800,45048012800,6.07,0.021,0.9,0.1,0.35,0.65,0.35,0.65
Qwen/Qwen2.5-7B-Instruct,NVIDIA GeForce RTX 5060 Ti,42,MultiFieldQA-en,12,16,426,multi-hop,44.5081,43.2012,51.179,0.0,0,0,0,1,158,414,414,414,68799725568,68799725568,68799725568,6.07,0.021,0.9,0.1,0.35,0.65,0.35,0.65
Qwen/Qwen2.5-7B-Instruct,NVIDIA GeForce RTX 5060 Ti,42,MultiFieldQA-en,12,16,427,semantic,47.7288,0.0,0.0,0.0,0,1,1,1,33,289,289,289,33525997568,33525997568,33525997568,6.07,0.021,0.9,0.1,0.35,0.65,0.35,0.65
Qwen/Qwen2.5-7B-Instruct,NVIDIA GeForce RTX 5060 Ti,42,MultiFieldQA-en,12,16,428,semantic,42.6897,0.0,0.0,0.0,0,1,1,1,94,350,350,350,49172480000,49172480000,49172480000,6.07,0.021,0.9,0.1,0.35,0.65,0.35,0.65
Qwen/Qwen2.5-7B-Instruct,NVIDIA GeForce RTX 5060 Ti,42,MultiFieldQA-en,12,16,429,multi-hop,48.947,49.5441,0.0,0.0,0,0,1,1,129,385,385,385,59498700800,59498700800,59498700800,6.07,0.021,0.9,0.1,0.35,0.65,0.35,0.65
Qwen/Qwen2.5-7B-Instruct,NVIDIA GeForce RTX 5060 Ti,42,MultiFieldQA-en,12,16,430,semantic,48.4308,0.0,49.0351,0.0,0,1,0,1,93,349,349,349,48891895808,48891895808,48891895808,6.07,0.021,0.9,0.1,0.35,0.65,0.35,0.65
Qwen/Qwen2.5-7B-Instruct,NVIDIA GeForce RTX 5060 Ti,42,MultiFieldQA-en,12,16,431,multi-hop,47.337,49.1599,51.6534,0.0,0,0,0,1,15,271,271,271,29479804928,29479804928,29479804928,6.07,0.021,0.9,0.1,0.35,0.65,0.35,0.65
Qwen/Qwen2.5-7B-Instruct,NVIDIA GeForce RTX 5060 Ti,42,MultiFieldQA-en,12,16,432,structural,51.1647,0.0,0.0,0.0,0,1,1,1,66,322,322,322,41619587072,41619587072,41619587072,6.07,0.021,0.9,0.1,0.35,0.65,0.35,0.65
Qwen/Qwen2.5-7B-Instruct,NVIDIA GeForce RTX 5060 Ti,42,MultiFieldQA-en,12,16,433,structural,41.9729,0.0,0.0,0.0,0,1,1,1,41,297,297,297,35407798272,35407798272,35407798272,6.07,0.021,0.9,0.1,0.35,0.65,0.35,0.65
Qwen/Qwen2.5-7B-Instruct,NVIDIA GeForce RTX 5060 Ti,42,MultiFieldQA-en,12,16,434,multi-hop,42.5655,44.8535,43.6242,0.0,0,0,0,1,111,367,367,367,54065242112,54065242112,54065242112,6.07,0.021,0.9,0.1,0.35,0.65,0.35,0.65
Qwen/Qwen2.5-7B-Instruct,NVIDIA GeForce RTX 5060 Ti,42,MultiFieldQA-en,12,16,435,structural,49.0588,0.0,0.0,0.0,0,1,1,1,105,361,361,361,52311891968,52311891968,52311891968,6.07,0.021,0.9,0.1,0.35,0.65,0.35,0.65
Qwen/Qwen2.5-7B-Instruct,NVIDIA GeForce RTX 5060 Ti,42,MultiFieldQA-en,12,16,436,multi-hop,46.7271,0.0,47.5603,48.1978,0,1,0,0,17,273,273,273,29916536832,29916536832,29916536832,6.07,0.021,0.9,0.1,0.35,0.65,0.35,0.65
Qwen/Qwen2.5-7B-Instruct,NVIDIA GeForce RTX 5060 Ti,42,MultiFieldQA-en,12,16,437,multi-hop,45.5154,0.0,0.0,0.0,0,1,1,1,134,390,390,390,61054156800,61054156800,61054156800,6.07,0.021,0.9,0.1,0.35,0.65,0.35,0.65
Qwen/Qwen2.5-7B-Instruct,NVIDIA GeForce RTX 5060 Ti,42,MultiFieldQA-en,12,16,438,multi-hop,40.4249,42.1724,41.6115,0.0,0,0,0,1,45,301,301,301,36367966208,36367966208,36367966208,6.07,0.021,0.9,0.1,0.35,0.65,0.35,0.65
Qwen/Qwen2.5-7B-Instruct,NVIDIA GeForce RTX 5060 Ti,42,MultiFieldQA-en,12,16,439,semantic,48.9562,0.0,0.0,49.9863,0,1,1,0,21,277,277,277,30799634432,30799634432,30799634432,6.07,0.021,0.9,0.1,0.35,0.65,0.35,0.65
Qwen/Qwen2.5-7B-Instruct,NVIDIA GeForce RTX 5060 Ti,42,MultiFieldQA-en,12,16,440,multi-hop,48.4694,0.0,0.0,0.0,0,1,1,1,63,319,319,319,40847679488,40847679488,40847679488,6.07,0.021,0.9,0.1,0.35,0.65,0.35,0.65
Qwen/Qwen2.5-7B-Instruct,NVIDIA GeForce RTX 5060 Ti,42,MultiFieldQA-en,12,16,441,multi-hop,68.8713,0.0,0.0,0.0,0,1,1,1,111,367,367,367,54065242112,54065242112,54065242112,6.07,0.021,0.9,0.1,0.35,0.65,0.35,0.65
Qwen/Qwen2.5-7B-Instruct,NVIDIA GeForce RTX 5060 Ti,42,MultiFieldQA-en,12,16,442,semantic,52.161,0.0,0.0,0.0,0,1,1,1,156,412,412,412,68136599552,68136599552,68136599552,6.07,0.021,0.9,0.1,0.35,0.65,0.35,0.65
Qwen/Qwen2.5-7B-Instruct,NVIDIA GeForce RTX 5060 Ti,42,MultiFieldQA-en,12,16,443,structural,65.9206,68.6187,0.0,0.0,0,0,1,1,11,267,267,267,28615974912,28615974912,28615974912,6.07,0.021,0.9,0.1,0.35,0.65,0.35,0.65
Qwen/Qwen2.5-7B-Instruct,NVIDIA GeForce RTX 5060 Ti,42,MultiFieldQA-en,12,16,444,multi-hop,66.983,0.0,0.0,69.4031,0,1,1,0,150,406,406,406,66166489088,66166489088,66166489088,6.07,0.021,0.9,0.1,0.35,0.65,0.35,0.65
Qwen/Qwen2.5-7B-Instruct,NVIDIA GeForce RTX 5060 Ti,42,MultiFieldQA-en,12,16,445,structural,43.1192,43.3951,47.7448,41.6491,0,0,0,0,1,28,28,71,314703872,314703872,2023497728,6.07,0.021,0.9,0.1,0.35,0.65,0.35,0.65
Qwen/Qwen2.5-7B-Instruct,NVIDIA GeForce RTX 5060 Ti,42,MultiFieldQA-en,12,16,446,structural,48.0516,49.9627,0.0,0.0,0,0,1,1,106,362,362,362,52602109952,52602109952,52602109952,6.07,0.021,0.9,0.1,0.35,0.65,0.35,0.65
Qwen/Qwen2.5-7B-Instruct,NVIDIA GeForce RTX 5060 Ti,42,MultiFieldQA-en,12,16,447,multi-hop,49.1634,0.0,0.0,0.0,0,1,1,1,103,359,359,359,51733864448,51733864448,51733864448,6.07,0.021,0.9,0.1,0.35,0.65,0.35,0.65
Qwen/Qwen2.5-7B-Instruct,NVIDIA GeForce RTX 5060 Ti,42,MultiFieldQA-en,12,16,448,multi-hop,48.6157,0.0,0.0,0.0,0,1,1,1,81,337,337,337,45587505152,45587505152,45587505152,6.07,0.021,0.9,0.1,0.35,0.65,0.35,0.65
Qwen/Qwen2.5-7B-Instruct,NVIDIA GeForce RTX 5060 Ti,42,MultiFieldQA-en,12,16,449,semantic,49.5212,0.0,0.0,0.0,0,1,1,1,83,339,339,339,46130208768,46130208768,46130208768,6.07,0.021,0.9,0.1,0.35,0.65,0.35,0.65
Qwen/Qwen2.5-7B-Instruct,NVIDIA GeForce RTX 5060 Ti,42,MultiFieldQA-en,12,16,450,structural,49.4814,50.1457,50.2189,0.0,0,0,0,1,76,332,332,332,44244795392,44244795392,44244795392,6.07,0.021,0.9,0.1,0.35,0.65,0.35,0.65
Qwen/Qwen2.5-7B-Instruct,NVIDIA GeForce RTX 5060 Ti,42,MultiFieldQA-en,12,16,451,semantic,50.1621,0.0,0.0,0.0,0,1,1,1,97,353,353,353,50019049472,50019049472,50019049472,6.07,0.021,0.9,0.1,0.35,0.65,0.35,0.65
Qwen/Qwen2.5-7B-Instruct,NVIDIA GeForce RTX 5060 Ti,42,MultiFieldQA-en,12,16,452,structural,48.2044,50.5138,51.322,0.0,0,0,0,1,110,366,366,366,53771010048,53771010048,53771010048,6.07,0.021,0.9,0.1,0.35,0.65,0.35,0.65
Qwen/Qwen2.5-7B-Instruct,NVIDIA GeForce RTX 5060 Ti,42,MultiFieldQA-en,12,16,453,multi-hop,50.8259,0.0,0.0,0.0,0,1,1,1,96,352,352,352,49736056832,49736056832,49736056832,6.07,0.021,0.9,0.1,0.35,0.65,0.35,0.65
Qwen/Qwen2.5-7B-Instruct,NVIDIA GeForce RTX 5060 Ti,42,MultiFieldQA-en,12,16,454,multi-hop,51.0973,53.4086,52.0339,0.0,0,0,0,1,96,352,352,352,49736056832,49736056832,49736056832,6.07,0.021,0.9,0.1,0.35,0.65,0.35,0.65
Qwen/Qwen2.5-7B-Instruct,NVIDIA GeForce RTX 5060 Ti,42,MultiFieldQA-en,12,16,455,semantic,72.7507,0.0,0.0,0.0,0,1,1,1,163,419,419,419,70471589888,70471589888,70471589888,6.07,0.021,0.9,0.1,0.35,0.65,0.35,0.65
Qwen/Qwen2.5-7B-Instruct,NVIDIA GeForce RTX 5060 Ti,42,MultiFieldQA-en,12,16,456,semantic,49.3247,0.0,51.2651,0.0,0,1,0,1,20,276,276,276,30577655808,30577655808,30577655808,6.07,0.021,0.9,0.1,0.35,0.65,0.35,0.65
Qwen/Qwen2.5-7B-Instruct,NVIDIA GeForce RTX 5060 Ti,42,MultiFieldQA-en,12,16,457,multi-hop,43.0478,0.0,0.0,0.0,0,1,1,1,137,393,393,393,61997064192,61997064192,61997064192,6.07,0.021,0.9,0.1,0.35,0.65,0.35,0.65
Qwen/Qwen2.5-7B-Instruct,NVIDIA GeForce RTX 5060 Ti,42,MultiFieldQA-en,12,16,458,multi-hop,69.3246,0.0,0.0,68.5518,0,1,1,0,150,406,406,406,66166489088,66166489088,66166489088,6.07,0.021,0.9,0.1,0.35,0.65,0.35,0.65
Qwen/Qwen2.5-7B-Instruct,NVIDIA GeForce RTX 5060 Ti,42,MultiFieldQA-en,12,16,459,multi-hop,43.4311,50.5361,44.6743,44.4102,0,0,0,0,26,282,282,282,31921569792,31921569792,31921569792,6.07,0.021,0.9,0.1,0.35,0.65,0.35,0.65
Qwen/Qwen2.5-7B-Instruct,NVIDIA GeForce RTX 5060 Ti,42,MultiFieldQA-en,12,16,460,structural,49.6545,0.0,0.0,0.0,0,1,1,1,111,367,367,367,54065242112,54065242112,54065242112,6.07,0.021,0.9,0.1,0.35,0.65,0.35,0.65
Qwen/Qwen2.5-7B-Instruct,NVIDIA GeForce RTX 5060 Ti,42,MultiFieldQA-en,12,16,461,semantic,74.6267,0.0,0.0,0.0,0,1,1,1,158,414,414,414,68799725568,68799725568,68799725568,6.07,0.021,0.9,0.1,0.35,0.65,0.35,0.65
Qwen/Qwen2.5-7B-Instruct,NVIDIA GeForce RTX 5060 Ti,42,MultiFieldQA-en,12,16,462,structural,52.9784,54.2125,0.0,0.0,0,0,1,1,107,363,363,363,52893130752,52893130752,52893130752,6.07,0.021,0.9,0.1,0.35,0.65,0.35,0.65
Qwen/Qwen2.5-7B-Instruct,NVIDIA GeForce RTX 5060 Ti,42,MultiFieldQA-en,12,16,463,semantic,44.407,0.0,0.0,0.0,0,1,1,1,73,329,329,329,43448803328,43448803328,43448803328,6.07,0.021,0.9,0.1,0.35,0.65,0.35,0.65
Qwen/Qwen2.5-7B-Instruct,NVIDIA GeForce RTX 5060 Ti,42,MultiFieldQA-en,12,16,464,multi-hop,52.9521,45.8615,44.2622,0.0,0,0,0,1,47,303,303,303,36852867072,36852867072,36852867072,6.07,0.021,0.9,0.1,0.35,0.65,0.35,0.65
Qwen/Qwen2.5-7B-Instruct,NVIDIA GeForce RTX 5060 Ti,42,MultiFieldQA-en,12,16,465,semantic,0.0,0.0,0.0,70.2011,1,1,1,0,102,358,358,358,51446054912,51446054912,51446054912,6.07,0.021,0.9,0.1,0.35,0.65,0.35,0.65
Qwen/Qwen2.5-7B-Instruct,NVIDIA GeForce RTX 5060 Ti,42,MultiFieldQA-en,12,16,466,semantic,0.0,0.0,0.0,0.0,1,1,1,1,99,355,355,355,50587443200,50587443200,50587443200,6.07,0.021,0.9,0.1,0.35,0.65,0.35,0.65
Qwen/Qwen2.5-7B-Instruct,NVIDIA GeForce RTX 5060 Ti,42,MultiFieldQA-en,12,16,467,structural,0.0,51.7533,0.0,0.0,1,0,1,1,116,372,372,372,55548444672,55548444672,55548444672,6.07,0.021,0.9,0.1,0.35,0.65,0.35,0.65
Qwen/Qwen2.5-7B-Instruct,NVIDIA GeForce RTX 5060 Ti,42,MultiFieldQA-en,12,16,468,structural,49.7773,51.3181,51.371,0.0,0,0,0,1,37,293,293,293,34460475392,34460475392,34460475392,6.07,0.021,0.9,0.1,0.35,0.65,0.35,0.65
Qwen/Qwen2.5-7B-Instruct,NVIDIA GeForce RTX 5060 Ti,42,MultiFieldQA-en,12,16,469,multi-hop,40.6594,42.1236,41.9586,0.0,0,0,0,1,91,347,347,347,48333135872,48333135872,48333135872,6.07,0.021,0.9,0.1,0.35,0.65,0.35,0.65
Qwen/Qwen2.5-7B-Instruct,NVIDIA GeForce RTX 5060 Ti,42,MultiFieldQA-en,12,16,470,multi-hop,50.794,0.0,50.079,51.404,0,1,0,0,135,391,391,391,61367656448,61367656448,61367656448,6.07,0.021,0.9,0.1,0.35,0.65,0.35,0.65
Qwen/Qwen2.5-7B-Instruct,NVIDIA GeForce RTX 5060 Ti,42,MultiFieldQA-en,12,16,471,structural,49.3176,0.0,49.2345,0.0,0,1,0,1,63,319,319,319,40847679488,40847679488,40847679488,6.07,0.021,0.9,0.1,0.35,0.65,0.35,0.65
Qwen/Qwen2.5-7B-Instruct,NVIDIA GeForce RTX 5060 Ti,42,MultiFieldQA-en,12,16,472,multi-hop,49.4838,50.862,0.0,0.0,0,0,1,1,116,372,372,372,55548444672,55548444672,55548444672,6.07,0.021,0.9,0.1,0.35,0.65,0.35,0.65
Qwen/Qwen2.5-7B-Instruct,NVIDIA GeForce RTX 5060 Ti,42,MultiFieldQA-en,12,16,473,semantic,66.9105,0.0,0.0,67.9279,0,1,1,0,114,370,370,370,54952755200,54952755200,54952755200,6.07,0.021,0.9,0.1,0.35,0.65,0.35,0.65
Qwen/Qwen2.5-7B-Instruct,NVIDIA GeForce RTX 5060 Ti,42,MultiFieldQA-en,12,16,474,multi-hop,51.5411,0.0,0.0,50.6568,0,1,1,0,86,342,342,342,46950285312,46950285312,46950285312,6.07,0.021,0.9,0.1,0.35,0.65,0.35,0.65
Qwen/Qwen2.5-7B-Instruct,NVIDIA GeForce RTX 5060 Ti,42,MultiFieldQA-en,12,16,475,multi-hop,50.2869,0.0,0.0,50.9265,0,1,1,0,137,393,393,393,61997064192,61997064192,61997064192,6.07,0.021,0.9,0.1,0.35,0.65,0.35,0.65
Qwen/Qwen2.5-7B-Instruct,NVIDIA GeForce RTX 5060 Ti,42,MultiFieldQA-en,12,16,476,multi-hop,49.3844,50.7122,0.0,0.0,0,0,1,1,61,317,317,317,40337088512,40337088512,40337088512,6.07,0.021,0.9,0.1,0.35,0.65,0.35,0.65
Qwen/Qwen2.5-7B-Instruct,NVIDIA GeForce RTX 5060 Ti,42,MultiFieldQA-en,12,16,477,multi-hop,67.1033,0.0,0.0,0.0,0,1,1,1,47,303,303,303,36852867072,36852867072,36852867072,6.07,0.021,0.9,0.1,0.35,0.65,0.35,0.65
Qwen/Qwen2.5-7B-Instruct,NVIDIA GeForce RTX 5060 Ti,42,MultiFieldQA-en,12,16,478,structural,50.204,49.829,48.9006,0.0,0,0,0,1,5,112,141,261,5035261952,7980392448,27344314368,6.07,0.021,0.9,0.1,0.35,0.65,0.35,0.65
Qwen/Qwen2.5-7B-Instruct,NVIDIA GeForce RTX 5060 Ti,42,MultiFieldQA-en,12,16,479,structural,50.8131,51.7768,50.0398,0.0,0,0,0,1,96,352,352,352,49736056832,49736056832,49736056832,6.07,0.021,0.9,0.1,0.35,0.65,0.35,0.65
Qwen/Qwen2.5-7B-Instruct,NVIDIA GeForce RTX 5060 Ti,42,MultiFieldQA-en,12,16,480,semantic,49.6991,0.0,0.0,50.0851,0,1,1,0,78,334,334,334,44779470848,44779470848,44779470848,6.07,0.021,0.9,0.1,0.35,0.65,0.35,0.65
Qwen/Qwen2.5-7B-Instruct,NVIDIA GeForce RTX 5060 Ti,42,MultiFieldQA-en,12,16,481,multi-hop,69.2584,70.3895,69.0666,0.0,0,0,0,1,150,406,406,406,66166489088,66166489088,66166489088,6.07,0.021,0.9,0.1,0.35,0.65,0.35,0.65
Qwen/Qwen2.5-7B-Instruct,NVIDIA GeForce RTX 5060 Ti,42,MultiFieldQA-en,12,16,482,structural,68.1338,68.8726,0.0,0.0,0,0,1,1,114,370,370,370,54952755200,54952755200,54952755200,6.07,0.021,0.9,0.1,0.35,0.65,0.35,0.65
Qwen/Qwen2.5-7B-Instruct,NVIDIA GeForce RTX 5060 Ti,42,MultiFieldQA-en,12,16,483,structural,39.9238,39.9985,40.9291,41.1433,0,0,0,0,5,112,141,261,5035261952,7980392448,27344314368,6.07,0.021,0.9,0.1,0.35,0.65,0.35,0.65
Qwen/Qwen2.5-7B-Instruct,NVIDIA GeForce RTX 5060 Ti,42,MultiFieldQA-en,12,16,484,multi-hop,43.8089,0.0,0.0,0.0,0,1,1,1,111,367,367,367,54065242112,54065242112,54065242112,6.07,0.021,0.9,0.1,0.35,0.65,0.35,0.65
Qwen/Qwen2.5-7B-Instruct,NVIDIA GeForce RTX 5060 Ti,42,MultiFieldQA-en,12,16,485,multi-hop,51.0077,0.0,0.0,0.0,0,1,1,1,110,366,366,366,53771010048,53771010048,53771010048,6.07,0.021,0.9,0.1,0.35,0.65,0.35,0.65
Qwen/Qwen2.5-7B-Instruct,NVIDIA GeForce RTX 5060 Ti,42,MultiFieldQA-en,12,16,486,multi-hop,50.4593,0.0,51.0211,49.8684,0,1,0,0,110,366,366,366,53771010048,53771010048,53771010048,6.07,0.021,0.9,0.1,0.35,0.65,0.35,0.65
Qwen/Qwen2.5-7B-Instruct,NVIDIA GeForce RTX 5060 Ti,42,MultiFieldQA-en,12,16,487,semantic,49.235,0.0,0.0,50.2608,0,1,1,0,122,378,378,378,57354780672,57354780672,57354780672,6.07,0.021,0.9,0.1,0.35,0.65,0.35,0.65
Qwen/Qwen2.5-7B-Instruct,NVIDIA GeForce RTX 5060 Ti,42,MultiFieldQA-en,12,16,488,multi-hop,51.1753,0.0,0.0,52.2329,0,1,1,0,45,301,301,301,36367966208,36367966208,36367966208,6.07,0.021,0.9,0.1,0.35,0.65,0.35,0.65
Qwen/Qwen2.5-7B-Instruct,NVIDIA GeForce RTX 5060 Ti,42,MultiFieldQA-en,12,16,489,multi-hop,52.5317,0.0,0.0,0.0,0,1,1,1,142,398,398,398,63584632832,63584632832,63584632832,6.07,0.021,0.9,0.1,0.35,0.65,0.35,0.65
Qwen/Qwen2.5-7B-Instruct,NVIDIA GeForce RTX 5060 Ti,42,MultiFieldQA-en,12,16,490,structural,48.4988,43.7557,42.7769,0.0,0,0,0,1,32,288,288,288,33294385152,33294385152,33294385152,6.07,0.021,0.9,0.1,0.35,0.65,0.35,0.65
Qwen/Qwen2.5-7B-Instruct,NVIDIA GeForce RTX 5060 Ti,42,MultiFieldQA-en,12,16,491,structural,51.2521,56.5177,50.3892,0.0,0,0,0,1,5,261,261,261,27344314368,27344314368,27344314368,6.07,0.021,0.9,0.1,0.35,0.65,0.35,0.65
Qwen/Qwen2.5-7B-Instruct,NVIDIA GeForce RTX 5060 Ti,42,MultiFieldQA-en,12,16,492,structural,43.9328,45.7727,44.1159,44.3413,0,0,0,0,86,342,342,342,46950285312,46950285312,46950285312,6.07,0.021,0.9,0.1,0.35,0.65,0.35,0.65
Qwen/Qwen2.5-7B-Instruct,NVIDIA GeForce RTX 5060 Ti,42,MultiFieldQA-en,12,16,493,multi-hop,51.7774,0.0,0.0,0.0,0,1,1,1,85,341,341,341,46676123648,46676123648,46676123648,6.07,0.021,0.9,0.1,0.35,0.65,0.35,0.65
Qwen/Qwen2.5-7B-Instruct,NVIDIA GeForce RTX 5060 Ti,42,MultiFieldQA-en,12,16,494,multi-hop,40.723,40.791,40.4279,0.0,0,0,0,1,100,356,356,356,50872844288,50872844288,50872844288,6.07,0.021,0.9,0.1,0.35,0.65,0.35,0.65
Qwen/Qwen2.5-7B-Instruct,NVIDIA GeForce RTX 5060 Ti,42,MultiFieldQA-en,12,16,495,structural,0.0,50.63,0.0,0.0,1,0,1,1,121,377,377,377,57051717632,57051717632,57051717632,6.07,0.021,0.9,0.1,0.35,0.65,0.35,0.65
Qwen/Qwen2.5-7B-Instruct,NVIDIA GeForce RTX 5060 Ti,42,MultiFieldQA-en,12,16,496,structural,50.7367,51.2654,0.0,0.0,0,0,1,1,34,290,290,290,33758412800,33758412800,33758412800,6.07,0.021,0.9,0.1,0.35,0.65,0.35,0.65
Qwen/Qwen2.5-7B-Instruct,NVIDIA GeForce RTX 5060 Ti,42,MultiFieldQA-en,12,16,497,semantic,69.4466,0.0,0.0,0.0,0,1,1,1,150,406,406,406,66166489088,66166489088,66166489088,6.07,0.021,0.9,0.1,0.35,0.65,0.35,0.65
Qwen/Qwen2.5-7B-Instruct,NVIDIA GeForce RTX 5060 Ti,42,MultiFieldQA-en,12,16,498,multi-hop,51.7025,0.0,52.8169,50.3216,0,1,0,0,53,309,309,309,38326837248,38326837248,38326837248,6.07,0.021,0.9,0.1,0.35,0.65,0.35,0.65
Qwen/Qwen2.5-7B-Instruct,NVIDIA GeForce RTX 5060 Ti,42,MultiFieldQA-en,12,16,499,semantic,0.0,0.0,0.0,0.0,1,1,1,1,86,342,342,342,46950285312,46950285312,46950285312,6.07,0.021,0.9,0.1,0.35,0.65,0.35,0.65
Qwen/Qwen2.5-7B-Instruct,NVIDIA GeForce RTX 5060 Ti,42,MultiFieldQA-en,12,16,500,structural,47.4351,50.8959,49.3002,48.4505,0,0,0,0,58,314,314,314,39577223168,39577223168,39577223168,6.07,0.021,0.9,0.1,0.35,0.65,0.35,0.65
Qwen/Qwen2.5-7B-Instruct,NVIDIA GeForce RTX 5060 Ti,42,MultiFieldQA-en,12,16,501,multi-hop,0.0,0.0,68.5561,68.6371,1,1,0,0,94,350,350,350,49172480000,49172480000,49172480000,6.07,0.021,0.9,0.1,0.35,0.65,0.35,0.65
Qwen/Qwen2.5-7B-Instruct,NVIDIA GeForce RTX 5060 Ti,42,MultiFieldQA-en,12,16,502,multi-hop,41.6932,42.3084,42.7481,0.0,0,0,0,1,32,288,288,288,33294385152,33294385152,33294385152,6.07,0.021,0.9,0.1,0.35,0.65,0.35,0.65
Qwen/Qwen2.5-7B-Instruct,NVIDIA GeForce RTX 5060 Ti,42,MultiFieldQA-en,12,16,503,structural,50.4744,51.1952,51.688,0.0,0,0,0,1,96,352,352,352,49736056832,49736056832,49736056832,6.07,0.021,0.9,0.1,0.35,0.65,0.35,0.65
Qwen/Qwen2.5-7B-Instruct,NVIDIA GeForce RTX 5060 Ti,42,MultiFieldQA-en,12,16,504,structural,51.024,0.0,0.0,0.0,0,1,1,1,201,457,457,457,83833659392,83833659392,83833659392,6.07,0.021,0.9,0.1,0.35,0.65,0.35,0.65
Qwen/Qwen2.5-7B-Instruct,NVIDIA GeForce RTX 5060 Ti,42,MultiFieldQA-en,12,16,505,multi-hop,49.7108,51.4579,50.7984,0.0,0,0,0,1,106,362,362,362,52602109952,52602109952,52602109952,6.07,0.021,0.9,0.1,0.35,0.65,0.35,0.65
Qwen/Qwen2.5-7B-Instruct,NVIDIA GeForce RTX 5060 Ti,42,MultiFieldQA-en,12,16,506,multi-hop,50.2472,0.0,0.0,49.7953,0,1,1,0,111,367,367,367,54065242112,54065242112,54065242112,6.07,0.021,0.9,0.1,0.35,0.65,0.35,0.65
Qwen/Qwen2.5-7B-Instruct,NVIDIA GeForce RTX 5060 Ti,42,MultiFieldQA-en,12,16,507,multi-hop,67.5961,68.5997,0.0,0.0,0,0,1,1,11,267,267,267,28615974912,28615974912,28615974912,6.07,0.021,0.9,0.1,0.35,0.65,0.35,0.65
Qwen/Qwen2.5-7B-Instruct,NVIDIA GeForce RTX 5060 Ti,42,MultiFieldQA-en,12,16,508,structural,70.4665,0.0,0.0,0.0,0,1,1,1,34,290,290,290,33758412800,33758412800,33758412800,6.07,0.021,0.9,0.1,0.35,0.65,0.35,0.65
Qwen/Qwen2.5-7B-Instruct,NVIDIA GeForce RTX 5060 Ti,42,MultiFieldQA-en,12,16,509,structural,50.019,0.0,48.8806,0.0,0,1,0,1,46,302,302,302,36610015232,36610015232,36610015232,6.07,0.021,0.9,0.1,0.35,0.65,0.35,0.65
Qwen/Qwen2.5-7B-Instruct,NVIDIA GeForce RTX 5060 Ti,42,MultiFieldQA-en,12,16,510,semantic,50.7329,0.0,0.0,0.0,0,1,1,1,110,366,366,366,53771010048,53771010048,53771010048,6.07,0.021,0.9,0.1,0.35,0.65,0.35,0.65
Qwen/Qwen2.5-7B-Instruct,NVIDIA GeForce RTX 5060 Ti,42,MultiFieldQA-en,12,16,511,structural,49.5146,0.0,0.0,0.0,0,1,1,1,90,346,346,346,48054960128,48054960128,48054960128,6.07,0.021,0.9,0.1,0.35,0.65,0.35,0.65
Qwen/Qwen2.5-7B-Instruct,NVIDIA GeForce RTX 5060 Ti,42,MultiFieldQA-en,12,16,512,multi-hop,49.1325,51.5661,0.0,0.0,0,0,1,1,17,273,273,273,29916536832,29916536832,29916536832,6.07,0.021,0.9,0.1,0.35,0.65,0.35,0.65
Qwen/Qwen2.5-7B-Instruct,NVIDIA GeForce RTX 5060 Ti,42,MultiFieldQA-en,12,16,513,multi-hop,48.9384,0.0,0.0,0.0,0,1,1,1,122,378,378,378,57354780672,57354780672,57354780672,6.07,0.021,0.9,0.1,0.35,0.65,0.35,0.65
Qwen/Qwen2.5-7B-Instruct,NVIDIA GeForce RTX 5060 Ti,42,MultiFieldQA-en,12,16,514,multi-hop,44.1266,44.6295,0.0,0.0,0,0,1,1,91,347,347,347,48333135872,48333135872,48333135872,6.07,0.021,0.9,0.1,0.35,0.65,0.35,0.65
Qwen/Qwen2.5-7B-Instruct,NVIDIA GeForce RTX 5060 Ti,42,MultiFieldQA-en,12,16,515,structural,67.351,69.581,0.0,0.0,0,0,1,1,121,377,377,377,57051717632,57051717632,57051717632,6.07,0.021,0.9,0.1,0.35,0.65,0.35,0.65
Qwen/Qwen2.5-7B-Instruct,NVIDIA GeForce RTX 5060 Ti,42,MultiFieldQA-en,12,16,516,multi-hop,49.9517,0.0,0.0,52.2332,0,1,1,0,55,311,311,311,38824583168,38824583168,38824583168,6.07,0.021,0.9,0.1,0.35,0.65,0.35,0.65
Qwen/Qwen2.5-7B-Instruct,NVIDIA GeForce RTX 5060 Ti,42,MultiFieldQA-en,12,16,517,multi-hop,47.9374,0.0,0.0,48.6633,0,1,1,0,125,381,381,381,58268786688,58268786688,58268786688,6.07,0.021,0.9,0.1,0.35,0.65,0.35,0.65
Qwen/Qwen2.5-7B-Instruct,NVIDIA GeForce RTX 5060 Ti,42,MultiFieldQA-en,12,16,518,multi-hop,87.6483,0.0,89.7496,90.483,0,1,0,0,58,314,314,314,39577223168,39577223168,39577223168,6.07,0.021,0.9,0.1,0.35,0.65,0.35,0.65
Qwen/Qwen2.5-7B-Instruct,NVIDIA GeForce RTX 5060 Ti,42,MultiFieldQA-en,12,16,519,structural,48.4909,51.143,49.6477,0.0,0,0,0,1,101,357,357,357,51159048192,51159048192,51159048192,6.07,0.021,0.9,0.1,0.35,0.65,0.35,0.65
Qwen/Qwen2.5-7B-Instruct,NVIDIA GeForce RTX 5060 Ti,42,MultiFieldQA-en,12,16,520,semantic,54.9166,0.0,50.4997,51.0302,0,1,0,0,100,356,356,356,50872844288,50872844288,50872844288,6.07,0.021,0.9,0.1,0.35,0.65,0.35,0.65
Qwen/Qwen2.5-7B-Instruct,NVIDIA GeForce RTX 5060 Ti,42,MultiFieldQA-en,12,16,521,structural,41.5297,44.2882,43.5628,0.0,0,0,0,1,119,375,375,375,56448000000,56448000000,56448000000,6.07,0.021,0.9,0.1,0.35,0.65,0.35,0.65
Qwen/Qwen2.5-7B-Instruct,NVIDIA GeForce RTX 5060 Ti,42,MultiFieldQA-en,12,16,522,multi-hop,64.7505,0.0,0.0,0.0,0,1,1,1,34,290,290,290,33758412800,33758412800,33758412800,6.07,0.021,0.9,0.1,0.35,0.65,0.35,0.65
Qwen/Qwen2.5-7B-Instruct,NVIDIA GeForce RTX 5060 Ti,42,MultiFieldQA-en,12,16,523,semantic,65.9016,0.0,0.0,0.0,0,1,1,1,150,406,406,406,66166489088,66166489088,66166489088,6.07,0.021,0.9,0.1,0.35,0.65,0.35,0.65
Qwen/Qwen2.5-7B-Instruct,NVIDIA GeForce RTX 5060 Ti,42,MultiFieldQA-en,12,16,524,multi-hop,43.3751,0.0,0.0,0.0,0,1,1,1,60,316,316,316,40082997248,40082997248,40082997248,6.07,0.021,0.9,0.1,0.35,0.65,0.35,0.65
Qwen/Qwen2.5-7B-Instruct,NVIDIA GeForce RTX 5060 Ti,42,MultiFieldQA-en,12,16,525,semantic,51.1283,0.0,0.0,0.0,0,1,1,1,108,364,364,364,53184954368,53184954368,53184954368,6.07,0.021,0.9,0.1,0.35,0.65,0.35,0.65
Qwen/Qwen2.5-7B-Instruct,NVIDIA GeForce RTX 5060 Ti,42,MultiFieldQA-en,12,16,526,multi-hop,0.0,0.0,48.0292,43.4004,1,1,0,0,247,503,503,503,101559836672,101559836672,101559836672,6.07,0.021,0.9,0.1,0.35,0.65,0.35,0.65
Qwen/Qwen2.5-7B-Instruct,NVIDIA GeForce RTX 5060 Ti,42,MultiFieldQA-en,12,16,527,semantic,65.583,0.0,0.0,0.0,0,1,1,1,155,411,411,411,67806240768,67806240768,67806240768,6.07,0.021,0.9,0.1,0.35,0.65,0.35,0.65
Qwen/Qwen2.5-7B-Instruct,NVIDIA GeForce RTX 5060 Ti,42,MultiFieldQA-en,12,16,528,semantic,47.2699,0.0,54.2363,49.4318,0,1,0,0,88,344,344,344,47501017088,47501017088,47501017088,6.07,0.021,0.9,0.1,0.35,0.65,0.35,0.65
Qwen/Qwen2.5-7B-Instruct,NVIDIA GeForce RTX 5060 Ti,42,MultiFieldQA-en,12,16,529,structural,48.9924,50.245,48.0567,0.0,0,0,0,1,73,329,329,329,43448803328,43448803328,43448803328,6.07,0.021,0.9,0.1,0.35,0.65,0.35,0.65
Qwen/Qwen2.5-7B-Instruct,NVIDIA GeForce RTX 5060 Ti,42,MultiFieldQA-en,12,16,530,semantic,48.9679,0.0,0.0,0.0,0,1,1,1,80,336,336,336,45317357568,45317357568,45317357568,6.07,0.021,0.9,0.1,0.35,0.65,0.35,0.65
Qwen/Qwen2.5-7B-Instruct,NVIDIA GeForce RTX 5060 Ti,42,MultiFieldQA-en,12,16,531,structural,51.9274,54.3861,52.9094,0.0,0,0,0,1,68,324,324,324,42138206208,42138206208,42138206208,6.07,0.021,0.9,0.1,0.35,0.65,0.35,0.65
Qwen/Qwen2.5-7B-Instruct,NVIDIA GeForce RTX 5060 Ti,42,MultiFieldQA-en,12,16,532,multi-hop,51.6663,0.0,51.98,51.341,0,1,0,0,135,391,391,391,61367656448,61367656448,61367656448,6.07,0.021,0.9,0.1,0.35,0.65,0.35,0.65
Qwen/Qwen2.5-7B-Instruct,NVIDIA GeForce RTX 5060 Ti,42,MultiFieldQA-en,12,16,533,semantic,41.3047,0.0,0.0,0.0,0,1,1,1,10,266,266,266,28402024448,28402024448,28402024448,6.07,0.021,0.9,0.1,0.35,0.65,0.35,0.65
Qwen/Qwen2.5-7B-Instruct,NVIDIA GeForce RTX 5060 Ti,42,MultiFieldQA-en,12,16,534,multi-hop,49.3809,0.0,0.0,0.0,0,1,1,1,100,356,356,356,50872844288,50872844288,50872844288,6.07,0.021,0.9,0.1,0.35,0.65,0.35,0.65
Qwen/Qwen2.5-7B-Instruct,NVIDIA GeForce RTX 5060 Ti,42,MultiFieldQA-en,12,16,535,multi-hop,52.9864,0.0,0.0,54.0233,0,1,1,0,201,457,457,457,83833659392,83833659392,83833659392,6.07,0.021,0.9,0.1,0.35,0.65,0.35,0.65
Qwen/Qwen2.5-7B-Instruct,NVIDIA GeForce RTX 5060 Ti,42,MultiFieldQA-en,12,16,536,multi-hop,49.7606,54.3132,0.0,0.0,0,0,1,1,144,400,400,400,64225280000,64225280000,64225280000,6.07,0.021,0.9,0.1,0.35,0.65,0.35,0.65
Qwen/Qwen2.5-7B-Instruct,NVIDIA GeForce RTX 5060 Ti,42,MultiFieldQA-en,12,16,537,structural,56.3538,0.0,0.0,0.0,0,1,1,1,103,359,359,359,51733864448,51733864448,51733864448,6.07,0.021,0.9,0.1,0.35,0.65,0.35,0.65
Qwen/Qwen2.5-7B-Instruct,NVIDIA GeForce RTX 5060 Ti,42,MultiFieldQA-en,12,16,538,multi-hop,42.42,0.0,0.0,0.0,0,1,1,1,5,112,141,261,5035261952,7980392448,27344314368,6.07,0.021,0.9,0.1,0.35,0.65,0.35,0.65
Qwen/Qwen2.5-7B-Instruct,NVIDIA GeForce RTX 5060 Ti,42,MultiFieldQA-en,12,16,539,multi-hop,49.2849,0.0,0.0,0.0,0,1,1,1,78,334,334,334,44779470848,44779470848,44779470848,6.07,0.021,0.9,0.1,0.35,0.65,0.35,0.65
Qwen/Qwen2.5-7B-Instruct,NVIDIA GeForce RTX 5060 Ti,42,MultiFieldQA-en,12,16,540,multi-hop,46.0352,0.0,44.4711,0.0,0,1,0,1,51,307,307,307,37832302592,37832302592,37832302592,6.07,0.021,0.9,0.1,0.35,0.65,0.35,0.65
Qwen/Qwen2.5-7B-Instruct,NVIDIA GeForce RTX 5060 Ti,42,MultiFieldQA-en,12,16,541,multi-hop,43.9844,46.1751,46.8871,0.0,0,0,0,1,43,299,299,299,35886276608,35886276608,35886276608,6.07,0.021,0.9,0.1,0.35,0.65,0.35,0.65
Qwen/Qwen2.5-7B-Instruct,NVIDIA GeForce RTX 5060 Ti,42,MultiFieldQA-en,12,16,542,structural,50.3379,52.2971,49.913,0.0,0,0,0,1,99,355,355,355,50587443200,50587443200,50587443200,6.07,0.021,0.9,0.1,0.35,0.65,0.35,0.65
Qwen/Qwen2.5-7B-Instruct,NVIDIA GeForce RTX 5060 Ti,42,MultiFieldQA-en,12,16,543,semantic,49.7212,0.0,0.0,0.0,0,1,1,1,128,384,384,384,59190018048,59190018048,59190018048,6.07,0.021,0.9,0.1,0.35,0.65,0.35,0.65
Qwen/Qwen2.5-7B-Instruct,NVIDIA GeForce RTX 5060 Ti,42,MultiFieldQA-en,12,16,544,structural,39.363,40.5811,79.1844,0.0,0,0,0,1,114,370,370,370,54952755200,54952755200,54952755200,6.07,0.021,0.9,0.1,0.35,0.65,0.35,0.65
Qwen/Qwen2.5-7B-Instruct,NVIDIA GeForce RTX 5060 Ti,42,MultiFieldQA-en,12,16,545,multi-hop,45.0666,0.0,0.0,0.0,0,1,1,1,103,359,359,359,51733864448,51733864448,51733864448,6.07,0.021,0.9,0.1,0.35,0.65,0.35,0.65
Qwen/Qwen2.5-7B-Instruct,NVIDIA GeForce RTX 5060 Ti,42,MultiFieldQA-en,12,16,546,structural,48.4137,50.2999,50.9134,0.0,0,0,0,1,43,299,299,299,35886276608,35886276608,35886276608,6.07,0.021,0.9,0.1,0.35,0.65,0.35,0.65
Qwen/Qwen2.5-7B-Instruct,NVIDIA GeForce RTX 5060 Ti,42,MultiFieldQA-en,12,16,547,multi-hop,66.9234,0.0,0.0,0.0,0,1,1,1,135,391,391,391,61367656448,61367656448,61367656448,6.07,0.021,0.9,0.1,0.35,0.65,0.35,0.65
Qwen/Qwen2.5-7B-Instruct,NVIDIA GeForce RTX 5060 Ti,42,MultiFieldQA-en,12,16,548,multi-hop,54.6045,0.0,0.0,0.0,0,1,1,1,115,371,371,371,55250198528,55250198528,55250198528,6.07,0.021,0.9,0.1,0.35,0.65,0.35,0.65
Qwen/Qwen2.5-7B-Instruct,NVIDIA GeForce RTX 5060 Ti,42,MultiFieldQA-en,12,16,549,multi-hop,50.396,52.5759,0.0,0.0,0,0,1,1,102,358,358,358,51446054912,51446054912,51446054912,6.07,0.021,0.9,0.1,0.35,0.65,0.35,0.65
Qwen/Qwen2.5-7B-Instruct,NVIDIA GeForce RTX 5060 Ti,42,MultiFieldQA-en,12,16,550,multi-hop,50.8356,0.0,0.0,0.0,0,1,1,1,130,386,386,386,59808186368,59808186368,59808186368,6.07,0.021,0.9,0.1,0.35,0.65,0.35,0.65
Qwen/Qwen2.5-7B-Instruct,NVIDIA GeForce RTX 5060 Ti,42,MultiFieldQA-en,12,16,551,semantic,0.0,74.7714,0.0,68.5548,1,0,1,0,114,370,370,370,54952755200,54952755200,54952755200,6.07,0.021,0.9,0.1,0.35,0.65,0.35,0.65
Qwen/Qwen2.5-7B-Instruct,NVIDIA GeForce RTX 5060 Ti,42,MultiFieldQA-en,12,16,552,structural,50.405,0.0,0.0,0.0,0,1,1,1,108,364,364,364,53184954368,53184954368,53184954368,6.07,0.021,0.9,0.1,0.35,0.65,0.35,0.65
Qwen/Qwen2.5-7B-Instruct,NVIDIA GeForce RTX 5060 Ti,42,MultiFieldQA-en,12,16,553,semantic,61.9757,0.0,0.0,0.0,0,1,1,1,15,271,271,271,29479804928,29479804928,29479804928,6.07,0.021,0.9,0.1,0.35,0.65,0.35,0.65
Qwen/Qwen2.5-7B-Instruct,NVIDIA GeForce RTX 5060 Ti,42,MultiFieldQA-en,12,16,554,multi-hop,51.1193,0.0,0.0,0.0,0,1,1,1,73,329,329,329,43448803328,43448803328,43448803328,6.07,0.021,0.9,0.1,0.35,0.65,0.35,0.65
Qwen/Qwen2.5-7B-Instruct,NVIDIA GeForce RTX 5060 Ti,42,MultiFieldQA-en,12,16,555,semantic,50.772,0.0,0.0,0.0,0,1,1,1,137,393,393,393,61997064192,61997064192,61997064192,6.07,0.021,0.9,0.1,0.35,0.65,0.35,0.65
Qwen/Qwen2.5-7B-Instruct,NVIDIA GeForce RTX 5060 Ti,42,MultiFieldQA-en,12,16,556,multi-hop,50.1555,0.0,0.0,0.0,0,1,1,1,105,361,361,361,52311891968,52311891968,52311891968,6.07,0.021,0.9,0.1,0.35,0.65,0.35,0.65
Qwen/Qwen2.5-7B-Instruct,NVIDIA GeForce RTX 5060 Ti,42,MultiFieldQA-en,12,16,557,multi-hop,66.3969,66.5552,66.9824,0.0,0,0,0,1,5,112,141,261,5035261952,7980392448,27344314368,6.07,0.021,0.9,0.1,0.35,0.65,0.35,0.65
Qwen/Qwen2.5-7B-Instruct,NVIDIA GeForce RTX 5060 Ti,42,MultiFieldQA-en,12,16,558,structural,41.7335,47.8482,0.0,0.0,0,0,1,1,111,367,367,367,54065242112,54065242112,54065242112,6.07,0.021,0.9,0.1,0.35,0.65,0.35,0.65
Qwen/Qwen2.5-7B-Instruct,NVIDIA GeForce RTX 5060 Ti,42,MultiFieldQA-en,12,16,559,structural,51.0731,52.4592,51.8961,0.0,0,0,0,1,68,324,324,324,42138206208,42138206208,42138206208,6.07,0.021,0.9,0.1,0.35,0.65,0.35,0.65
Qwen/Qwen2.5-7B-Instruct,NVIDIA GeForce RTX 5060 Ti,42,MultiFieldQA-en,12,16,560,multi-hop,49.43,0.0,0.0,51.0138,0,1,1,0,32,288,288,288,33294385152,33294385152,33294385152,6.07,0.021,0.9,0.1,0.35,0.65,0.35,0.65
Qwen/Qwen2.5-7B-Instruct,NVIDIA GeForce RTX 5060 Ti,42,MultiFieldQA-en,12,16,561,structural,44.9442,45.1513,45.5316,0.0,0,0,0,1,95,351,351,351,49453867008,49453867008,49453867008,6.07,0.021,0.9,0.1,0.35,0.65,0.35,0.65
Qwen/Qwen2.5-7B-Instruct,NVIDIA GeForce RTX 5060 Ti,42,MultiFieldQA-en,12,16,562,semantic,51.3629,0.0,0.0,0.0,0,1,1,1,94,350,350,350,49172480000,49172480000,49172480000,6.07,0.021,0.9,0.1,0.35,0.65,0.35,0.65
Qwen/Qwen2.5-7B-Instruct,NVIDIA GeForce RTX 5060 Ti,42,MultiFieldQA-en,12,16,563,multi-hop,50.5826,0.0,50.6426,0.0,0,1,0,1,127,383,383,383,58882138112,58882138112,58882138112,6.07,0.021,0.9,0.1,0.35,0.65,0.35,0.65
Qwen/Qwen2.5-7B-Instruct,NVIDIA GeForce RTX 5060 Ti,42,MultiFieldQA-en,12,16,564,semantic,43.4792,0.0,44.2937,45.1859,0,1,0,0,81,337,337,337,45587505152,45587505152,45587505152,6.07,0.021,0.9,0.1,0.35,0.65,0.35,0.65
Qwen/Qwen2.5-7B-Instruct,NVIDIA GeForce RTX 5060 Ti,42,MultiFieldQA-en,12,16,565,semantic,49.113,0.0,0.0,0.0,0,1,1,1,142,398,398,398,63584632832,63584632832,63584632832,6.07,0.021,0.9,0.1,0.35,0.65,0.35,0.65
Qwen/Qwen2.5-7B-Instruct,NVIDIA GeForce RTX 5060 Ti,42,MultiFieldQA-en,12,16,566,structural,0.0,0.0,0.0,0.0,1,1,1,1,41,297,297,297,35407798272,35407798272,35407798272,6.07,0.021,0.9,0.1,0.35,0.65,0.35,0.65
Qwen/Qwen2.5-7B-Instruct,NVIDIA GeForce RTX 5060 Ti,42,MultiFieldQA-en,12,16,567,semantic,47.2145,0.0,47.7326,47.6404,0,1,0,0,78,334,334,334,44779470848,44779470848,44779470848,6.07,0.021,0.9,0.1,0.35,0.65,0.35,0.65
Qwen/Qwen2.5-7B-Instruct,NVIDIA GeForce RTX 5060 Ti,42,MultiFieldQA-en,12,16,568,multi-hop,46.552,48.5681,0.0,0.0,0,0,1,1,83,339,339,339,46130208768,46130208768,46130208768,6.07,0.021,0.9,0.1,0.35,0.65,0.35,0.65
Qwen/Qwen2.5-7B-Instruct,NVIDIA GeForce RTX 5060 Ti,42,MultiFieldQA-en,12,16,569,multi-hop,40.9664,0.0,42.4738,41.6929,0,1,0,0,106,362,362,362,52602109952,52602109952,52602109952,6.07,0.021,0.9,0.1,0.35,0.65,0.35,0.65
Qwen/Qwen2.5-7B-Instruct,NVIDIA GeForce RTX 5060 Ti,42,MultiFieldQA-en,12,16,570,multi-hop,48.4484,48.6629,47.3173,0.0,0,0,0,1,6,262,262,262,27554250752,27554250752,27554250752,6.07,0.021,0.9,0.1,0.35,0.65,0.35,0.65
Qwen/Qwen2.5-7B-Instruct,NVIDIA GeForce RTX 5060 Ti,42,MultiFieldQA-en,12,16,571,multi-hop,39.4943,41.3601,40.8702,0.0,0,0,0,1,102,358,358,358,51446054912,51446054912,51446054912,6.07,0.021,0.9,0.1,0.35,0.65,0.35,0.65
Qwen/Qwen2.5-7B-Instruct,NVIDIA GeForce RTX 5060 Ti,42,MultiFieldQA-en,12,16,572,multi-hop,47.5056,0.0,0.0,0.0,0,1,1,1,127,383,383,383,58882138112,58882138112,58882138112,6.07,0.021,0.9,0.1,0.35,0.65,0.35,0.65
Qwen/Qwen2.5-7B-Instruct,NVIDIA GeForce RTX 5060 Ti,42,MultiFieldQA-en,12,16,573,multi-hop,52.5626,0.0,0.0,0.0,0,1,1,1,96,352,352,352,49736056832,49736056832,49736056832,6.07,0.021,0.9,0.1,0.35,0.65,0.35,0.65
Qwen/Qwen2.5-7B-Instruct,NVIDIA GeForce RTX 5060 Ti,42,MultiFieldQA-en,12,16,574,semantic,48.2736,0.0,0.0,0.0,0,1,1,1,72,328,328,328,43185078272,43185078272,43185078272,6.07,0.021,0.9,0.1,0.35,0.65,0.35,0.65
Qwen/Qwen2.5-7B-Instruct,NVIDIA GeForce RTX 5060 Ti,42,MultiFieldQA-en,12,16,575,multi-hop,63.7879,64.9441,0.0,0.0,0,0,1,1,20,276,276,276,30577655808,30577655808,30577655808,6.07,0.021,0.9,0.1,0.35,0.65,0.35,0.65
Qwen/Qwen2.5-7B-Instruct,NVIDIA GeForce RTX 5060 Ti,42,MultiFieldQA-en,12,16,576,structural,45.871,48.2005,48.8952,0.0,0,0,0,1,21,277,277,277,30799634432,30799634432,30799634432,6.07,0.021,0.9,0.1,0.35,0.65,0.35,0.65
Qwen/Qwen2.5-7B-Instruct,NVIDIA GeForce RTX 5060 Ti,42,MultiFieldQA-en,12,16,577,multi-hop,62.7063,0.0,66.2189,65.4893,0,1,0,0,48,304,304,304,37096521728,37096521728,37096521728,6.07,0.021,0.9,0.1,0.35,0.65,0.35,0.65
Qwen/Qwen2.5-7B-Instruct,NVIDIA GeForce RTX 5060 Ti,42,MultiFieldQA-en,12,16,578,structural,41.7608,0.0,0.0,0.0,0,1,1,1,124,380,380,380,57963315200,57963315200,57963315200,6.07,0.021,0.9,0.1,0.35,0.65,0.35,0.65
Qwen/Qwen2.5-7B-Instruct,NVIDIA GeForce RTX 5060 Ti,42,MultiFieldQA-en,12,16,579,multi-hop,46.9651,49.0777,46.8121,0.0,0,0,0,1,93,349,349,349,48891895808,48891895808,48891895808,6.07,0.021,0.9,0.1,0.35,0.65,0.35,0.65
Qwen/Qwen2.5-7B-Instruct,NVIDIA GeForce RTX 5060 Ti,42,MultiFieldQA-en,12,16,580,multi-hop,42.295,0.0,0.0,42.6376,0,1,1,0,99,355,355,355,50587443200,50587443200,50587443200,6.07,0.021,0.9,0.1,0.35,0.65,0.35,0.65
Qwen/Qwen2.5-7B-Instruct,NVIDIA GeForce RTX 5060 Ti,42,MultiFieldQA-en,12,16,581,semantic,46.2316,0.0,0.0,0.0,0,1,1,1,101,357,357,357,51159048192,51159048192,51159048192,6.07,0.021,0.9,0.1,0.35,0.65,0.35,0.65
Qwen/Qwen2.5-7B-Instruct,NVIDIA GeForce RTX 5060 Ti,42,MultiFieldQA-en,12,16,582,semantic,46.9404,0.0,0.0,0.0,0,1,1,1,92,348,348,348,48612114432,48612114432,48612114432,6.07,0.021,0.9,0.1,0.35,0.65,0.35,0.65
Qwen/Qwen2.5-7B-Instruct,NVIDIA GeForce RTX 5060 Ti,42,MultiFieldQA-en,12,16,583,multi-hop,47.9448,49.6322,48.5527,0.0,0,0,0,1,86,342,342,342,46950285312,46950285312,46950285312,6.07,0.021,0.9,0.1,0.35,0.65,0.35,0.65
Qwen/Qwen2.5-7B-Instruct,NVIDIA GeForce RTX 5060 Ti,42,MultiFieldQA-en,12,16,584,multi-hop,47.72,49.0349,49.2011,0.0,0,0,0,1,85,341,341,341,46676123648,46676123648,46676123648,6.07,0.021,0.9,0.1,0.35,0.65,0.35,0.65
Qwen/Qwen2.5-7B-Instruct,NVIDIA GeForce RTX 5060 Ti,42,MultiFieldQA-en,12,16,585,multi-hop,48.5147,0.0,0.0,0.0,0,1,1,1,101,357,357,357,51159048192,51159048192,51159048192,6.07,0.021,0.9,0.1,0.35,0.65,0.35,0.65
Qwen/Qwen2.5-7B-Instruct,NVIDIA GeForce RTX 5060 Ti,42,MultiFieldQA-en,12,16,586,semantic,64.642,0.0,0.0,0.0,0,1,1,1,114,370,370,370,54952755200,54952755200,54952755200,6.07,0.021,0.9,0.1,0.35,0.65,0.35,0.65
Qwen/Qwen2.5-7B-Instruct,NVIDIA GeForce RTX 5060 Ti,42,MultiFieldQA-en,12,16,587,semantic,64.3976,0.0,0.0,64.7499,0,1,1,0,125,381,381,381,58268786688,58268786688,58268786688,6.07,0.021,0.9,0.1,0.35,0.65,0.35,0.65
Qwen/Qwen2.5-7B-Instruct,NVIDIA GeForce RTX 5060 Ti,42,MultiFieldQA-en,12,16,588,multi-hop,52.3533,47.4375,47.9711,47.4844,0,0,0,0,1,28,28,71,314703872,314703872,2023497728,6.07,0.021,0.9,0.1,0.35,0.65,0.35,0.65
Qwen/Qwen2.5-7B-Instruct,NVIDIA GeForce RTX 5060 Ti,42,MultiFieldQA-en,12,16,589,semantic,47.5838,0.0,0.0,0.0,0,1,1,1,73,329,329,329,43448803328,43448803328,43448803328,6.07,0.021,0.9,0.1,0.35,0.65,0.35,0.65
Qwen/Qwen2.5-7B-Instruct,NVIDIA GeForce RTX 5060 Ti,42,MultiFieldQA-en,12,16,590,structural,68.4336,65.4527,0.0,0.0,0,0,1,1,42,298,298,298,35646636032,35646636032,35646636032,6.07,0.021,0.9,0.1,0.35,0.65,0.35,0.65
Qwen/Qwen2.5-7B-Instruct,NVIDIA GeForce RTX 5060 Ti,42,MultiFieldQA-en,12,16,591,semantic,46.552,0.0,0.0,47.7002,0,1,1,0,122,378,378,378,57354780672,57354780672,57354780672,6.07,0.021,0.9,0.1,0.35,0.65,0.35,0.65
Qwen/Qwen2.5-7B-Instruct,NVIDIA GeForce RTX 5060 Ti,42,MultiFieldQA-en,12,16,592,structural,47.8936,49.6302,0.0,0.0,0,0,1,1,51,307,307,307,37832302592,37832302592,37832302592,6.07,0.021,0.9,0.1,0.35,0.65,0.35,0.65
Qwen/Qwen2.5-7B-Instruct,NVIDIA GeForce RTX 5060 Ti,42,MultiFieldQA-en,12,16,593,semantic,48.3244,0.0,0.0,0.0,0,1,1,1,141,397,397,397,63265513472,63265513472,63265513472,6.07,0.021,0.9,0.1,0.35,0.65,0.35,0.65
Qwen/Qwen2.5-7B-Instruct,NVIDIA GeForce RTX 5060 Ti,42,MultiFieldQA-en,12,16,594,structural,52.9246,49.498,48.0687,0.0,0,0,0,1,5,261,261,261,27344314368,27344314368,27344314368,6.07,0.021,0.9,0.1,0.35,0.65,0.35,0.65
Qwen/Qwen2.5-7B-Instruct,NVIDIA GeForce RTX 5060 Ti,42,MultiFieldQA-en,12,16,595,multi-hop,47.6623,51.4866,0.0,0.0,0,0,1,1,81,337,337,337,45587505152,45587505152,45587505152,6.07,0.021,0.9,0.1,0.35,0.65,0.35,0.65
Qwen/Qwen2.5-7B-Instruct,NVIDIA GeForce RTX 5060 Ti,42,MultiFieldQA-en,12,16,596,multi-hop,50.4266,52.4191,0.0,0.0,0,0,1,1,92,348,348,348,48612114432,48612114432,48612114432,6.07,0.021,0.9,0.1,0.35,0.65,0.35,0.65
Qwen/Qwen2.5-7B-Instruct,NVIDIA GeForce RTX 5060 Ti,42,MultiFieldQA-en,12,16,597,semantic,47.7406,0.0,49.0351,0.0,0,1,0,1,85,341,341,341,46676123648,46676123648,46676123648,6.07,0.021,0.9,0.1,0.35,0.65,0.35,0.65
Qwen/Qwen2.5-7B-Instruct,NVIDIA GeForce RTX 5060 Ti,42,MultiFieldQA-en,12,16,598,multi-hop,48.5121,50.6972,49.3335,0.0,0,0,0,1,21,277,277,277,30799634432,30799634432,30799634432,6.07,0.021,0.9,0.1,0.35,0.65,0.35,0.65
Qwen/Qwen2.5-7B-Instruct,NVIDIA GeForce RTX 5060 Ti,42,MultiFieldQA-en,12,16,599,multi-hop,44.2035,0.0,45.0827,45.0461,0,1,0,0,83,339,339,339,46130208768,46130208768,46130208768,6.07,0.021,0.9,0.1,0.35,0.65,0.35,0.65
Qwen/Qwen2.5-7B-Instruct,NVIDIA GeForce RTX 5060 Ti,42,MultiFieldQA-en,14,16,0,structural,43.4434,44.6104,49.9405,0.0,0,0,0,1,107,363,363,363,52893130752,52893130752,52893130752,6.07,0.021,0.9,0.1,0.35,0.65,0.35,0.65
Qwen/Qwen2.5-7B-Instruct,NVIDIA GeForce RTX 5060 Ti,42,MultiFieldQA-en,14,16,1,multi-hop,42.0597,45.5898,42.7874,0.0,0,0,0,1,114,370,370,370,54952755200,54952755200,54952755200,6.07,0.021,0.9,0.1,0.35,0.65,0.35,0.65
Qwen/Qwen2.5-7B-Instruct,NVIDIA GeForce RTX 5060 Ti,42,MultiFieldQA-en,14,16,2,multi-hop,50.2703,0.0,52.2919,0.0,0,1,0,1,91,347,347,347,48333135872,48333135872,48333135872,6.07,0.021,0.9,0.1,0.35,0.65,0.35,0.65
Qwen/Qwen2.5-7B-Instruct,NVIDIA GeForce RTX 5060 Ti,42,MultiFieldQA-en,14,16,3,semantic,40.7007,0.0,42.2176,0.0,0,1,0,1,85,341,341,341,46676123648,46676123648,46676123648,6.07,0.021,0.9,0.1,0.35,0.65,0.35,0.65
Qwen/Qwen2.5-7B-Instruct,NVIDIA GeForce RTX 5060 Ti,42,MultiFieldQA-en,14,16,4,structural,48.5142,49.7258,48.3324,0.0,0,0,0,1,65,321,321,321,41361481728,41361481728,41361481728,6.07,0.021,0.9,0.1,0.35,0.65,0.35,0.65
Qwen/Qwen2.5-7B-Instruct,NVIDIA GeForce RTX 5060 Ti,42,MultiFieldQA-en,14,16,5,multi-hop,47.81,0.0,0.0,50.2025,0,1,1,0,119,375,375,375,56448000000,56448000000,56448000000,6.07,0.021,0.9,0.1,0.35,0.65,0.35,0.65
Qwen/Qwen2.5-7B-Instruct,NVIDIA GeForce RTX 5060 Ti,42,MultiFieldQA-en,14,16,6,structural,49.2509,0.0,0.0,0.0,0,1,1,1,156,412,412,412,68136599552,68136599552,68136599552,6.07,0.021,0.9,0.1,0.35,0.65,0.35,0.65
Qwen/Qwen2.5-7B-Instruct,NVIDIA GeForce RTX 5060 Ti,42,MultiFieldQA-en,14,16,7,multi-hop,48.3121,50.9652,0.0,0.0,0,0,1,1,144,400,400,400,64225280000,64225280000,64225280000,6.07,0.021,0.9,0.1,0.35,0.65,0.35,0.65
Qwen/Qwen2.5-7B-Instruct,NVIDIA GeForce RTX 5060 Ti,42,MultiFieldQA-en,14,16,8,multi-hop,47.9274,0.0,0.0,49.2346,0,1,1,0,108,364,364,364,53184954368,53184954368,53184954368,6.07,0.021,0.9,0.1,0.35,0.65,0.35,0.65
Qwen/Qwen2.5-7B-Instruct,NVIDIA GeForce RTX 5060 Ti,42,MultiFieldQA-en,14,16,9,structural,54.0879,51.0562,51.2112,0.0,0,0,0,1,102,358,358,358,51446054912,51446054912,51446054912,6.07,0.021,0.9,0.1,0.35,0.65,0.35,0.65
Qwen/Qwen2.5-7B-Instruct,NVIDIA GeForce RTX 5060 Ti,42,MultiFieldQA-en,14,16,10,multi-hop,51.2734,0.0,50.8049,50.9552,0,1,0,0,127,383,383,383,58882138112,58882138112,58882138112,6.07,0.021,0.9,0.1,0.35,0.65,0.35,0.65
Qwen/Qwen2.5-7B-Instruct,NVIDIA GeForce RTX 5060 Ti,42,MultiFieldQA-en,14,16,11,semantic,49.8325,0.0,0.0,0.0,0,1,1,1,91,347,347,347,48333135872,48333135872,48333135872,6.07,0.021,0.9,0.1,0.35,0.65,0.35,0.65
Qwen/Qwen2.5-7B-Instruct,NVIDIA GeForce RTX 5060 Ti,42,MultiFieldQA-en,14,16,12,semantic,49.9932,0.0,0.0,0.0,0,1,1,1,119,375,375,375,56448000000,56448000000,56448000000,6.07,0.021,0.9,0.1,0.35,0.65,0.35,0.65
Qwen/Qwen2.5-7B-Instruct,NVIDIA GeForce RTX 5060 Ti,42,MultiFieldQA-en,14,16,13,semantic,79.824,0.0,0.0,52.128,0,1,1,0,27,283,283,283,32148365312,32148365312,32148365312,6.07,0.021,0.9,0.1,0.35,0.65,0.35,0.65
Qwen/Qwen2.5-7B-Instruct,NVIDIA GeForce RTX 5060 Ti,42,MultiFieldQA-en,14,16,14,multi-hop,50.6839,0.0,0.0,50.5435,0,1,1,0,101,357,357,357,51159048192,51159048192,51159048192,6.07,0.021,0.9,0.1,0.35,0.65,0.35,0.65
Qwen/Qwen2.5-7B-Instruct,NVIDIA GeForce RTX 5060 Ti,42,MultiFieldQA-en,14,16,15,structural,50.6798,0.0,0.0,0.0,0,1,1,1,43,299,299,299,35886276608,35886276608,35886276608,6.07,0.021,0.9,0.1,0.35,0.65,0.35,0.65
Qwen/Qwen2.5-7B-Instruct,NVIDIA GeForce RTX 5060 Ti,42,MultiFieldQA-en,14,16,16,structural,50.6027,0.0,0.0,0.0,0,1,1,1,119,375,375,375,56448000000,56448000000,56448000000,6.07,0.021,0.9,0.1,0.35,0.65,0.35,0.65
Qwen/Qwen2.5-7B-Instruct,NVIDIA GeForce RTX 5060 Ti,42,MultiFieldQA-en,14,16,17,semantic,46.9243,0.0,0.0,0.0,0,1,1,1,121,377,377,377,57051717632,57051717632,57051717632,6.07,0.021,0.9,0.1,0.35,0.65,0.35,0.65
Qwen/Qwen2.5-7B-Instruct,NVIDIA GeForce RTX 5060 Ti,42,MultiFieldQA-en,14,16,18,semantic,42.7941,0.0,0.0,0.0,0,1,1,1,90,346,346,346,48054960128,48054960128,48054960128,6.07,0.021,0.9,0.1,0.35,0.65,0.35,0.65
Qwen/Qwen2.5-7B-Instruct,NVIDIA GeForce RTX 5060 Ti,42,MultiFieldQA-en,14,16,19,multi-hop,43.1107,43.773,0.0,0.0,0,0,1,1,125,381,381,381,58268786688,58268786688,58268786688,6.07,0.021,0.9,0.1,0.35,0.65,0.35,0.65
Qwen/Qwen2.5-7B-Instruct,NVIDIA GeForce RTX 5060 Ti,42,MultiFieldQA-en,14,16,20,multi-hop,51.4581,53.4238,52.3459,0.0,0,0,0,1,150,406,406,406,66166489088,66166489088,66166489088,6.07,0.021,0.9,0.1,0.35,0.65,0.35,0.65
Qwen/Qwen2.5-7B-Instruct,NVIDIA GeForce RTX 5060 Ti,42,MultiFieldQA-en,14,16,21,multi-hop,43.5585,0.0,0.0,0.0,0,1,1,1,73,329,329,329,43448803328,43448803328,43448803328,6.07,0.021,0.9,0.1,0.35,0.65,0.35,0.65
Qwen/Qwen2.5-7B-Instruct,NVIDIA GeForce RTX 5060 Ti,42,MultiFieldQA-en,14,16,22,structural,49.0729,51.0574,50.8571,0.0,0,0,0,1,83,339,339,339,46130208768,46130208768,46130208768,6.07,0.021,0.9,0.1,0.35,0.65,0.35,0.65
Qwen/Qwen2.5-7B-Instruct,NVIDIA GeForce RTX 5060 Ti,42,MultiFieldQA-en,14,16,23,semantic,48.6726,0.0,0.0,0.0,0,1,1,1,65,321,321,321,41361481728,41361481728,41361481728,6.07,0.021,0.9,0.1,0.35,0.65,0.35,0.65
Qwen/Qwen2.5-7B-Instruct,NVIDIA GeForce RTX 5060 Ti,42,MultiFieldQA-en,14,16,24,semantic,43.8362,0.0,0.0,0.0,0,1,1,1,43,299,299,299,35886276608,35886276608,35886276608,6.07,0.021,0.9,0.1,0.35,0.65,0.35,0.65
Qwen/Qwen2.5-7B-Instruct,NVIDIA GeForce RTX 5060 Ti,42,MultiFieldQA-en,14,16,25,multi-hop,55.1931,0.0,0.0,50.7552,0,1,1,0,103,359,359,359,51733864448,51733864448,51733864448,6.07,0.021,0.9,0.1,0.35,0.65,0.35,0.65
Qwen/Qwen2.5-7B-Instruct,NVIDIA GeForce RTX 5060 Ti,42,MultiFieldQA-en,14,16,26,multi-hop,88.4509,0.0,87.9639,86.6835,0,1,0,0,4,260,260,260,27135180800,27135180800,27135180800,6.07,0.021,0.9,0.1,0.35,0.65,0.35,0.65
Qwen/Qwen2.5-7B-Instruct,NVIDIA GeForce RTX 5060 Ti,42,MultiFieldQA-en,14,16,27,multi-hop,49.1897,51.963,50.3039,0.0,0,0,0,1,110,366,366,366,53771010048,53771010048,53771010048,6.07,0.021,0.9,0.1,0.35,0.65,0.35,0.65
Qwen/Qwen2.5-7B-Instruct,NVIDIA GeForce RTX 5060 Ti,42,MultiFieldQA-en,14,16,28,semantic,39.0501,0.0,0.0,0.0,0,1,1,1,1,38,82,38,579633152,2699067392,579633152,6.07,0.021,0.9,0.1,0.35,0.65,0.35,0.65
Qwen/Qwen2.5-7B-Instruct,NVIDIA GeForce RTX 5060 Ti,42,MultiFieldQA-en,14,16,29,structural,39.9404,0.0,0.0,0.0,0,1,1,1,26,282,259,282,31921569792,26926850048,31921569792,6.07,0.021,0.9,0.1,0.35,0.65,0.35,0.65
Qwen/Qwen2.5-7B-Instruct,NVIDIA GeForce RTX 5060 Ti,42,MultiFieldQA-en,14,16,30,multi-hop,0.0,0.0,0.0,0.0,1,1,1,1,119,375,375,375,56448000000,56448000000,56448000000,6.07,0.021,0.9,0.1,0.35,0.65,0.35,0.65
Qwen/Qwen2.5-7B-Instruct,NVIDIA GeForce RTX 5060 Ti,42,MultiFieldQA-en,14,16,31,multi-hop,0.0,0.0,0.0,0.0,1,1,1,1,1,38,82,257,579633152,2699067392,26512596992,6.07,0.021,0.9,0.1,0.35,0.65,0.35,0.65
Qwen/Qwen2.5-7B-Instruct,NVIDIA GeForce RTX 5060 Ti,42,MultiFieldQA-en,14,16,32,semantic,48.428,0.0,0.0,0.0,0,1,1,1,73,329,329,329,43448803328,43448803328,43448803328,6.07,0.021,0.9,0.1,0.35,0.65,0.35,0.65
Qwen/Qwen2.5-7B-Instruct,NVIDIA GeForce RTX 5060 Ti,42,MultiFieldQA-en,14,16,33,structural,65.8508,0.0,0.0,0.0,0,1,1,1,111,367,367,367,54065242112,54065242112,54065242112,6.07,0.021,0.9,0.1,0.35,0.65,0.35,0.65
Qwen/Qwen2.5-7B-Instruct,NVIDIA GeForce RTX 5060 Ti,42,MultiFieldQA-en,14,16,34,structural,43.0551,47.2484,42.6393,0.0,0,0,0,1,107,363,363,363,52893130752,52893130752,52893130752,6.07,0.021,0.9,0.1,0.35,0.65,0.35,0.65
Qwen/Qwen2.5-7B-Instruct,NVIDIA GeForce RTX 5060 Ti,42,MultiFieldQA-en,14,16,35,semantic,48.6102,0.0,0.0,0.0,0,1,1,1,88,344,344,344,47501017088,47501017088,47501017088,6.07,0.021,0.9,0.1,0.35,0.65,0.35,0.65
Qwen/Qwen2.5-7B-Instruct,NVIDIA GeForce RTX 5060 Ti,42,MultiFieldQA-en,14,16,36,structural,43.4155,0.0,0.0,0.0,0,1,1,1,104,360,360,360,52022476800,52022476800,52022476800,6.07,0.021,0.9,0.1,0.35,0.65,0.35,0.65
Qwen/Qwen2.5-7B-Instruct,NVIDIA GeForce RTX 5060 Ti,42,MultiFieldQA-en,14,16,37,multi-hop,43.6647,0.0,90.3945,46.8954,0,1,0,0,106,362,362,362,52602109952,52602109952,52602109952,6.07,0.021,0.9,0.1,0.35,0.65,0.35,0.65
Qwen/Qwen2.5-7B-Instruct,NVIDIA GeForce RTX 5060 Ti,42,MultiFieldQA-en,14,16,38,multi-hop,43.1392,0.0,0.0,0.0,0,1,1,1,134,390,390,390,61054156800,61054156800,61054156800,6.07,0.021,0.9,0.1,0.35,0.65,0.35,0.65
Qwen/Qwen2.5-7B-Instruct,NVIDIA GeForce RTX 5060 Ti,42,MultiFieldQA-en,14,16,39,multi-hop,39.5607,42.4534,41.7924,0.0,0,0,0,1,177,433,433,433,75259584512,75259584512,75259584512,6.07,0.021,0.9,0.1,0.35,0.65,0.35,0.65
Qwen/Qwen2.5-7B-Instruct,NVIDIA GeForce RTX 5060 Ti,42,MultiFieldQA-en,14,16,40,semantic,43.1847,0.0,0.0,0.0,0,1,1,1,35,291,291,291,33991630848,33991630848,33991630848,6.07,0.021,0.9,0.1,0.35,0.65,0.35,0.65
Qwen/Qwen2.5-7B-Instruct,NVIDIA GeForce RTX 5060 Ti,42,MultiFieldQA-en,14,16,41,multi-hop,47.8143,50.809,0.0,0.0,0,0,1,1,110,366,366,366,53771010048,53771010048,53771010048,6.07,0.021,0.9,0.1,0.35,0.65,0.35,0.65
Qwen/Qwen2.5-7B-Instruct,NVIDIA GeForce RTX 5060 Ti,42,MultiFieldQA-en,14,16,42,semantic,42.8602,44.6543,44.1502,0.0,0,0,0,1,107,363,363,363,52893130752,52893130752,52893130752,6.07,0.021,0.9,0.1,0.35,0.65,0.35,0.65
Qwen/Qwen2.5-7B-Instruct,NVIDIA GeForce RTX 5060 Ti,42,MultiFieldQA-en,14,16,43,semantic,49.8994,0.0,50.3192,0.0,0,1,0,1,93,349,349,349,48891895808,48891895808,48891895808,6.07,0.021,0.9,0.1,0.35,0.65,0.35,0.65
Qwen/Qwen2.5-7B-Instruct,NVIDIA GeForce RTX 5060 Ti,42,MultiFieldQA-en,14,16,44,multi-hop,40.1106,40.4927,39.6675,0.0,0,0,0,1,120,376,376,376,56749457408,56749457408,56749457408,6.07,0.021,0.9,0.1,0.35,0.65,0.35,0.65
Qwen/Qwen2.5-7B-Instruct,NVIDIA GeForce RTX 5060 Ti,42,MultiFieldQA-en,14,16,45,structural,46.9987,0.0,0.0,0.0,0,1,1,1,115,371,371,371,55250198528,55250198528,55250198528,6.07,0.021,0.9,0.1,0.35,0.65,0.35,0.65
Qwen/Qwen2.5-7B-Instruct,NVIDIA GeForce RTX 5060 Ti,42,MultiFieldQA-en,14,16,46,structural,42.5195,43.5492,42.4817,0.0,0,0,0,1,43,299,299,299,35886276608,35886276608,35886276608,6.07,0.021,0.9,0.1,0.35,0.65,0.35,0.65
Qwen/Qwen2.5-7B-Instruct,NVIDIA GeForce RTX 5060 Ti,42,MultiFieldQA-en,14,16,47,semantic,48.3608,0.0,0.0,0.0,0,1,1,1,111,367,367,367,54065242112,54065242112,54065242112,6.07,0.021,0.9,0.1,0.35,0.65,0.35,0.65
Qwen/Qwen2.5-7B-Instruct,NVIDIA GeForce RTX 5060 Ti,42,MultiFieldQA-en,14,16,48,multi-hop,48.1389,0.0,51.4868,51.0602,0,1,0,0,110,366,366,366,53771010048,53771010048,53771010048,6.07,0.021,0.9,0.1,0.35,0.65,0.35,0.65
Qwen/Qwen2.5-7B-Instruct,NVIDIA GeForce RTX 5060 Ti,42,MultiFieldQA-en,14,16,49,structural,49.3664,56.7368,50.279,0.0,0,0,0,1,113,369,369,369,54656114688,54656114688,54656114688,6.07,0.021,0.9,0.1,0.35,0.65,0.35,0.65
Qwen/Qwen2.5-7B-Instruct,NVIDIA GeForce RTX 5060 Ti,42,MultiFieldQA-en,14,16,50,multi-hop,44.4405,0.0,0.0,0.0,0,1,1,1,80,336,336,336,45317357568,45317357568,45317357568,6.07,0.021,0.9,0.1,0.35,0.65,0.35,0.65
Qwen/Qwen2.5-7B-Instruct,NVIDIA GeForce RTX 5060 Ti,42,MultiFieldQA-en,14,16,51,structural,41.4389,48.2613,0.0,0.0,0,0,1,1,112,368,368,368,54360276992,54360276992,54360276992,6.07,0.021,0.9,0.1,0.35,0.65,0.35,0.65
Qwen/Qwen2.5-7B-Instruct,NVIDIA GeForce RTX 5060 Ti,42,MultiFieldQA-en,14,16,52,semantic,44.1559,0.0,0.0,0.0,0,1,1,1,99,355,355,355,50587443200,50587443200,50587443200,6.07,0.021,0.9,0.1,0.35,0.65,0.35,0.65
Qwen/Qwen2.5-7B-Instruct,NVIDIA GeForce RTX 5060 Ti,42,MultiFieldQA-en,14,16,53,structural,66.1235,66.8349,65.6852,0.0,0,0,0,1,5,116,145,261,5401346048,8439603200,27344314368,6.07,0.021,0.9,0.1,0.35,0.65,0.35,0.65
Qwen/Qwen2.5-7B-Instruct,NVIDIA GeForce RTX 5060 Ti,42,MultiFieldQA-en,14,16,54,structural,47.9114,50.1326,54.6585,0.0,0,0,0,1,101,357,357,357,51159048192,51159048192,51159048192,6.07,0.021,0.9,0.1,0.35,0.65,0.35,0.65
Qwen/Qwen2.5-7B-Instruct,NVIDIA GeForce RTX 5060 Ti,42,MultiFieldQA-en,14,16,55,semantic,49.5471,0.0,0.0,0.0,0,1,1,1,55,311,311,311,38824583168,38824583168,38824583168,6.07,0.021,0.9,0.1,0.35,0.65,0.35,0.65
Qwen/Qwen2.5-7B-Instruct,NVIDIA GeForce RTX 5060 Ti,42,MultiFieldQA-en,14,16,56,multi-hop,66.4384,0.0,0.0,72.1568,0,1,1,0,121,377,377,377,57051717632,57051717632,57051717632,6.07,0.021,0.9,0.1,0.35,0.65,0.35,0.65
Qwen/Qwen2.5-7B-Instruct,NVIDIA GeForce RTX 5060 Ti,42,MultiFieldQA-en,14,16,57,structural,50.8871,51.5711,52.0109,0.0,0,0,0,1,102,358,358,358,51446054912,51446054912,51446054912,6.07,0.021,0.9,0.1,0.35,0.65,0.35,0.65
Qwen/Qwen2.5-7B-Instruct,NVIDIA GeForce RTX 5060 Ti,42,MultiFieldQA-en,14,16,58,multi-hop,41.8106,0.0,48.7741,42.22,0,1,0,0,23,279,279,279,31246000128,31246000128,31246000128,6.07,0.021,0.9,0.1,0.35,0.65,0.35,0.65
Qwen/Qwen2.5-7B-Instruct,NVIDIA GeForce RTX 5060 Ti,42,MultiFieldQA-en,14,16,59,semantic,51.2985,0.0,0.0,0.0,0,1,1,1,102,358,358,358,51446054912,51446054912,51446054912,6.07,0.021,0.9,0.1,0.35,0.65,0.35,0.65
Qwen/Qwen2.5-7B-Instruct,NVIDIA GeForce RTX 5060 Ti,42,MultiFieldQA-en,14,16,60,semantic,42.4028,0.0,49.2147,42.7734,0,1,0,0,10,266,266,266,28402024448,28402024448,28402024448,6.07,0.021,0.9,0.1,0.35,0.65,0.35,0.65
Qwen/Qwen2.5-7B-Instruct,NVIDIA GeForce RTX 5060 Ti,42,MultiFieldQA-en,14,16,61,structural,43.8795,44.7879,43.5294,0.0,0,0,0,1,149,405,405,405,65840947200,65840947200,65840947200,6.07,0.021,0.9,0.1,0.35,0.65,0.35,0.65
Qwen/Qwen2.5-7B-Instruct,NVIDIA GeForce RTX 5060 Ti,42,MultiFieldQA-en,14,16,62,semantic,66.5856,0.0,0.0,0.0,0,1,1,1,136,392,392,392,61681958912,61681958912,61681958912,6.07,0.021,0.9,0.1,0.35,0.65,0.35,0.65
Qwen/Qwen2.5-7B-Instruct,NVIDIA GeForce RTX 5060 Ti,42,MultiFieldQA-en,14,16,63,multi-hop,43.7869,0.0,0.0,0.0,0,1,1,1,68,324,324,324,42138206208,42138206208,42138206208,6.07,0.021,0.9,0.1,0.35,0.65,0.35,0.65
Qwen/Qwen2.5-7B-Instruct,NVIDIA GeForce RTX 5060 Ti,42,MultiFieldQA-en,14,16,64,multi-hop,49.1196,0.0,0.0,0.0,0,1,1,1,144,400,400,400,64225280000,64225280000,64225280000,6.07,0.021,0.9,0.1,0.35,0.65,0.35,0.65
Qwen/Qwen2.5-7B-Instruct,NVIDIA GeForce RTX 5060 Ti,42,MultiFieldQA-en,14,16,65,multi-hop,68.4676,66.3892,67.8293,0.0,0,0,0,1,5,116,145,261,5401346048,8439603200,27344314368,6.07,0.021,0.9,0.1,0.35,0.65,0.35,0.65
Qwen/Qwen2.5-7B-Instruct,NVIDIA GeForce RTX 5060 Ti,42,MultiFieldQA-en,14,16,66,multi-hop,0.0,0.0,0.0,0.0,1,1,1,1,124,380,380,380,57963315200,57963315200,57963315200,6.07,0.021,0.9,0.1,0.35,0.65,0.35,0.65
Qwen/Qwen2.5-7B-Instruct,NVIDIA GeForce RTX 5060 Ti,42,MultiFieldQA-en,14,16,67,semantic,49.5956,0.0,0.0,51.3089,0,1,1,0,27,283,283,283,32148365312,32148365312,32148365312,6.07,0.021,0.9,0.1,0.35,0.65,0.35,0.65
Qwen/Qwen2.5-7B-Instruct,NVIDIA GeForce RTX 5060 Ti,42,MultiFieldQA-en,14,16,68,structural,48.3621,0.0,54.0405,0.0,0,1,0,1,85,341,341,341,46676123648,46676123648,46676123648,6.07,0.021,0.9,0.1,0.35,0.65,0.35,0.65
Qwen/Qwen2.5-7B-Instruct,NVIDIA GeForce RTX 5060 Ti,42,MultiFieldQA-en,14,16,69,multi-hop,50.9696,0.0,51.8704,52.1562,0,1,0,0,111,367,367,367,54065242112,54065242112,54065242112,6.07,0.021,0.9,0.1,0.35,0.65,0.35,0.65
Qwen/Qwen2.5-7B-Instruct,NVIDIA GeForce RTX 5060 Ti,42,MultiFieldQA-en,14,16,70,structural,66.3199,71.4714,0.0,0.0,0,0,1,1,11,267,267,267,28615974912,28615974912,28615974912,6.07,0.021,0.9,0.1,0.35,0.65,0.35,0.65
Qwen/Qwen2.5-7B-Instruct,NVIDIA GeForce RTX 5060 Ti,42,MultiFieldQA-en,14,16,71,multi-hop,42.1585,45.4936,44.3806,0.0,0,0,0,1,47,303,303,303,36852867072,36852867072,36852867072,6.07,0.021,0.9,0.1,0.35,0.65,0.35,0.65
Qwen/Qwen2.5-7B-Instruct,NVIDIA GeForce RTX 5060 Ti,42,MultiFieldQA-en,14,16,72,semantic,66.8491,0.0,0.0,0.0,0,1,1,1,127,383,383,383,58882138112,58882138112,58882138112,6.07,0.021,0.9,0.1,0.35,0.65,0.35,0.65
Qwen/Qwen2.5-7B-Instruct,NVIDIA GeForce RTX 5060 Ti,42,MultiFieldQA-en,14,16,73,multi-hop,51.3084,0.0,0.0,0.0,0,1,1,1,143,399,399,399,63904555008,63904555008,63904555008,6.07,0.021,0.9,0.1,0.35,0.65,0.35,0.65
Qwen/Qwen2.5-7B-Instruct,NVIDIA GeForce RTX 5060 Ti,42,MultiFieldQA-en,14,16,74,multi-hop,50.0504,0.0,0.0,0.0,0,1,1,1,73,329,329,329,43448803328,43448803328,43448803328,6.07,0.021,0.9,0.1,0.35,0.65,0.35,0.65
Qwen/Qwen2.5-7B-Instruct,NVIDIA GeForce RTX 5060 Ti,42,MultiFieldQA-en,14,16,75,structural,43.0826,47.7315,42.7763,45.2132,0,0,0,0,109,365,365,365,53477580800,53477580800,53477580800,6.07,0.021,0.9,0.1,0.35,0.65,0.35,0.65
Qwen/Qwen2.5-7B-Instruct,NVIDIA GeForce RTX 5060 Ti,42,MultiFieldQA-en,14,16,76,multi-hop,48.7418,0.0,0.0,0.0,0,1,1,1,125,381,381,381,58268786688,58268786688,58268786688,6.07,0.021,0.9,0.1,0.35,0.65,0.35,0.65
Qwen/Qwen2.5-7B-Instruct,NVIDIA GeForce RTX 5060 Ti,42,MultiFieldQA-en,14,16,77,semantic,51.9873,0.0,0.0,0.0,0,1,1,1,110,366,366,366,53771010048,53771010048,53771010048,6.07,0.021,0.9,0.1,0.35,0.65,0.35,0.65
Qwen/Qwen2.5-7B-Instruct,NVIDIA GeForce RTX 5060 Ti,42,MultiFieldQA-en,14,16,78,semantic,43.4556,0.0,44.1634,0.0,0,1,0,1,45,301,301,301,36367966208,36367966208,36367966208,6.07,0.021,0.9,0.1,0.35,0.65,0.35,0.65
Qwen/Qwen2.5-7B-Instruct,NVIDIA GeForce RTX 5060 Ti,42,MultiFieldQA-en,14,16,79,semantic,49.8858,0.0,0.0,0.0,0,1,1,1,37,293,293,293,34460475392,34460475392,34460475392,6.07,0.021,0.9,0.1,0.35,0.65,0.35,0.65
Qwen/Qwen2.5-7B-Instruct,NVIDIA GeForce RTX 5060 Ti,42,MultiFieldQA-en,14,16,80,structural,66.207,68.0857,67.6526,0.0,0,0,0,1,96,352,352,352,49736056832,49736056832,49736056832,6.07,0.021,0.9,0.1,0.35,0.65,0.35,0.65
Qwen/Qwen2.5-7B-Instruct,NVIDIA GeForce RTX 5060 Ti,42,MultiFieldQA-en,14,16,81,multi-hop,66.1134,0.0,0.0,0.0,0,1,1,1,23,279,279,279,31246000128,31246000128,31246000128,6.07,0.021,0.9,0.1,0.35,0.65,0.35,0.65
Qwen/Qwen2.5-7B-Instruct,NVIDIA GeForce RTX 5060 Ti,42,MultiFieldQA-en,14,16,82,multi-hop,51.6134,0.0,0.0,0.0,0,1,1,1,101,357,357,357,51159048192,51159048192,51159048192,6.07,0.021,0.9,0.1,0.35,0.65,0.35,0.65
Qwen/Qwen2.5-7B-Instruct,NVIDIA GeForce RTX 5060 Ti,42,MultiFieldQA-en,14,16,83,structural,49.06,50.657,0.0,0.0,0,0,1,1,13,269,269,269,29046284288,29046284288,29046284288,6.07,0.021,0.9,0.1,0.35,0.65,0.35,0.65
Qwen/Qwen2.5-7B-Instruct,NVIDIA GeForce RTX 5060 Ti,42,MultiFieldQA-en,14,16,84,semantic,50.0243,0.0,0.0,0.0,0,1,1,1,83,339,339,339,46130208768,46130208768,46130208768,6.07,0.021,0.9,0.1,0.35,0.65,0.35,0.65
Qwen/Qwen2.5-7B-Instruct,NVIDIA GeForce RTX 5060 Ti,42,MultiFieldQA-en,14,16,85,semantic,49.9359,0.0,0.0,0.0,0,1,1,1,91,347,347,347,48333135872,48333135872,48333135872,6.07,0.021,0.9,0.1,0.35,0.65,0.35,0.65
Qwen/Qwen2.5-7B-Instruct,NVIDIA GeForce RTX 5060 Ti,42,MultiFieldQA-en,14,16,86,multi-hop,43.4481,0.0,43.7414,44.4581,0,1,0,0,21,277,277,277,30799634432,30799634432,30799634432,6.07,0.021,0.9,0.1,0.35,0.65,0.35,0.65
Qwen/Qwen2.5-7B-Instruct,NVIDIA GeForce RTX 5060 Ti,42,MultiFieldQA-en,14,16,87,multi-hop,51.0057,0.0,0.0,0.0,0,1,1,1,114,370,370,370,54952755200,54952755200,54952755200,6.07,0.021,0.9,0.1,0.35,0.65,0.35,0.65
Qwen/Qwen2.5-7B-Instruct,NVIDIA GeForce RTX 5060 Ti,42,MultiFieldQA-en,14,16,88,multi-hop,48.6783,53.5275,49.5356,0.0,0,0,0,1,25,281,281,281,31695577088,31695577088,31695577088,6.07,0.021,0.9,0.1,0.35,0.65,0.35,0.65
Qwen/Qwen2.5-7B-Instruct,NVIDIA GeForce RTX 5060 Ti,42,MultiFieldQA-en,14,16,89,multi-hop,51.1076,0.0,0.0,0.0,0,1,1,1,85,341,341,341,46676123648,46676123648,46676123648,6.07,0.021,0.9,0.1,0.35,0.65,0.35,0.65
Qwen/Qwen2.5-7B-Instruct,NVIDIA GeForce RTX 5060 Ti,42,MultiFieldQA-en,14,16,90,semantic,51.9814,0.0,0.0,0.0,0,1,1,1,94,350,350,350,49172480000,49172480000,49172480000,6.07,0.021,0.9,0.1,0.35,0.65,0.35,0.65
Qwen/Qwen2.5-7B-Instruct,NVIDIA GeForce RTX 5060 Ti,42,MultiFieldQA-en,14,16,91,multi-hop,48.7482,0.0,0.0,0.0,0,1,1,1,87,343,343,343,47225249792,47225249792,47225249792,6.07,0.021,0.9,0.1,0.35,0.65,0.35,0.65
Qwen/Qwen2.5-7B-Instruct,NVIDIA GeForce RTX 5060 Ti,42,MultiFieldQA-en,14,16,92,semantic,89.0936,0.0,86.3428,0.0,0,1,0,1,4,260,260,260,27135180800,27135180800,27135180800,6.07,0.021,0.9,0.1,0.35,0.65,0.35,0.65
Qwen/Qwen2.5-7B-Instruct,NVIDIA GeForce RTX 5060 Ti,42,MultiFieldQA-en,14,16,93,semantic,0.0,0.0,0.0,0.0,1,1,1,1,100,356,356,356,50872844288,50872844288,50872844288,6.07,0.021,0.9,0.1,0.35,0.65,0.35,0.65
Qwen/Qwen2.5-7B-Instruct,NVIDIA GeForce RTX 5060 Ti,42,MultiFieldQA-en,14,16,94,semantic,49.9146,0.0,52.0805,49.2667,0,1,0,0,127,383,383,383,58882138112,58882138112,58882138112,6.07,0.021,0.9,0.1,0.35,0.65,0.35,0.65
Qwen/Qwen2.5-7B-Instruct,NVIDIA GeForce RTX 5060 Ti,42,MultiFieldQA-en,14,16,95,semantic,50.4794,0.0,0.0,0.0,0,1,1,1,101,357,357,357,51159048192,51159048192,51159048192,6.07,0.021,0.9,0.1,0.35,0.65,0.35,0.65
Qwen/Qwen2.5-7B-Instruct,NVIDIA GeForce RTX 5060 Ti,42,MultiFieldQA-en,14,16,96,multi-hop,0.0,0.0,0.0,0.0,1,1,1,1,114,370,370,370,54952755200,54952755200,54952755200,6.07,0.021,0.9,0.1,0.35,0.65,0.35,0.65
Qwen/Qwen2.5-7B-Instruct,NVIDIA GeForce RTX 5060 Ti,42,MultiFieldQA-en,14,16,97,structural,49.7708,51.6574,49.1903,0.0,0,0,0,1,86,342,342,342,46950285312,46950285312,46950285312,6.07,0.021,0.9,0.1,0.35,0.65,0.35,0.65
Qwen/Qwen2.5-7B-Instruct,NVIDIA GeForce RTX 5060 Ti,42,MultiFieldQA-en,14,16,98,multi-hop,43.0575,0.0,0.0,43.8552,0,1,1,0,73,329,329,329,43448803328,43448803328,43448803328,6.07,0.021,0.9,0.1,0.35,0.65,0.35,0.65
Qwen/Qwen2.5-7B-Instruct,NVIDIA GeForce RTX 5060 Ti,42,MultiFieldQA-en,14,16,99,semantic,50.2233,0.0,0.0,0.0,0,1,1,1,114,370,370,370,54952755200,54952755200,54952755200,6.07,0.021,0.9,0.1,0.35,0.65,0.35,0.65
Qwen/Qwen2.5-7B-Instruct,NVIDIA GeForce RTX 5060 Ti,42,MultiFieldQA-en,14,16,100,semantic,70.1519,0.0,0.0,0.0,0,1,1,1,138,394,394,394,62312972288,62312972288,62312972288,6.07,0.021,0.9,0.1,0.35,0.65,0.35,0.65
Qwen/Qwen2.5-7B-Instruct,NVIDIA GeForce RTX 5060 Ti,42,MultiFieldQA-en,14,16,101,multi-hop,65.4713,70.1266,0.0,0.0,0,0,1,1,39,295,295,295,34932531200,34932531200,34932531200,6.07,0.021,0.9,0.1,0.35,0.65,0.35,0.65
Qwen/Qwen2.5-7B-Instruct,NVIDIA GeForce RTX 5060 Ti,42,MultiFieldQA-en,14,16,102,multi-hop,67.3061,0.0,0.0,69.1763,0,1,1,0,158,414,414,414,68799725568,68799725568,68799725568,6.07,0.021,0.9,0.1,0.35,0.65,0.35,0.65
Qwen/Qwen2.5-7B-Instruct,NVIDIA GeForce RTX 5060 Ti,42,MultiFieldQA-en,14,16,103,semantic,49.1283,0.0,0.0,0.0,0,1,1,1,78,334,334,334,44779470848,44779470848,44779470848,6.07,0.021,0.9,0.1,0.35,0.65,0.35,0.65
Qwen/Qwen2.5-7B-Instruct,NVIDIA GeForce RTX 5060 Ti,42,MultiFieldQA-en,14,16,104,multi-hop,48.8706,0.0,0.0,0.0,0,1,1,1,109,365,365,365,53477580800,53477580800,53477580800,6.07,0.021,0.9,0.1,0.35,0.65,0.35,0.65
Qwen/Qwen2.5-7B-Instruct,NVIDIA GeForce RTX 5060 Ti,42,MultiFieldQA-en,14,16,105,semantic,50.6495,0.0,0.0,0.0,0,1,1,1,142,398,398,398,63584632832,63584632832,63584632832,6.07,0.021,0.9,0.1,0.35,0.65,0.35,0.65
Qwen/Qwen2.5-7B-Instruct,NVIDIA GeForce RTX 5060 Ti,42,MultiFieldQA-en,14,16,106,semantic,50.2823,0.0,0.0,0.0,0,1,1,1,103,359,359,359,51733864448,51733864448,51733864448,6.07,0.021,0.9,0.1,0.35,0.65,0.35,0.65
Qwen/Qwen2.5-7B-Instruct,NVIDIA GeForce RTX 5060 Ti,42,MultiFieldQA-en,14,16,107,structural,66.9926,65.8066,65.2096,68.7509,0,0,0,0,1,38,82,257,579633152,2699067392,26512596992,6.07,0.021,0.9,0.1,0.35,0.65,0.35,0.65
Qwen/Qwen2.5-7B-Instruct,NVIDIA GeForce RTX 5060 Ti,42,MultiFieldQA-en,14,16,108,structural,41.4823,0.0,0.0,0.0,0,1,1,1,107,363,363,363,52893130752,52893130752,52893130752,6.07,0.021,0.9,0.1,0.35,0.65,0.35,0.65
Qwen/Qwen2.5-7B-Instruct,NVIDIA GeForce RTX 5060 Ti,42,MultiFieldQA-en,14,16,109,multi-hop,49.6533,0.0,0.0,0.0,0,1,1,1,86,342,342,342,46950285312,46950285312,46950285312,6.07,0.021,0.9,0.1,0.35,0.65,0.35,0.65
Qwen/Qwen2.5-7B-Instruct,NVIDIA GeForce RTX 5060 Ti,42,MultiFieldQA-en,14,16,110,multi-hop,49.3562,51.5642,0.0,0.0,0,0,1,1,58,314,314,314,39577223168,39577223168,39577223168,6.07,0.021,0.9,0.1,0.35,0.65,0.35,0.65
Qwen/Qwen2.5-7B-Instruct,NVIDIA GeForce RTX 5060 Ti,42,MultiFieldQA-en,14,16,111,multi-hop,39.8836,41.865,41.1403,0.0,0,0,0,1,113,369,369,369,54656114688,54656114688,54656114688,6.07,0.021,0.9,0.1,0.35,0.65,0.35,0.65
Qwen/Qwen2.5-7B-Instruct,NVIDIA GeForce RTX 5060 Ti,42,MultiFieldQA-en,14,16,112,semantic,48.4835,51.0877,51.9113,0.0,0,0,0,1,110,366,366,366,53771010048,53771010048,53771010048,6.07,0.021,0.9,0.1,0.35,0.65,0.35,0.65
Qwen/Qwen2.5-7B-Instruct,NVIDIA GeForce RTX 5060 Ti,42,MultiFieldQA-en,14,16,113,multi-hop,48.5823,0.0,0.0,0.0,0,1,1,1,97,353,353,353,50019049472,50019049472,50019049472,6.07,0.021,0.9,0.1,0.35,0.65,0.35,0.65
Qwen/Qwen2.5-7B-Instruct,NVIDIA GeForce RTX 5060 Ti,42,MultiFieldQA-en,14,16,114,multi-hop,70.4032,0.0,67.9565,67.5298,0,1,0,0,48,304,304,304,37096521728,37096521728,37096521728,6.07,0.021,0.9,0.1,0.35,0.65,0.35,0.65
Qwen/Qwen2.5-7B-Instruct,NVIDIA GeForce RTX 5060 Ti,42,MultiFieldQA-en,14,16,115,multi-hop,71.9581,68.9345,69.2849,0.0,0,0,0,1,23,279,279,279,31246000128,31246000128,31246000128,6.07,0.021,0.9,0.1,0.35,0.65,0.35,0.65
Qwen/Qwen2.5-7B-Instruct,NVIDIA GeForce RTX 5060 Ti,42,MultiFieldQA-en,14,16,116,semantic,49.0383,0.0,0.0,51.5862,0,1,1,0,27,283,283,283,32148365312,32148365312,32148365312,6.07,0.021,0.9,0.1,0.35,0.65,0.35,0.65
Qwen/Qwen2.5-7B-Instruct,NVIDIA GeForce RTX 5060 Ti,42,MultiFieldQA-en,14,16,117,multi-hop,86.1322,0.0,0.0,0.0,0,1,1,1,125,381,381,381,58268786688,58268786688,58268786688,6.07,0.021,0.9,0.1,0.35,0.65,0.35,0.65
Qwen/Qwen2.5-7B-Instruct,NVIDIA GeForce RTX 5060 Ti,42,MultiFieldQA-en,14,16,118,multi-hop,49.319,0.0,0.0,50.6978,0,1,1,0,61,317,317,317,40337088512,40337088512,40337088512,6.07,0.021,0.9,0.1,0.35,0.65,0.35,0.65
Qwen/Qwen2.5-7B-Instruct,NVIDIA GeForce RTX 5060 Ti,42,MultiFieldQA-en,14,16,119,multi-hop,49.6756,50.5937,50.8408,0.0,0,0,0,1,86,342,342,342,46950285312,46950285312,46950285312,6.07,0.021,0.9,0.1,0.35,0.65,0.35,0.65
Qwen/Qwen2.5-7B-Instruct,NVIDIA GeForce RTX 5060 Ti,42,MultiFieldQA-en,14,16,120,structural,51.0557,0.0,0.0,0.0,0,1,1,1,55,311,311,311,38824583168,38824583168,38824583168,6.07,0.021,0.9,0.1,0.35,0.65,0.35,0.65
Qwen/Qwen2.5-7B-Instruct,NVIDIA GeForce RTX 5060 Ti,42,MultiFieldQA-en,14,16,121,multi-hop,67.6077,0.0,0.0,0.0,0,1,1,1,152,408,408,408,66819981312,66819981312,66819981312,6.07,0.021,0.9,0.1,0.35,0.65,0.35,0.65
Qwen/Qwen2.5-7B-Instruct,NVIDIA GeForce RTX 5060 Ti,42,MultiFieldQA-en,14,16,122,semantic,48.3758,0.0,0.0,0.0,0,1,1,1,108,364,364,364,53184954368,53184954368,53184954368,6.07,0.021,0.9,0.1,0.35,0.65,0.35,0.65
Qwen/Qwen2.5-7B-Instruct,NVIDIA GeForce RTX 5060 Ti,42,MultiFieldQA-en,14,16,123,semantic,53.4934,0.0,0.0,0.0,0,1,1,1,151,407,407,407,66492833792,66492833792,66492833792,6.07,0.021,0.9,0.1,0.35,0.65,0.35,0.65
Qwen/Qwen2.5-7B-Instruct,NVIDIA GeForce RTX 5060 Ti,42,MultiFieldQA-en,14,16,124,multi-hop,50.4856,0.0,0.0,0.0,0,1,1,1,91,347,347,347,48333135872,48333135872,48333135872,6.07,0.021,0.9,0.1,0.35,0.65,0.35,0.65
Qwen/Qwen2.5-7B-Instruct,NVIDIA GeForce RTX 5060 Ti,42,MultiFieldQA-en,14,16,125,semantic,49.3004,0.0,0.0,0.0,0,1,1,1,96,352,352,352,49736056832,49736056832,49736056832,6.07,0.021,0.9,0.1,0.35,0.65,0.35,0.65
Qwen/Qwen2.5-7B-Instruct,NVIDIA GeForce RTX 5060 Ti,42,MultiFieldQA-en,14,16,126,semantic,70.2865,0.0,68.8666,71.5873,0,1,0,0,125,381,381,381,58268786688,58268786688,58268786688,6.07,0.021,0.9,0.1,0.35,0.65,0.35,0.65
Qwen/Qwen2.5-7B-Instruct,NVIDIA GeForce RTX 5060 Ti,42,MultiFieldQA-en,14,16,127,multi-hop,54.6125,49.3117,48.7519,50.1079,0,0,0,0,1,38,82,236,579633152,2699067392,22356819968,6.07,0.021,0.9,0.1,0.35,0.65,0.35,0.65
Qwen/Qwen2.5-7B-Instruct,NVIDIA GeForce RTX 5060 Ti,42,MultiFieldQA-en,14,16,128,multi-hop,42.8775,53.2156,45.2539,0.0,0,0,0,1,94,350,350,350,49172480000,49172480000,49172480000,6.07,0.021,0.9,0.1,0.35,0.65,0.35,0.65
Qwen/Qwen2.5-7B-Instruct,NVIDIA GeForce RTX 5060 Ti,42,MultiFieldQA-en,14,16,129,structural,44.2662,44.8552,43.4712,0.0,0,0,0,1,138,394,394,394,62312972288,62312972288,62312972288,6.07,0.021,0.9,0.1,0.35,0.65,0.35,0.65
Qwen/Qwen2.5-7B-Instruct,NVIDIA GeForce RTX 5060 Ti,42,MultiFieldQA-en,14,16,130,semantic,66.1857,0.0,0.0,67.5555,0,1,1,0,114,370,370,370,54952755200,54952755200,54952755200,6.07,0.021,0.9,0.1,0.35,0.65,0.35,0.65
Qwen/Qwen2.5-7B-Instruct,NVIDIA GeForce RTX 5060 Ti,42,MultiFieldQA-en,14,16,131,semantic,65.4963,0.0,0.0,0.0,0,1,1,1,117,373,373,373,55847493632,55847493632,55847493632,6.07,0.021,0.9,0.1,0.35,0.65,0.35,0.65
Qwen/Qwen2.5-7B-Instruct,NVIDIA GeForce RTX 5060 Ti,42,MultiFieldQA-en,14,16,132,semantic,88.0867,0.0,89.0399,0.0,0,1,0,1,58,314,314,314,39577223168,39577223168,39577223168,6.07,0.021,0.9,0.1,0.35,0.65,0.35,0.65
Qwen/Qwen2.5-7B-Instruct,NVIDIA GeForce RTX 5060 Ti,42,MultiFieldQA-en,14,16,133,multi-hop,49.2874,0.0,0.0,0.0,0,1,1,1,101,357,357,357,51159048192,51159048192,51159048192,6.07,0.021,0.9,0.1,0.35,0.65,0.35,0.65
Qwen/Qwen2.5-7B-Instruct,NVIDIA GeForce RTX 5060 Ti,42,MultiFieldQA-en,14,16,134,structural,50.4431,0.0,0.0,0.0,0,1,1,1,99,355,355,355,50587443200,50587443200,50587443200,6.07,0.021,0.9,0.1,0.35,0.65,0.35,0.65
Qwen/Qwen2.5-7B-Instruct,NVIDIA GeForce RTX 5060 Ti,42,MultiFieldQA-en,14,16,135,multi-hop,68.7652,0.0,0.0,0.0,0,1,1,1,150,406,406,406,66166489088,66166489088,66166489088,6.07,0.021,0.9,0.1,0.35,0.65,0.35,0.65
Qwen/Qwen2.5-7B-Instruct,NVIDIA GeForce RTX 5060 Ti,42,MultiFieldQA-en,14,16,136,semantic,43.7729,0.0,0.0,0.0,0,1,1,1,71,327,327,327,42922156032,42922156032,42922156032,6.07,0.021,0.9,0.1,0.35,0.65,0.35,0.65
Qwen/Qwen2.5-7B-Instruct,NVIDIA GeForce RTX 5060 Ti,42,MultiFieldQA-en,14,16,137,semantic,43.4107,0.0,0.0,0.0,0,1,1,1,15,271,271,271,29479804928,29479804928,29479804928,6.07,0.021,0.9,0.1,0.35,0.65,0.35,0.65
Qwen/Qwen2.5-7B-Instruct,NVIDIA GeForce RTX 5060 Ti,42,MultiFieldQA-en,14,16,138,semantic,48.8787,0.0,49.7112,0.0,0,1,0,1,85,341,341,341,46676123648,46676123648,46676123648,6.07,0.021,0.9,0.1,0.35,0.65,0.35,0.65
Qwen/Qwen2.5-7B-Instruct,NVIDIA GeForce RTX 5060 Ti,42,MultiFieldQA-en,14,16,139,multi-hop,51.3646,51.114,50.812,0.0,0,0,0,1,130,386,386,386,59808186368,59808186368,59808186368,6.07,0.021,0.9,0.1,0.35,0.65,0.35,0.65
Qwen/Qwen2.5-7B-Instruct,NVIDIA GeForce RTX 5060 Ti,42,MultiFieldQA-en,14,16,140,structural,0.0,0.0,0.0,0.0,1,1,1,1,26,282,282,282,31921569792,31921569792,31921569792,6.07,0.021,0.9,0.1,0.35,0.65,0.35,0.65
Qwen/Qwen2.5-7B-Instruct,NVIDIA GeForce RTX 5060 Ti,42,MultiFieldQA-en,14,16,141,semantic,63.5997,0.0,0.0,0.0,0,1,1,1,102,358,358,358,51446054912,51446054912,51446054912,6.07,0.021,0.9,0.1,0.35,0.65,0.35,0.65
Qwen/Qwen2.5-7B-Instruct,NVIDIA GeForce RTX 5060 Ti,42,MultiFieldQA-en,14,16,142,multi-hop,54.0996,58.4333,52.253,0.0,0,0,0,1,1,38,82,257,579633152,2699067392,26512596992,6.07,0.021,0.9,0.1,0.35,0.65,0.35,0.65
Qwen/Qwen2.5-7B-Instruct,NVIDIA GeForce RTX 5060 Ti,42,MultiFieldQA-en,14,16,143,semantic,52.0174,0.0,0.0,0.0,0,1,1,1,156,412,412,412,68136599552,68136599552,68136599552,6.07,0.021,0.9,0.1,0.35,0.65,0.35,0.65
Qwen/Qwen2.5-7B-Instruct,NVIDIA GeForce RTX 5060 Ti,42,MultiFieldQA-en,14,16,144,multi-hop,0.0,0.0,0.0,51.3977,1,1,1,0,102,358,358,358,51446054912,51446054912,51446054912,6.07,0.021,0.9,0.1,0.35,0.65,0.35,0.65
Qwen/Qwen2.5-7B-Instruct,NVIDIA GeForce RTX 5060 Ti,42,MultiFieldQA-en,14,16,145,multi-hop,49.0716,0.0,0.0,0.0,0,1,1,1,65,321,321,321,41361481728,41361481728,41361481728,6.07,0.021,0.9,0.1,0.35,0.65,0.35,0.65
Qwen/Qwen2.5-7B-Instruct,NVIDIA GeForce RTX 5060 Ti,42,MultiFieldQA-en,14,16,146,multi-hop,51.4639,0.0,0.0,0.0,0,1,1,1,100,356,356,356,50872844288,50872844288,50872844288,6.07,0.021,0.9,0.1,0.35,0.65,0.35,0.65
Qwen/Qwen2.5-7B-Instruct,NVIDIA GeForce RTX 5060 Ti,42,MultiFieldQA-en,14,16,147,multi-hop,50.1116,0.0,0.0,49.8317,0,1,1,0,103,359,359,359,51733864448,51733864448,51733864448,6.07,0.021,0.9,0.1,0.35,0.65,0.35,0.65
Qwen/Qwen2.5-7B-Instruct,NVIDIA GeForce RTX 5060 Ti,42,MultiFieldQA-en,14,16,148,multi-hop,85.3672,0.0,0.0,0.0,0,1,1,1,146,402,402,402,64869138432,64869138432,64869138432,6.07,0.021,0.9,0.1,0.35,0.65,0.35,0.65
Qwen/Qwen2.5-7B-Instruct,NVIDIA GeForce RTX 5060 Ti,42,MultiFieldQA-en,14,16,149,multi-hop,49.0808,49.7449,47.516,0.0,0,0,0,1,65,321,321,321,41361481728,41361481728,41361481728,6.07,0.021,0.9,0.1,0.35,0.65,0.35,0.65
Qwen/Qwen2.5-7B-Instruct,NVIDIA GeForce RTX 5060 Ti,42,MultiFieldQA-en,14,16,150,semantic,51.4566,0.0,0.0,0.0,0,1,1,1,104,360,360,360,52022476800,52022476800,52022476800,6.07,0.021,0.9,0.1,0.35,0.65,0.35,0.65
Qwen/Qwen2.5-7B-Instruct,NVIDIA GeForce RTX 5060 Ti,42,MultiFieldQA-en,14,16,151,structural,43.1711,43.8475,42.9658,0.0,0,0,0,1,114,370,370,370,54952755200,54952755200,54952755200,6.07,0.021,0.9,0.1,0.35,0.65,0.35,0.65
Qwen/Qwen2.5-7B-Instruct,NVIDIA GeForce RTX 5060 Ti,42,MultiFieldQA-en,14,16,152,structural,50.6109,0.0,0.0,0.0,0,1,1,1,95,351,351,351,49453867008,49453867008,49453867008,6.07,0.021,0.9,0.1,0.35,0.65,0.35,0.65
Qwen/Qwen2.5-7B-Instruct,NVIDIA GeForce RTX 5060 Ti,42,MultiFieldQA-en,14,16,153,structural,49.4047,48.9865,48.2376,0.0,0,0,0,1,1,38,82,257,579633152,2699067392,26512596992,6.07,0.021,0.9,0.1,0.35,0.65,0.35,0.65
Qwen/Qwen2.5-7B-Instruct,NVIDIA GeForce RTX 5060 Ti,42,MultiFieldQA-en,14,16,154,multi-hop,0.0,46.2477,48.4516,0.0,1,0,0,1,114,370,370,370,54952755200,54952755200,54952755200,6.07,0.021,0.9,0.1,0.35,0.65,0.35,0.65
Qwen/Qwen2.5-7B-Instruct,NVIDIA GeForce RTX 5060 Ti,42,MultiFieldQA-en,14,16,155,multi-hop,0.0,0.0,0.0,54.5606,1,1,1,0,107,363,363,363,52893130752,52893130752,52893130752,6.07,0.021,0.9,0.1,0.35,0.65,0.35,0.65
Qwen/Qwen2.5-7B-Instruct,NVIDIA GeForce RTX 5060 Ti,42,MultiFieldQA-en,14,16,156,structural,52.0884,51.6779,0.0,0.0,0,0,1,1,88,344,344,344,47501017088,47501017088,47501017088,6.07,0.021,0.9,0.1,0.35,0.65,0.35,0.65
Qwen/Qwen2.5-7B-Instruct,NVIDIA GeForce RTX 5060 Ti,42,MultiFieldQA-en,14,16,157,multi-hop,39.4424,0.0,0.0,0.0,0,1,1,1,1,38,82,257,579633152,2699067392,26512596992,6.07,0.021,0.9,0.1,0.35,0.65,0.35,0.65
Qwen/Qwen2.5-7B-Instruct,NVIDIA GeForce RTX 5060 Ti,42,MultiFieldQA-en,14,16,158,multi-hop,68.6028,0.0,0.0,0.0,0,1,1,1,163,419,419,419,70471589888,70471589888,70471589888,6.07,0.021,0.9,0.1,0.35,0.65,0.35,0.65
Qwen/Qwen2.5-7B-Instruct,NVIDIA GeForce RTX 5060 Ti,42,MultiFieldQA-en,14,16,159,structural,43.8936,46.5225,45.8996,0.0,0,0,0,1,78,334,334,334,44779470848,44779470848,44779470848,6.07,0.021,0.9,0.1,0.35,0.65,0.35,0.65
Qwen/Qwen2.5-7B-Instruct,NVIDIA GeForce RTX 5060 Ti,42,MultiFieldQA-en,14,16,160,semantic,49.136,0.0,0.0,0.0,0,1,1,1,122,378,378,378,57354780672,57354780672,57354780672,6.07,0.021,0.9,0.1,0.35,0.65,0.35,0.65
Qwen/Qwen2.5-7B-Instruct,NVIDIA GeForce RTX 5060 Ti,42,MultiFieldQA-en,14,16,161,multi-hop,45.1903,0.0,0.0,0.0,0,1,1,1,86,342,342,342,46950285312,46950285312,46950285312,6.07,0.021,0.9,0.1,0.35,0.65,0.35,0.65
Qwen/Qwen2.5-7B-Instruct,NVIDIA GeForce RTX 5060 Ti,42,MultiFieldQA-en,14,16,162,multi-hop,50.2863,53.7753,52.9899,0.0,0,0,0,1,92,348,348,348,48612114432,48612114432,48612114432,6.07,0.021,0.9,0.1,0.35,0.65,0.35,0.65
Qwen/Qwen2.5-7B-Instruct,NVIDIA GeForce RTX 5060 Ti,42,MultiFieldQA-en,14,16,163,multi-hop,42.2982,44.6157,51.7366,0.0,0,0,0,1,158,414,414,414,68799725568,68799725568,68799725568,6.07,0.021,0.9,0.1,0.35,0.65,0.35,0.65
Qwen/Qwen2.5-7B-Instruct,NVIDIA GeForce RTX 5060 Ti,42,MultiFieldQA-en,14,16,164,semantic,0.0,0.0,0.0,0.0,1,1,1,1,1,38,82,38,579633152,2699067392,579633152,6.07,0.021,0.9,0.1,0.35,0.65,0.35,0.65
Qwen/Qwen2.5-7B-Instruct,NVIDIA GeForce RTX 5060 Ti,42,MultiFieldQA-en,14,16,165,multi-hop,47.7387,0.0,0.0,0.0,0,1,1,1,91,347,347,347,48333135872,48333135872,48333135872,6.07,0.021,0.9,0.1,0.35,0.65,0.35,0.65
Qwen/Qwen2.5-7B-Instruct,NVIDIA GeForce RTX 5060 Ti,42,MultiFieldQA-en,14,16,166,multi-hop,43.2399,0.0,0.0,43.2845,0,1,1,0,35,291,291,291,33991630848,33991630848,33991630848,6.07,0.021,0.9,0.1,0.35,0.65,0.35,0.65
Qwen/Qwen2.5-7B-Instruct,NVIDIA GeForce RTX 5060 Ti,42,MultiFieldQA-en,14,16,167,multi-hop,55.7081,50.0637,49.7751,50.8842,0,0,0,0,1,38,82,236,579633152,2699067392,22356819968,6.07,0.021,0.9,0.1,0.35,0.65,0.35,0.65
Qwen/Qwen2.5-7B-Instruct,NVIDIA GeForce RTX 5060 Ti,42,MultiFieldQA-en,14,16,168,semantic,53.3721,0.0,0.0,0.0,0,1,1,1,106,362,362,362,52602109952,52602109952,52602109952,6.07,0.021,0.9,0.1,0.35,0.65,0.35,0.65
Qwen/Qwen2.5-7B-Instruct,NVIDIA GeForce RTX 5060 Ti,42,MultiFieldQA-en,14,16,169,multi-hop,0.0,39.3801,39.6006,0.0,1,0,0,1,136,392,392,386,61681958912,61681958912,59808186368,6.07,0.021,0.9,0.1,0.35,0.65,0.35,0.65
Qwen/Qwen2.5-7B-Instruct,NVIDIA GeForce RTX 5060 Ti,42,MultiFieldQA-en,14,16,170,multi-hop,67.9801,73.4648,70.007,0.0,0,0,0,1,150,406,406,406,66166489088,66166489088,66166489088,6.07,0.021,0.9,0.1,0.35,0.65,0.35,0.65
Qwen/Qwen2.5-7B-Instruct,NVIDIA GeForce RTX 5060 Ti,42,MultiFieldQA-en,14,16,171,multi-hop,0.0,0.0,0.0,0.0,1,1,1,1,1,38,82,257,579633152,2699067392,26512596992,6.07,0.021,0.9,0.1,0.35,0.65,0.35,0.65
Qwen/Qwen2.5-7B-Instruct,NVIDIA GeForce RTX 5060 Ti,42,MultiFieldQA-en,14,16,172,structural,51.6168,45.8558,45.6045,45.6998,0,0,0,0,92,348,348,348,48612114432,48612114432,48612114432,6.07,0.021,0.9,0.1,0.35,0.65,0.35,0.65
Qwen/Qwen2.5-7B-Instruct,NVIDIA GeForce RTX 5060 Ti,42,MultiFieldQA-en,14,16,173,multi-hop,47.8597,54.8642,50.3658,0.0,0,0,0,1,19,275,275,275,30356480000,30356480000,30356480000,6.07,0.021,0.9,0.1,0.35,0.65,0.35,0.65
Qwen/Qwen2.5-7B-Instruct,NVIDIA GeForce RTX 5060 Ti,42,MultiFieldQA-en,14,16,174,semantic,51.1239,0.0,0.0,0.0,0,1,1,1,86,342,342,342,46950285312,46950285312,46950285312,6.07,0.021,0.9,0.1,0.35,0.65,0.35,0.65
Qwen/Qwen2.5-7B-Instruct,NVIDIA GeForce RTX 5060 Ti,42,MultiFieldQA-en,14,16,175,multi-hop,50.1566,51.2734,0.0,0.0,0,0,1,1,106,362,362,362,52602109952,52602109952,52602109952,6.07,0.021,0.9,0.1,0.35,0.65,0.35,0.65
Qwen/Qwen2.5-7B-Instruct,NVIDIA GeForce RTX 5060 Ti,42,MultiFieldQA-en,14,16,176,multi-hop,49.341,0.0,56.1403,50.7638,0,1,0,0,110,366,366,366,53771010048,53771010048,53771010048,6.07,0.021,0.9,0.1,0.35,0.65,0.35,0.65
Qwen/Qwen2.5-7B-Instruct,NVIDIA GeForce RTX 5060 Ti,42,MultiFieldQA-en,14,16,177,multi-hop,51.081,0.0,0.0,0.0,0,1,1,1,81,337,337,337,45587505152,45587505152,45587505152,6.07,0.021,0.9,0.1,0.35,0.65,0.35,0.65
Qwen/Qwen2.5-7B-Instruct,NVIDIA GeForce RTX 5060 Ti,42,MultiFieldQA-en,14,16,178,structural,67.3686,70.1956,0.0,0.0,0,0,1,1,21,277,277,277,30799634432,30799634432,30799634432,6.07,0.021,0.9,0.1,0.35,0.65,0.35,0.65
Qwen/Qwen2.5-7B-Instruct,NVIDIA GeForce RTX 5060 Ti,42,MultiFieldQA-en,14,16,179,structural,51.8186,0.0,0.0,0.0,0,1,1,1,119,375,375,375,56448000000,56448000000,56448000000,6.07,0.021,0.9,0.1,0.35,0.65,0.35,0.65
Qwen/Qwen2.5-7B-Instruct,NVIDIA GeForce RTX 5060 Ti,42,MultiFieldQA-en,14,16,180,semantic,0.0,0.0,44.0237,43.7838,1,1,0,0,116,372,372,372,55548444672,55548444672,55548444672,6.07,0.021,0.9,0.1,0.35,0.65,0.35,0.65
Qwen/Qwen2.5-7B-Instruct,NVIDIA GeForce RTX 5060 Ti,42,MultiFieldQA-en,14,16,181,structural,49.1377,53.0496,0.0,0.0,0,0,1,1,142,398,398,398,63584632832,63584632832,63584632832,6.07,0.021,0.9,0.1,0.35,0.65,0.35,0.65
Qwen/Qwen2.5-7B-Instruct,NVIDIA GeForce RTX 5060 Ti,42,MultiFieldQA-en,14,16,182,multi-hop,52.0201,0.0,51.0187,52.4291,0,1,0,0,68,324,324,324,42138206208,42138206208,42138206208,6.07,0.021,0.9,0.1,0.35,0.65,0.35,0.65
Qwen/Qwen2.5-7B-Instruct,NVIDIA GeForce RTX 5060 Ti,42,MultiFieldQA-en,14,16,183,multi-hop,39.1136,0.0,0.0,0.0,0,1,1,1,1,38,82,257,579633152,2699067392,26512596992,6.07,0.021,0.9,0.1,0.35,0.65,0.35,0.65
Qwen/Qwen2.5-7B-Instruct,NVIDIA GeForce RTX 5060 Ti,42,MultiFieldQA-en,14,16,184,structural,50.2169,51.2413,50.4167,0.0,0,0,0,1,60,316,316,316,40082997248,40082997248,40082997248,6.07,0.021,0.9,0.1,0.35,0.65,0.35,0.65
Qwen/Qwen2.5-7B-Instruct,NVIDIA GeForce RTX 5060 Ti,42,MultiFieldQA-en,14,16,185,multi-hop,49.1008,0.0,49.9368,49.4709,0,1,0,0,51,307,307,307,37832302592,37832302592,37832302592,6.07,0.021,0.9,0.1,0.35,0.65,0.35,0.65
Qwen/Qwen2.5-7B-Instruct,NVIDIA GeForce RTX 5060 Ti,42,MultiFieldQA-en,14,16,186,semantic,43.9213,0.0,0.0,0.0,0,1,1,1,84,340,340,340,46402764800,46402764800,46402764800,6.07,0.021,0.9,0.1,0.35,0.65,0.35,0.65
Qwen/Qwen2.5-7B-Instruct,NVIDIA GeForce RTX 5060 Ti,42,MultiFieldQA-en,14,16,187,multi-hop,68.0962,68.0185,68.7556,0.0,0,0,0,1,99,355,355,355,50587443200,50587443200,50587443200,6.07,0.021,0.9,0.1,0.35,0.65,0.35,0.65
Qwen/Qwen2.5-7B-Instruct,NVIDIA GeForce RTX 5060 Ti,42,MultiFieldQA-en,14,16,188,multi-hop,44.7283,0.0,0.0,44.7196,0,1,1,0,15,271,271,271,29479804928,29479804928,29479804928,6.07,0.021,0.9,0.1,0.35,0.65,0.35,0.65
Qwen/Qwen2.5-7B-Instruct,NVIDIA GeForce RTX 5060 Ti,42,MultiFieldQA-en,14,16,189,structural,44.2811,43.6378,44.9707,0.0,0,0,0,1,11,267,267,267,28615974912,28615974912,28615974912,6.07,0.021,0.9,0.1,0.35,0.65,0.35,0.65
Qwen/Qwen2.5-7B-Instruct,NVIDIA GeForce RTX 5060 Ti,42,MultiFieldQA-en,14,16,190,structural,50.9412,51.8152,55.7827,0.0,0,0,0,1,106,362,362,362,52602109952,52602109952,52602109952,6.07,0.021,0.9,0.1,0.35,0.65,0.35,0.65
Qwen/Qwen2.5-7B-Instruct,NVIDIA GeForce RTX 5060 Ti,42,MultiFieldQA-en,14,16,191,structural,51.5721,0.0,0.0,0.0,0,1,1,1,112,368,368,368,54360276992,54360276992,54360276992,6.07,0.021,0.9,0.1,0.35,0.65,0.35,0.65
Qwen/Qwen2.5-7B-Instruct,NVIDIA GeForce RTX 5060 Ti,42,MultiFieldQA-en,14,16,192,multi-hop,48.7564,0.0,0.0,0.0,0,1,1,1,59,315,315,315,39829708800,39829708800,39829708800,6.07,0.021,0.9,0.1,0.35,0.65,0.35,0.65
Qwen/Qwen2.5-7B-Instruct,NVIDIA GeForce RTX 5060 Ti,42,MultiFieldQA-en,14,16,193,semantic,51.0114,0.0,0.0,0.0,0,1,1,1,116,372,372,372,55548444672,55548444672,55548444672,6.07,0.021,0.9,0.1,0.35,0.65,0.35,0.65
Qwen/Qwen2.5-7B-Instruct,NVIDIA GeForce RTX 5060 Ti,42,MultiFieldQA-en,14,16,194,multi-hop,48.8404,52.6896,51.1914,0.0,0,0,0,1,19,275,275,275,30356480000,30356480000,30356480000,6.07,0.021,0.9,0.1,0.35,0.65,0.35,0.65
Qwen/Qwen2.5-7B-Instruct,NVIDIA GeForce RTX 5060 Ti,42,MultiFieldQA-en,14,16,195,multi-hop,50.6823,0.0,0.0,0.0,0,1,1,1,93,349,349,349,48891895808,48891895808,48891895808,6.07,0.021,0.9,0.1,0.35,0.65,0.35,0.65
Qwen/Qwen2.5-7B-Instruct,NVIDIA GeForce RTX 5060 Ti,42,MultiFieldQA-en,14,16,196,multi-hop,51.068,0.0,0.0,0.0,0,1,1,1,109,365,365,365,53477580800,53477580800,53477580800,6.07,0.021,0.9,0.1,0.35,0.65,0.35,0.65
Qwen/Qwen2.5-7B-Instruct,NVIDIA GeForce RTX 5060 Ti,42,MultiFieldQA-en,14,16,197,semantic,50.5465,0.0,0.0,0.0,0,1,1,1,80,336,336,336,45317357568,45317357568,45317357568,6.07,0.021,0.9,0.1,0.35,0.65,0.35,0.65
Qwen/Qwen2.5-7B-Instruct,NVIDIA GeForce RTX 5060 Ti,42,MultiFieldQA-en,14,16,198,semantic,49.7406,0.0,0.0,0.0,0,1,1,1,92,348,348,348,48612114432,48612114432,48612114432,6.07,0.021,0.9,0.1,0.35,0.65,0.35,0.65
Qwen/Qwen2.5-7B-Instruct,NVIDIA GeForce RTX 5060 Ti,42,MultiFieldQA-en,14,16,199,semantic,47.3137,0.0,0.0,0.0,0,1,1,1,76,332,332,332,44244795392,44244795392,44244795392,6.07,0.021,0.9,0.1,0.35,0.65,0.35,0.65
Qwen/Qwen2.5-7B-Instruct,NVIDIA GeForce RTX 5060 Ti,42,MultiFieldQA-en,14,16,200,multi-hop,39.5706,39.4064,37.5596,0.0,0,0,0,1,151,407,407,407,66492833792,66492833792,66492833792,6.07,0.021,0.9,0.1,0.35,0.65,0.35,0.65
Qwen/Qwen2.5-7B-Instruct,NVIDIA GeForce RTX 5060 Ti,42,MultiFieldQA-en,14,16,201,multi-hop,66.8083,0.0,0.0,0.0,0,1,1,1,138,394,394,394,62312972288,62312972288,62312972288,6.07,0.021,0.9,0.1,0.35,0.65,0.35,0.65
Qwen/Qwen2.5-7B-Instruct,NVIDIA GeForce RTX 5060 Ti,42,MultiFieldQA-en,14,16,202,semantic,47.0531,0.0,0.0,0.0,0,1,1,1,23,279,279,279,31246000128,31246000128,31246000128,6.07,0.021,0.9,0.1,0.35,0.65,0.35,0.65
Qwen/Qwen2.5-7B-Instruct,NVIDIA GeForce RTX 5060 Ti,42,MultiFieldQA-en,14,16,203,semantic,66.5177,0.0,0.0,0.0,0,1,1,1,53,309,309,309,38326837248,38326837248,38326837248,6.07,0.021,0.9,0.1,0.35,0.65,0.35,0.65
Qwen/Qwen2.5-7B-Instruct,NVIDIA GeForce RTX 5060 Ti,42,MultiFieldQA-en,14,16,204,multi-hop,46.5927,0.0,0.0,0.0,0,1,1,1,104,360,360,360,52022476800,52022476800,52022476800,6.07,0.021,0.9,0.1,0.35,0.65,0.35,0.65
Qwen/Qwen2.5-7B-Instruct,NVIDIA GeForce RTX 5060 Ti,42,MultiFieldQA-en,14,16,205,multi-hop,49.4879,44.7802,0.0,0.0,0,0,1,1,119,375,375,375,56448000000,56448000000,56448000000,6.07,0.021,0.9,0.1,0.35,0.65,0.35,0.65
Qwen/Qwen2.5-7B-Instruct,NVIDIA GeForce RTX 5060 Ti,42,MultiFieldQA-en,14,16,206,multi-hop,50.3444,0.0,0.0,0.0,0,1,1,1,105,361,361,361,52311891968,52311891968,52311891968,6.07,0.021,0.9,0.1,0.35,0.65,0.35,0.65
Qwen/Qwen2.5-7B-Instruct,NVIDIA GeForce RTX 5060 Ti,42,MultiFieldQA-en,14,16,207,multi-hop,47.1622,0.0,0.0,0.0,0,1,1,1,92,348,348,348,48612114432,48612114432,48612114432,6.07,0.021,0.9,0.1,0.35,0.65,0.35,0.65
Qwen/Qwen2.5-7B-Instruct,NVIDIA GeForce RTX 5060 Ti,42,MultiFieldQA-en,14,16,208,semantic,39.1777,0.0,0.0,0.0,0,1,1,1,5,116,145,145,5401346048,8439603200,8439603200,6.07,0.021,0.9,0.1,0.35,0.65,0.35,0.65
Qwen/Qwen2.5-7B-Instruct,NVIDIA GeForce RTX 5060 Ti,42,MultiFieldQA-en,14,16,209,semantic,43.9953,0.0,46.7544,0.0,0,1,0,1,247,503,503,503,101559836672,101559836672,101559836672,6.07,0.021,0.9,0.1,0.35,0.65,0.35,0.65
Qwen/Qwen2.5-7B-Instruct,NVIDIA GeForce RTX 5060 Ti,42,MultiFieldQA-en,14,16,210,multi-hop,56.1134,0.0,48.796,49.6388,0,1,0,0,78,334,334,334,44779470848,44779470848,44779470848,6.07,0.021,0.9,0.1,0.35,0.65,0.35,0.65
Qwen/Qwen2.5-7B-Instruct,NVIDIA GeForce RTX 5060 Ti,42,MultiFieldQA-en,14,16,211,multi-hop,50.7241,49.2142,49.9534,0.0,0,0,0,1,1,38,82,257,579633152,2699067392,26512596992,6.07,0.021,0.9,0.1,0.35,0.65,0.35,0.65
Qwen/Qwen2.5-7B-Instruct,NVIDIA GeForce RTX 5060 Ti,42,MultiFieldQA-en,14,16,212,semantic,48.537,0.0,0.0,0.0,0,1,1,1,19,275,275,275,30356480000,30356480000,30356480000,6.07,0.021,0.9,0.1,0.35,0.65,0.35,0.65
Qwen/Qwen2.5-7B-Instruct,NVIDIA GeForce RTX 5060 Ti,42,MultiFieldQA-en,14,16,213,structural,54.4758,0.0,0.0,0.0,0,1,1,1,86,342,342,342,46950285312,46950285312,46950285312,6.07,0.021,0.9,0.1,0.35,0.65,0.35,0.65
Qwen/Qwen2.5-7B-Instruct,NVIDIA GeForce RTX 5060 Ti,42,MultiFieldQA-en,14,16,214,multi-hop,50.426,0.0,0.0,51.5646,0,1,1,0,77,333,333,333,44511731712,44511731712,44511731712,6.07,0.021,0.9,0.1,0.35,0.65,0.35,0.65
Qwen/Qwen2.5-7B-Instruct,NVIDIA GeForce RTX 5060 Ti,42,MultiFieldQA-en,14,16,215,multi-hop,52.3061,0.0,0.0,0.0,0,1,1,1,92,348,348,348,48612114432,48612114432,48612114432,6.07,0.021,0.9,0.1,0.35,0.65,0.35,0.65
Qwen/Qwen2.5-7B-Instruct,NVIDIA GeForce RTX 5060 Ti,42,MultiFieldQA-en,14,16,216,multi-hop,51.0899,0.0,0.0,52.0981,0,1,1,0,101,357,357,357,51159048192,51159048192,51159048192,6.07,0.021,0.9,0.1,0.35,0.65,0.35,0.65
Qwen/Qwen2.5-7B-Instruct,NVIDIA GeForce RTX 5060 Ti,42,MultiFieldQA-en,14,16,217,semantic,52.1394,0.0,0.0,0.0,0,1,1,1,94,350,350,350,49172480000,49172480000,49172480000,6.07,0.021,0.9,0.1,0.35,0.65,0.35,0.65
Qwen/Qwen2.5-7B-Instruct,NVIDIA GeForce RTX 5060 Ti,42,MultiFieldQA-en,14,16,218,semantic,52.8549,0.0,0.0,0.0,0,1,1,1,138,394,394,394,62312972288,62312972288,62312972288,6.07,0.021,0.9,0.1,0.35,0.65,0.35,0.65
Qwen/Qwen2.5-7B-Instruct,NVIDIA GeForce RTX 5060 Ti,42,MultiFieldQA-en,14,16,219,structural,42.396,0.0,0.0,0.0,0,1,1,1,1,38,82,257,579633152,2699067392,26512596992,6.07,0.021,0.9,0.1,0.35,0.65,0.35,0.65
Qwen/Qwen2.5-7B-Instruct,NVIDIA GeForce RTX 5060 Ti,42,MultiFieldQA-en,14,16,220,multi-hop,66.474,0.0,0.0,0.0,0,1,1,1,11,267,267,267,28615974912,28615974912,28615974912,6.07,0.021,0.9,0.1,0.35,0.65,0.35,0.65
Qwen/Qwen2.5-7B-Instruct,NVIDIA GeForce RTX 5060 Ti,42,MultiFieldQA-en,14,16,221,semantic,48.3224,0.0,0.0,0.0,0,1,1,1,65,321,321,321,41361481728,41361481728,41361481728,6.07,0.021,0.9,0.1,0.35,0.65,0.35,0.65
Qwen/Qwen2.5-7B-Instruct,NVIDIA GeForce RTX 5060 Ti,42,MultiFieldQA-en,14,16,222,structural,48.293,50.7073,0.0,0.0,0,0,1,1,142,398,398,398,63584632832,63584632832,63584632832,6.07,0.021,0.9,0.1,0.35,0.65,0.35,0.65
Qwen/Qwen2.5-7B-Instruct,NVIDIA GeForce RTX 5060 Ti,42,MultiFieldQA-en,14,16,223,multi-hop,66.2464,0.0,69.1829,67.6223,0,1,0,0,48,304,304,304,37096521728,37096521728,37096521728,6.07,0.021,0.9,0.1,0.35,0.65,0.35,0.65
Qwen/Qwen2.5-7B-Instruct,NVIDIA GeForce RTX 5060 Ti,42,MultiFieldQA-en,14,16,224,multi-hop,43.8253,44.3512,0.0,0.0,0,0,1,1,121,377,377,377,57051717632,57051717632,57051717632,6.07,0.021,0.9,0.1,0.35,0.65,0.35,0.65
Qwen/Qwen2.5-7B-Instruct,NVIDIA GeForce RTX 5060 Ti,42,MultiFieldQA-en,14,16,225,structural,43.4545,44.3213,43.1698,0.0,0,0,0,1,124,380,380,380,57963315200,57963315200,57963315200,6.07,0.021,0.9,0.1,0.35,0.65,0.35,0.65
Qwen/Qwen2.5-7B-Instruct,NVIDIA GeForce RTX 5060 Ti,42,MultiFieldQA-en,14,16,226,semantic,45.6149,0.0,0.0,0.0,0,1,1,1,37,293,293,293,34460475392,34460475392,34460475392,6.07,0.021,0.9,0.1,0.35,0.65,0.35,0.65
Qwen/Qwen2.5-7B-Instruct,NVIDIA GeForce RTX 5060 Ti,42,MultiFieldQA-en,14,16,227,semantic,67.9698,0.0,69.3411,77.2937,0,1,0,0,125,381,381,381,58268786688,58268786688,58268786688,6.07,0.021,0.9,0.1,0.35,0.65,0.35,0.65
Qwen/Qwen2.5-7B-Instruct,NVIDIA GeForce RTX 5060 Ti,42,MultiFieldQA-en,14,16,228,structural,42.3269,0.0,0.0,0.0,0,1,1,1,112,368,368,368,54360276992,54360276992,54360276992,6.07,0.021,0.9,0.1,0.35,0.65,0.35,0.65
Qwen/Qwen2.5-7B-Instruct,NVIDIA GeForce RTX 5060 Ti,42,MultiFieldQA-en,14,16,229,multi-hop,44.0588,0.0,51.9849,43.8638,0,1,0,0,45,301,301,301,36367966208,36367966208,36367966208,6.07,0.021,0.9,0.1,0.35,0.65,0.35,0.65
Qwen/Qwen2.5-7B-Instruct,NVIDIA GeForce RTX 5060 Ti,42,MultiFieldQA-en,14,16,230,structural,43.2254,43.4509,43.2178,0.0,0,0,0,1,18,274,274,274,30136107008,30136107008,30136107008,6.07,0.021,0.9,0.1,0.35,0.65,0.35,0.65
Qwen/Qwen2.5-7B-Instruct,NVIDIA GeForce RTX 5060 Ti,42,MultiFieldQA-en,14,16,231,semantic,68.6689,70.0679,0.0,69.7489,0,0,1,0,177,433,433,433,75259584512,75259584512,75259584512,6.07,0.021,0.9,0.1,0.35,0.65,0.35,0.65
Qwen/Qwen2.5-7B-Instruct,NVIDIA GeForce RTX 5060 Ti,42,MultiFieldQA-en,14,16,232,structural,50.1824,52.3026,49.9616,0.0,0,0,0,1,11,267,267,267,28615974912,28615974912,28615974912,6.07,0.021,0.9,0.1,0.35,0.65,0.35,0.65
Qwen/Qwen2.5-7B-Instruct,NVIDIA GeForce RTX 5060 Ti,42,MultiFieldQA-en,14,16,233,structural,50.4995,51.5982,55.4787,0.0,0,0,0,1,92,348,348,348,48612114432,48612114432,48612114432,6.07,0.021,0.9,0.1,0.35,0.65,0.35,0.65
Qwen/Qwen2.5-7B-Instruct,NVIDIA GeForce RTX 5060 Ti,42,MultiFieldQA-en,14,16,234,semantic,66.939,0.0,0.0,0.0,0,1,1,1,114,370,370,370,54952755200,54952755200,54952755200,6.07,0.021,0.9,0.1,0.35,0.65,0.35,0.65
Qwen/Qwen2.5-7B-Instruct,NVIDIA GeForce RTX 5060 Ti,42,MultiFieldQA-en,14,16,235,multi-hop,0.0,0.0,0.0,68.8774,1,1,1,0,125,381,381,381,58268786688,58268786688,58268786688,6.07,0.021,0.9,0.1,0.35,0.65,0.35,0.65
Qwen/Qwen2.5-7B-Instruct,NVIDIA GeForce RTX 5060 Ti,42,MultiFieldQA-en,14,16,236,multi-hop,48.2281,0.0,0.0,48.8686,0,1,1,0,136,392,392,386,61681958912,61681958912,59808186368,6.07,0.021,0.9,0.1,0.35,0.65,0.35,0.65
Qwen/Qwen2.5-7B-Instruct,NVIDIA GeForce RTX 5060 Ti,42,MultiFieldQA-en,14,16,237,structural,50.3712,0.0,0.0,0.0,0,1,1,1,88,344,344,344,47501017088,47501017088,47501017088,6.07,0.021,0.9,0.1,0.35,0.65,0.35,0.65
Qwen/Qwen2.5-7B-Instruct,NVIDIA GeForce RTX 5060 Ti,42,MultiFieldQA-en,14,16,238,multi-hop,47.2824,49.6231,49.7768,0.0,0,0,0,1,43,299,299,299,35886276608,35886276608,35886276608,6.07,0.021,0.9,0.1,0.35,0.65,0.35,0.65
Qwen/Qwen2.5-7B-Instruct,NVIDIA GeForce RTX 5060 Ti,42,MultiFieldQA-en,14,16,239,structural,66.23,0.0,0.0,0.0,0,1,1,1,20,276,276,276,30577655808,30577655808,30577655808,6.07,0.021,0.9,0.1,0.35,0.65,0.35,0.65
Qwen/Qwen2.5-7B-Instruct,NVIDIA GeForce RTX 5060 Ti,42,MultiFieldQA-en,14,16,240,multi-hop,50.2463,0.0,0.0,50.9796,0,1,1,0,111,367,367,367,54065242112,54065242112,54065242112,6.07,0.021,0.9,0.1,0.35,0.65,0.35,0.65
Qwen/Qwen2.5-7B-Instruct,NVIDIA GeForce RTX 5060 Ti,42,MultiFieldQA-en,14,16,241,multi-hop,49.581,0.0,0.0,0.0,0,1,1,1,122,378,378,378,57354780672,57354780672,57354780672,6.07,0.021,0.9,0.1,0.35,0.65,0.35,0.65
Qwen/Qwen2.5-7B-Instruct,NVIDIA GeForce RTX 5060 Ti,42,MultiFieldQA-en,14,16,242,multi-hop,50.488,53.1252,0.0,0.0,0,0,1,1,86,342,342,342,46950285312,46950285312,46950285312,6.07,0.021,0.9,0.1,0.35,0.65,0.35,0.65
Qwen/Qwen2.5-7B-Instruct,NVIDIA GeForce RTX 5060 Ti,42,MultiFieldQA-en,14,16,243,multi-hop,0.0,0.0,0.0,0.0,1,1,1,1,23,279,279,279,31246000128,31246000128,31246000128,6.07,0.021,0.9,0.1,0.35,0.65,0.35,0.65
Qwen/Qwen2.5-7B-Instruct,NVIDIA GeForce RTX 5060 Ti,42,MultiFieldQA-en,14,16,244,semantic,89.4629,0.0,0.0,0.0,0,1,1,1,289,545,545,545,119228211200,119228211200,119228211200,6.07,0.021,0.9,0.1,0.35,0.65,0.35,0.65
Qwen/Qwen2.5-7B-Instruct,NVIDIA GeForce RTX 5060 Ti,42,MultiFieldQA-en,14,16,245,multi-hop,66.1856,69.7181,67.6785,0.0,0,0,0,1,83,339,339,339,46130208768,46130208768,46130208768,6.07,0.021,0.9,0.1,0.35,0.65,0.35,0.65
Qwen/Qwen2.5-7B-Instruct,NVIDIA GeForce RTX 5060 Ti,42,MultiFieldQA-en,14,16,246,structural,49.3169,0.0,0.0,0.0,0,1,1,1,100,356,356,356,50872844288,50872844288,50872844288,6.07,0.021,0.9,0.1,0.35,0.65,0.35,0.65
Qwen/Qwen2.5-7B-Instruct,NVIDIA GeForce RTX 5060 Ti,42,MultiFieldQA-en,14,16,247,structural,49.4426,52.3123,0.0,0.0,0,0,1,1,37,293,293,293,34460475392,34460475392,34460475392,6.07,0.021,0.9,0.1,0.35,0.65,0.35,0.65
Qwen/Qwen2.5-7B-Instruct,NVIDIA GeForce RTX 5060 Ti,42,MultiFieldQA-en,14,16,248,semantic,50.3142,0.0,50.7459,51.7224,0,1,0,0,127,383,383,383,58882138112,58882138112,58882138112,6.07,0.021,0.9,0.1,0.35,0.65,0.35,0.65
Qwen/Qwen2.5-7B-Instruct,NVIDIA GeForce RTX 5060 Ti,42,MultiFieldQA-en,14,16,249,multi-hop,53.5917,0.0,0.0,50.0059,0,1,1,0,33,289,289,289,33525997568,33525997568,33525997568,6.07,0.021,0.9,0.1,0.35,0.65,0.35,0.65
Qwen/Qwen2.5-7B-Instruct,NVIDIA GeForce RTX 5060 Ti,42,MultiFieldQA-en,14,16,250,semantic,68.7249,0.0,0.0,0.0,0,1,1,1,149,405,405,405,65840947200,65840947200,65840947200,6.07,0.021,0.9,0.1,0.35,0.65,0.35,0.65
Qwen/Qwen2.5-7B-Instruct,NVIDIA GeForce RTX 5060 Ti,42,MultiFieldQA-en,14,16,251,multi-hop,57.0931,0.0,50.7631,49.9602,0,1,0,0,87,343,343,343,47225249792,47225249792,47225249792,6.07,0.021,0.9,0.1,0.35,0.65,0.35,0.65
Qwen/Qwen2.5-7B-Instruct,NVIDIA GeForce RTX 5060 Ti,42,MultiFieldQA-en,14,16,252,multi-hop,49.8735,0.0,0.0,0.0,0,1,1,1,86,342,342,342,46950285312,46950285312,46950285312,6.07,0.021,0.9,0.1,0.35,0.65,0.35,0.65
Qwen/Qwen2.5-7B-Instruct,NVIDIA GeForce RTX 5060 Ti,42,MultiFieldQA-en,14,16,253,multi-hop,54.9015,0.0,0.0,0.0,0,1,1,1,119,375,375,375,56448000000,56448000000,56448000000,6.07,0.021,0.9,0.1,0.35,0.65,0.35,0.65
Qwen/Qwen2.5-7B-Instruct,NVIDIA GeForce RTX 5060 Ti,42,MultiFieldQA-en,14,16,254,multi-hop,47.865,49.0207,49.4932,0.0,0,0,0,1,79,335,335,335,45048012800,45048012800,45048012800,6.07,0.021,0.9,0.1,0.35,0.65,0.35,0.65
Qwen/Qwen2.5-7B-Instruct,NVIDIA GeForce RTX 5060 Ti,42,MultiFieldQA-en,14,16,255,multi-hop,49.7957,50.4617,0.0,0.0,0,0,1,1,48,304,304,304,37096521728,37096521728,37096521728,6.07,0.021,0.9,0.1,0.35,0.65,0.35,0.65
Qwen/Qwen2.5-7B-Instruct,NVIDIA GeForce RTX 5060 Ti,42,MultiFieldQA-en,14,16,256,multi-hop,47.9642,50.5786,50.0869,49.9776,0,0,0,0,106,362,362,362,52602109952,52602109952,52602109952,6.07,0.021,0.9,0.1,0.35,0.65,0.35,0.65
Qwen/Qwen2.5-7B-Instruct,NVIDIA GeForce RTX 5060 Ti,42,MultiFieldQA-en,14,16,257,semantic,48.1913,0.0,0.0,0.0,0,1,1,1,109,365,365,365,53477580800,53477580800,53477580800,6.07,0.021,0.9,0.1,0.35,0.65,0.35,0.65
Qwen/Qwen2.5-7B-Instruct,NVIDIA GeForce RTX 5060 Ti,42,MultiFieldQA-en,14,16,258,multi-hop,66.2089,0.0,66.6244,65.7931,0,1,0,0,48,304,304,304,37096521728,37096521728,37096521728,6.07,0.021,0.9,0.1,0.35,0.65,0.35,0.65
Qwen/Qwen2.5-7B-Instruct,NVIDIA GeForce RTX 5060 Ti,42,MultiFieldQA-en,14,16,259,multi-hop,43.3858,0.0,0.0,42.73,0,1,1,0,118,374,374,374,56147345408,56147345408,56147345408,6.07,0.021,0.9,0.1,0.35,0.65,0.35,0.65
Qwen/Qwen2.5-7B-Instruct,NVIDIA GeForce RTX 5060 Ti,42,MultiFieldQA-en,14,16,260,structural,42.1456,44.3989,44.3884,0.0,0,0,0,1,110,366,366,366,53771010048,53771010048,53771010048,6.07,0.021,0.9,0.1,0.35,0.65,0.35,0.65
Qwen/Qwen2.5-7B-Instruct,NVIDIA GeForce RTX 5060 Ti,42,MultiFieldQA-en,14,16,261,semantic,53.8697,0.0,0.0,0.0,0,1,1,1,101,357,357,357,51159048192,51159048192,51159048192,6.07,0.021,0.9,0.1,0.35,0.65,0.35,0.65
Qwen/Qwen2.5-7B-Instruct,NVIDIA GeForce RTX 5060 Ti,42,MultiFieldQA-en,14,16,262,multi-hop,49.9675,50.8068,50.4431,0.0,0,0,0,1,6,262,262,262,27554250752,27554250752,27554250752,6.07,0.021,0.9,0.1,0.35,0.65,0.35,0.65
Qwen/Qwen2.5-7B-Instruct,NVIDIA GeForce RTX 5060 Ti,42,MultiFieldQA-en,14,16,263,semantic,67.0091,0.0,69.4678,68.7714,0,1,0,0,37,293,293,293,34460475392,34460475392,34460475392,6.07,0.021,0.9,0.1,0.35,0.65,0.35,0.65
Qwen/Qwen2.5-7B-Instruct,NVIDIA GeForce RTX 5060 Ti,42,MultiFieldQA-en,14,16,264,semantic,39.5439,0.0,0.0,0.0,0,1,1,1,1,38,82,38,579633152,2699067392,579633152,6.07,0.021,0.9,0.1,0.35,0.65,0.35,0.65
Qwen/Qwen2.5-7B-Instruct,NVIDIA GeForce RTX 5060 Ti,42,MultiFieldQA-en,14,16,265,semantic,49.4977,0.0,0.0,0.0,0,1,1,1,125,381,381,381,58268786688,58268786688,58268786688,6.07,0.021,0.9,0.1,0.35,0.65,0.35,0.65
Qwen/Qwen2.5-7B-Instruct,NVIDIA GeForce RTX 5060 Ti,42,MultiFieldQA-en,14,16,266,semantic,48.7494,0.0,0.0,0.0,0,1,1,1,69,325,325,325,42398720000,42398720000,42398720000,6.07,0.021,0.9,0.1,0.35,0.65,0.35,0.65
Qwen/Qwen2.5-7B-Instruct,NVIDIA GeForce RTX 5060 Ti,42,MultiFieldQA-en,14,16,267,structural,48.5822,0.0,0.0,0.0,0,1,1,1,107,363,363,363,52893130752,52893130752,52893130752,6.07,0.021,0.9,0.1,0.35,0.65,0.35,0.65
Qwen/Qwen2.5-7B-Instruct,NVIDIA GeForce RTX 5060 Ti,42,MultiFieldQA-en,14,16,268,structural,49.2879,0.0,0.0,0.0,0,1,1,1,93,349,349,349,48891895808,48891895808,48891895808,6.07,0.021,0.9,0.1,0.35,0.65,0.35,0.65
Qwen/Qwen2.5-7B-Instruct,NVIDIA GeForce RTX 5060 Ti,42,MultiFieldQA-en,14,16,269,semantic,42.5375,0.0,0.0,0.0,0,1,1,1,3,259,259,259,26926850048,26926850048,26926850048,6.07,0.021,0.9,0.1,0.35,0.65,0.35,0.65
Qwen/Qwen2.5-7B-Instruct,NVIDIA GeForce RTX 5060 Ti,42,MultiFieldQA-en,14,16,270,multi-hop,50.4806,0.0,0.0,0.0,0,1,1,1,142,398,398,398,63584632832,63584632832,63584632832,6.07,0.021,0.9,0.1,0.35,0.65,0.35,0.65
Qwen/Qwen2.5-7B-Instruct,NVIDIA GeForce RTX 5060 Ti,42,MultiFieldQA-en,14,16,271,multi-hop,48.8125,0.0,50.973,50.2238,0,1,0,0,110,366,366,366,53771010048,53771010048,53771010048,6.07,0.021,0.9,0.1,0.35,0.65,0.35,0.65
Qwen/Qwen2.5-7B-Instruct,NVIDIA GeForce RTX 5060 Ti,42,MultiFieldQA-en,14,16,272,semantic,49.8049,0.0,0.0,0.0,0,1,1,1,110,366,366,366,53771010048,53771010048,53771010048,6.07,0.021,0.9,0.1,0.35,0.65,0.35,0.65
Qwen/Qwen2.5-7B-Instruct,NVIDIA GeForce RTX 5060 Ti,42,MultiFieldQA-en,14,16,273,multi-hop,50.2855,51.7224,50.7013,0.0,0,0,0,1,93,349,349,349,48891895808,48891895808,48891895808,6.07,0.021,0.9,0.1,0.35,0.65,0.35,0.65
Qwen/Qwen2.5-7B-Instruct,NVIDIA GeForce RTX 5060 Ti,42,MultiFieldQA-en,14,16,274,multi-hop,50.1248,0.0,0.0,0.0,0,1,1,1,114,370,370,370,54952755200,54952755200,54952755200,6.07,0.021,0.9,0.1,0.35,0.65,0.35,0.65
Qwen/Qwen2.5-7B-Instruct,NVIDIA GeForce RTX 5060 Ti,42,MultiFieldQA-en,14,16,275,multi-hop,49.9273,0.0,54.3645,50.5518,0,1,0,0,20,276,276,276,30577655808,30577655808,30577655808,6.07,0.021,0.9,0.1,0.35,0.65,0.35,0.65
Qwen/Qwen2.5-7B-Instruct,NVIDIA GeForce RTX 5060 Ti,42,MultiFieldQA-en,14,16,276,multi-hop,49.7775,0.0,0.0,50.4626,0,1,1,0,79,335,335,335,45048012800,45048012800,45048012800,6.07,0.021,0.9,0.1,0.35,0.65,0.35,0.65
Qwen/Qwen2.5-7B-Instruct,NVIDIA GeForce RTX 5060 Ti,42,MultiFieldQA-en,14,16,277,structural,67.1061,0.0,0.0,0.0,0,1,1,1,141,397,397,397,63265513472,63265513472,63265513472,6.07,0.021,0.9,0.1,0.35,0.65,0.35,0.65
Qwen/Qwen2.5-7B-Instruct,NVIDIA GeForce RTX 5060 Ti,42,MultiFieldQA-en,14,16,278,multi-hop,66.7505,68.3339,67.2339,73.754,0,0,0,0,27,283,283,283,32148365312,32148365312,32148365312,6.07,0.021,0.9,0.1,0.35,0.65,0.35,0.65
Qwen/Qwen2.5-7B-Instruct,NVIDIA GeForce RTX 5060 Ti,42,MultiFieldQA-en,14,16,279,structural,48.7644,51.1211,49.7757,50.7859,0,0,0,0,120,376,376,376,56749457408,56749457408,56749457408,6.07,0.021,0.9,0.1,0.35,0.65,0.35,0.65
Qwen/Qwen2.5-7B-Instruct,NVIDIA GeForce RTX 5060 Ti,42,MultiFieldQA-en,14,16,280,multi-hop,49.5286,50.8277,50.0385,0.0,0,0,0,1,106,362,362,362,52602109952,52602109952,52602109952,6.07,0.021,0.9,0.1,0.35,0.65,0.35,0.65
Qwen/Qwen2.5-7B-Instruct,NVIDIA GeForce RTX 5060 Ti,42,MultiFieldQA-en,14,16,281,semantic,43.1528,0.0,0.0,0.0,0,1,1,1,135,391,391,391,61367656448,61367656448,61367656448,6.07,0.021,0.9,0.1,0.35,0.65,0.35,0.65
Qwen/Qwen2.5-7B-Instruct,NVIDIA GeForce RTX 5060 Ti,42,MultiFieldQA-en,14,16,282,semantic,50.9408,0.0,51.7319,0.0,0,1,0,1,67,323,323,323,41878495232,41878495232,41878495232,6.07,0.021,0.9,0.1,0.35,0.65,0.35,0.65
Qwen/Qwen2.5-7B-Instruct,NVIDIA GeForce RTX 5060 Ti,42,MultiFieldQA-en,14,16,283,structural,43.2623,45.4551,43.8645,0.0,0,0,0,1,119,375,375,375,56448000000,56448000000,56448000000,6.07,0.021,0.9,0.1,0.35,0.65,0.35,0.65
Qwen/Qwen2.5-7B-Instruct,NVIDIA GeForce RTX 5060 Ti,42,MultiFieldQA-en,14,16,284,multi-hop,70.8375,66.44,65.9399,0.0,0,0,0,1,1,38,59,257,579633152,1397301248,26512596992,6.07,0.021,0.9,0.1,0.35,0.65,0.35,0.65
Qwen/Qwen2.5-7B-Instruct,NVIDIA GeForce RTX 5060 Ti,42,MultiFieldQA-en,14,16,285,structural,42.7476,0.0,0.0,0.0,0,1,1,1,34,290,290,290,33758412800,33758412800,33758412800,6.07,0.021,0.9,0.1,0.35,0.65,0.35,0.65
Qwen/Qwen2.5-7B-Instruct,NVIDIA GeForce RTX 5060 Ti,42,MultiFieldQA-en,14,16,286,multi-hop,44.8365,0.0,0.0,0.0,0,1,1,1,101,357,357,357,51159048192,51159048192,51159048192,6.07,0.021,0.9,0.1,0.35,0.65,0.35,0.65
Qwen/Qwen2.5-7B-Instruct,NVIDIA GeForce RTX 5060 Ti,42,MultiFieldQA-en,14,16,287,structural,43.4132,44.9344,0.0,0.0,0,0,1,1,108,364,364,364,53184954368,53184954368,53184954368,6.07,0.021,0.9,0.1,0.35,0.65,0.35,0.65
Qwen/Qwen2.5-7B-Instruct,NVIDIA GeForce RTX 5060 Ti,42,MultiFieldQA-en,14,16,288,multi-hop,43.824,0.0,0.0,0.0,0,1,1,1,84,340,340,340,46402764800,46402764800,46402764800,6.07,0.021,0.9,0.1,0.35,0.65,0.35,0.65
Qwen/Qwen2.5-7B-Instruct,NVIDIA GeForce RTX 5060 Ti,42,MultiFieldQA-en,14,16,289,multi-hop,54.9678,0.0,0.0,49.7824,0,1,1,0,23,279,279,279,31246000128,31246000128,31246000128,6.07,0.021,0.9,0.1,0.35,0.65,0.35,0.65
Qwen/Qwen2.5-7B-Instruct,NVIDIA GeForce RTX 5060 Ti,42,MultiFieldQA-en,14,16,290,semantic,68.2545,0.0,0.0,0.0,0,1,1,1,124,380,380,380,57963315200,57963315200,57963315200,6.07,0.021,0.9,0.1,0.35,0.65,0.35,0.65
Qwen/Qwen2.5-7B-Instruct,NVIDIA GeForce RTX 5060 Ti,42,MultiFieldQA-en,14,16,291,multi-hop,50.6643,50.9936,50.3396,0.0,0,0,0,1,67,323,323,323,41878495232,41878495232,41878495232,6.07,0.021,0.9,0.1,0.35,0.65,0.35,0.65
Qwen/Qwen2.5-7B-Instruct,NVIDIA GeForce RTX 5060 Ti,42,MultiFieldQA-en,14,16,292,multi-hop,50.5962,0.0,0.0,49.4445,0,1,1,0,110,366,366,366,53771010048,53771010048,53771010048,6.07,0.021,0.9,0.1,0.35,0.65,0.35,0.65
Qwen/Qwen2.5-7B-Instruct,NVIDIA GeForce RTX 5060 Ti,42,MultiFieldQA-en,14,16,293,multi-hop,65.6782,65.0377,66.3459,0.0,0,0,0,1,5,116,145,261,5401346048,8439603200,27344314368,6.07,0.021,0.9,0.1,0.35,0.65,0.35,0.65
Qwen/Qwen2.5-7B-Instruct,NVIDIA GeForce RTX 5060 Ti,42,MultiFieldQA-en,14,16,294,multi-hop,54.7062,0.0,0.0,0.0,0,1,1,1,104,360,360,360,52022476800,52022476800,52022476800,6.07,0.021,0.9,0.1,0.35,0.65,0.35,0.65
Qwen/Qwen2.5-7B-Instruct,NVIDIA GeForce RTX 5060 Ti,42,MultiFieldQA-en,14,16,295,semantic,42.4238,0.0,0.0,0.0,0,1,1,1,86,342,342,342,46950285312,46950285312,46950285312,6.07,0.021,0.9,0.1,0.35,0.65,0.35,0.65
Qwen/Qwen2.5-7B-Instruct,NVIDIA GeForce RTX 5060 Ti,42,MultiFieldQA-en,14,16,296,multi-hop,50.0078,51.3102,50.313,0.0,0,0,0,1,21,277,277,277,30799634432,30799634432,30799634432,6.07,0.021,0.9,0.1,0.35,0.65,0.35,0.65
Qwen/Qwen2.5-7B-Instruct,NVIDIA GeForce RTX 5060 Ti,42,MultiFieldQA-en,14,16,297,multi-hop,43.6861,44.1559,0.0,0.0,0,0,1,1,289,545,545,545,119228211200,119228211200,119228211200,6.07,0.021,0.9,0.1,0.35,0.65,0.35,0.65
Qwen/Qwen2.5-7B-Instruct,NVIDIA GeForce RTX 5060 Ti,42,MultiFieldQA-en,14,16,298,structural,50.892,52.6955,52.3645,0.0,0,0,0,1,103,359,359,359,51733864448,51733864448,51733864448,6.07,0.021,0.9,0.1,0.35,0.65,0.35,0.65
Qwen/Qwen2.5-7B-Instruct,NVIDIA GeForce RTX 5060 Ti,42,MultiFieldQA-en,14,16,299,semantic,40.8062,0.0,42.3745,41.8614,0,1,0,0,16,272,272,272,29697769472,29697769472,29697769472,6.07,0.021,0.9,0.1,0.35,0.65,0.35,0.65
Qwen/Qwen2.5-7B-Instruct,NVIDIA GeForce RTX 5060 Ti,42,MultiFieldQA-en,14,16,300,multi-hop,43.1628,0.0,0.0,44.533,0,1,1,0,71,327,327,327,42922156032,42922156032,42922156032,6.07,0.021,0.9,0.1,0.35,0.65,0.35,0.65
Qwen/Qwen2.5-7B-Instruct,NVIDIA GeForce RTX 5060 Ti,42,MultiFieldQA-en,14,16,301,multi-hop,50.2005,0.0,0.0,0.0,0,1,1,1,81,337,337,337,45587505152,45587505152,45587505152,6.07,0.021,0.9,0.1,0.35,0.65,0.35,0.65
Qwen/Qwen2.5-7B-Instruct,NVIDIA GeForce RTX 5060 Ti,42,MultiFieldQA-en,14,16,302,structural,49.1474,50.4932,0.0,0.0,0,0,1,1,102,358,358,358,51446054912,51446054912,51446054912,6.07,0.021,0.9,0.1,0.35,0.65,0.35,0.65
Qwen/Qwen2.5-7B-Instruct,NVIDIA GeForce RTX 5060 Ti,42,MultiFieldQA-en,14,16,303,semantic,0.0,0.0,43.1443,43.4745,1,1,0,0,21,277,277,277,30799634432,30799634432,30799634432,6.07,0.021,0.9,0.1,0.35,0.65,0.35,0.65
Qwen/Qwen2.5-7B-Instruct,NVIDIA GeForce RTX 5060 Ti,42,MultiFieldQA-en,14,16,304,multi-hop,47.459,0.0,0.0,50.0009,0,1,1,0,86,342,342,342,46950285312,46950285312,46950285312,6.07,0.021,0.9,0.1,0.35,0.65,0.35,0.65
Qwen/Qwen2.5-7B-Instruct,NVIDIA GeForce RTX 5060 Ti,42,MultiFieldQA-en,14,16,305,multi-hop,48.9464,0.0,0.0,50.6828,0,1,1,0,106,362,362,362,52602109952,52602109952,52602109952,6.07,0.021,0.9,0.1,0.35,0.65,0.35,0.65
Qwen/Qwen2.5-7B-Instruct,NVIDIA GeForce RTX 5060 Ti,42,MultiFieldQA-en,14,16,306,semantic,43.7887,0.0,0.0,0.0,0,1,1,1,6,262,262,262,27554250752,27554250752,27554250752,6.07,0.021,0.9,0.1,0.35,0.65,0.35,0.65
Qwen/Qwen2.5-7B-Instruct,NVIDIA GeForce RTX 5060 Ti,42,MultiFieldQA-en,14,16,307,semantic,46.7548,0.0,0.0,0.0,0,1,1,1,92,348,348,348,48612114432,48612114432,48612114432,6.07,0.021,0.9,0.1,0.35,0.65,0.35,0.65
Qwen/Qwen2.5-7B-Instruct,NVIDIA GeForce RTX 5060 Ti,42,MultiFieldQA-en,14,16,308,multi-hop,49.7764,44.3132,44.4663,0.0,0,0,0,1,144,400,400,400,64225280000,64225280000,64225280000,6.07,0.021,0.9,0.1,0.35,0.65,0.35,0.65
Qwen/Qwen2.5-7B-Instruct,NVIDIA GeForce RTX 5060 Ti,42,MultiFieldQA-en,14,16,309,multi-hop,46.4837,0.0,0.0,0.0,0,1,1,1,13,269,269,269,29046284288,29046284288,29046284288,6.07,0.021,0.9,0.1,0.35,0.65,0.35,0.65
Qwen/Qwen2.5-7B-Instruct,NVIDIA GeForce RTX 5060 Ti,42,MultiFieldQA-en,14,16,310,structural,38.0806,38.4513,37.9493,37.9786,0,0,0,0,20,276,276,276,30577655808,30577655808,30577655808,6.07,0.021,0.9,0.1,0.35,0.65,0.35,0.65
Qwen/Qwen2.5-7B-Instruct,NVIDIA GeForce RTX 5060 Ti,42,MultiFieldQA-en,14,16,311,multi-hop,48.8086,55.8614,48.751,0.0,0,0,0,1,88,344,344,344,47501017088,47501017088,47501017088,6.07,0.021,0.9,0.1,0.35,0.65,0.35,0.65
Qwen/Qwen2.5-7B-Instruct,NVIDIA GeForce RTX 5060 Ti,42,MultiFieldQA-en,14,16,312,multi-hop,48.5797,50.9785,50.1272,0.0,0,0,0,1,85,341,341,341,46676123648,46676123648,46676123648,6.07,0.021,0.9,0.1,0.35,0.65,0.35,0.65
Qwen/Qwen2.5-7B-Instruct,NVIDIA GeForce RTX 5060 Ti,42,MultiFieldQA-en,14,16,313,structural,43.2393,44.6762,0.0,0.0,0,0,1,1,95,351,351,351,49453867008,49453867008,49453867008,6.07,0.021,0.9,0.1,0.35,0.65,0.35,0.65
Qwen/Qwen2.5-7B-Instruct,NVIDIA GeForce RTX 5060 Ti,42,MultiFieldQA-en,14,16,314,structural,48.9464,56.3274,0.0,0.0,0,0,1,1,77,333,333,333,44511731712,44511731712,44511731712,6.07,0.021,0.9,0.1,0.35,0.65,0.35,0.65
Qwen/Qwen2.5-7B-Instruct,NVIDIA GeForce RTX 5060 Ti,42,MultiFieldQA-en,14,16,315,multi-hop,65.5835,66.2353,66.7461,0.0,0,0,0,1,83,339,339,339,46130208768,46130208768,46130208768,6.07,0.021,0.9,0.1,0.35,0.65,0.35,0.65
Qwen/Qwen2.5-7B-Instruct,NVIDIA GeForce RTX 5060 Ti,42,MultiFieldQA-en,14,16,316,semantic,66.7936,0.0,0.0,0.0,0,1,1,1,135,391,391,391,61367656448,61367656448,61367656448,6.07,0.021,0.9,0.1,0.35,0.65,0.35,0.65
Qwen/Qwen2.5-7B-Instruct,NVIDIA GeForce RTX 5060 Ti,42,MultiFieldQA-en,14,16,317,multi-hop,49.5265,0.0,0.0,49.9371,0,1,1,0,106,362,362,362,52602109952,52602109952,52602109952,6.07,0.021,0.9,0.1,0.35,0.65,0.35,0.65
Qwen/Qwen2.5-7B-Instruct,NVIDIA GeForce RTX 5060 Ti,42,MultiFieldQA-en,14,16,318,multi-hop,50.9525,0.0,0.0,0.0,0,1,1,1,137,393,393,393,61997064192,61997064192,61997064192,6.07,0.021,0.9,0.1,0.35,0.65,0.35,0.65
Qwen/Qwen2.5-7B-Instruct,NVIDIA GeForce RTX 5060 Ti,42,MultiFieldQA-en,14,16,319,semantic,52.1914,0.0,0.0,0.0,0,1,1,1,73,329,329,329,43448803328,43448803328,43448803328,6.07,0.021,0.9,0.1,0.35,0.65,0.35,0.65
Qwen/Qwen2.5-7B-Instruct,NVIDIA GeForce RTX 5060 Ti,42,MultiFieldQA-en,14,16,320,multi-hop,66.6106,0.0,0.0,0.0,0,1,1,1,177,433,433,433,75259584512,75259584512,75259584512,6.07,0.021,0.9,0.1,0.35,0.65,0.35,0.65
Qwen/Qwen2.5-7B-Instruct,NVIDIA GeForce RTX 5060 Ti,42,MultiFieldQA-en,14,16,321,multi-hop,50.7658,51.7882,0.0,0.0,0,0,1,1,119,375,375,375,56448000000,56448000000,56448000000,6.07,0.021,0.9,0.1,0.35,0.65,0.35,0.65
Qwen/Qwen2.5-7B-Instruct,NVIDIA GeForce RTX 5060 Ti,42,MultiFieldQA-en,14,16,322,multi-hop,50.1315,51.4046,51.1755,0.0,0,0,0,1,88,344,344,344,47501017088,47501017088,47501017088,6.07,0.021,0.9,0.1,0.35,0.65,0.35,0.65
Qwen/Qwen2.5-7B-Instruct,NVIDIA GeForce RTX 5060 Ti,42,MultiFieldQA-en,14,16,323,structural,0.0,0.0,0.0,0.0,1,1,1,1,141,397,397,397,63265513472,63265513472,63265513472,6.07,0.021,0.9,0.1,0.35,0.65,0.35,0.65
Qwen/Qwen2.5-7B-Instruct,NVIDIA GeForce RTX 5060 Ti,42,MultiFieldQA-en,14,16,324,semantic,49.9167,0.0,0.0,0.0,0,1,1,1,10,266,266,266,28402024448,28402024448,28402024448,6.07,0.021,0.9,0.1,0.35,0.65,0.35,0.65
Qwen/Qwen2.5-7B-Instruct,NVIDIA GeForce RTX 5060 Ti,42,MultiFieldQA-en,14,16,325,semantic,50.8117,0.0,56.416,51.0625,0,1,0,0,127,383,383,383,58882138112,58882138112,58882138112,6.07,0.021,0.9,0.1,0.35,0.65,0.35,0.65
Qwen/Qwen2.5-7B-Instruct,NVIDIA GeForce RTX 5060 Ti,42,MultiFieldQA-en,14,16,326,multi-hop,44.481,43.7181,45.2336,0.0,0,0,0,1,116,372,372,372,55548444672,55548444672,55548444672,6.07,0.021,0.9,0.1,0.35,0.65,0.35,0.65
Qwen/Qwen2.5-7B-Instruct,NVIDIA GeForce RTX 5060 Ti,42,MultiFieldQA-en,14,16,327,structural,51.909,0.0,0.0,0.0,0,1,1,1,151,407,407,407,66492833792,66492833792,66492833792,6.07,0.021,0.9,0.1,0.35,0.65,0.35,0.65
Qwen/Qwen2.5-7B-Instruct,NVIDIA GeForce RTX 5060 Ti,42,MultiFieldQA-en,14,16,328,multi-hop,49.3482,0.0,0.0,58.6817,0,1,1,0,26,282,282,282,31921569792,31921569792,31921569792,6.07,0.021,0.9,0.1,0.35,0.65,0.35,0.65
Qwen/Qwen2.5-7B-Instruct,NVIDIA GeForce RTX 5060 Ti,42,MultiFieldQA-en,14,16,329,multi-hop,50.439,0.0,0.0,0.0,0,1,1,1,104,360,360,360,52022476800,52022476800,52022476800,6.07,0.021,0.9,0.1,0.35,0.65,0.35,0.65
Qwen/Qwen2.5-7B-Instruct,NVIDIA GeForce RTX 5060 Ti,42,MultiFieldQA-en,14,16,330,structural,49.9197,50.9394,51.2162,0.0,0,0,0,1,181,437,437,437,76656484352,76656484352,76656484352,6.07,0.021,0.9,0.1,0.35,0.65,0.35,0.65
Qwen/Qwen2.5-7B-Instruct,NVIDIA GeForce RTX 5060 Ti,42,MultiFieldQA-en,14,16,331,multi-hop,48.4143,0.0,0.0,50.4727,0,1,1,0,23,279,279,279,31246000128,31246000128,31246000128,6.07,0.021,0.9,0.1,0.35,0.65,0.35,0.65
Qwen/Qwen2.5-7B-Instruct,NVIDIA GeForce RTX 5060 Ti,42,MultiFieldQA-en,14,16,332,multi-hop,53.9197,0.0,0.0,0.0,0,1,1,1,107,363,363,363,52893130752,52893130752,52893130752,6.07,0.021,0.9,0.1,0.35,0.65,0.35,0.65
Qwen/Qwen2.5-7B-Instruct,NVIDIA GeForce RTX 5060 Ti,42,MultiFieldQA-en,14,16,333,semantic,0.0,0.0,0.0,0.0,1,1,1,1,117,373,373,373,55847493632,55847493632,55847493632,6.07,0.021,0.9,0.1,0.35,0.65,0.35,0.65
Qwen/Qwen2.5-7B-Instruct,NVIDIA GeForce RTX 5060 Ti,42,MultiFieldQA-en,14,16,334,semantic,44.2791,0.0,44.0401,44.7953,0,1,0,0,21,277,277,277,30799634432,30799634432,30799634432,6.07,0.021,0.9,0.1,0.35,0.65,0.35,0.65
Qwen/Qwen2.5-7B-Instruct,NVIDIA GeForce RTX 5060 Ti,42,MultiFieldQA-en,14,16,335,multi-hop,66.1546,68.4613,68.7509,0.0,0,0,0,1,135,391,391,391,61367656448,61367656448,61367656448,6.07,0.021,0.9,0.1,0.35,0.65,0.35,0.65
Qwen/Qwen2.5-7B-Instruct,NVIDIA GeForce RTX 5060 Ti,42,MultiFieldQA-en,14,16,336,multi-hop,56.4812,0.0,51.3519,0.0,0,1,0,1,96,352,352,352,49736056832,49736056832,49736056832,6.07,0.021,0.9,0.1,0.35,0.65,0.35,0.65
Qwen/Qwen2.5-7B-Instruct,NVIDIA GeForce RTX 5060 Ti,42,MultiFieldQA-en,14,16,337,structural,50.4263,0.0,0.0,0.0,0,1,1,1,100,356,356,356,50872844288,50872844288,50872844288,6.07,0.021,0.9,0.1,0.35,0.65,0.35,0.65
Qwen/Qwen2.5-7B-Instruct,NVIDIA GeForce RTX 5060 Ti,42,MultiFieldQA-en,14,16,338,multi-hop,0.0,0.0,0.0,0.0,1,1,1,1,114,370,370,370,54952755200,54952755200,54952755200,6.07,0.021,0.9,0.1,0.35,0.65,0.35,0.65
Qwen/Qwen2.5-7B-Instruct,NVIDIA GeForce RTX 5060 Ti,42,MultiFieldQA-en,14,16,339,multi-hop,52.2836,0.0,52.667,51.3428,0,1,0,0,72,328,328,328,43185078272,43185078272,43185078272,6.07,0.021,0.9,0.1,0.35,0.65,0.35,0.65
Qwen/Qwen2.5-7B-Instruct,NVIDIA GeForce RTX 5060 Ti,42,MultiFieldQA-en,14,16,340,semantic,50.5729,0.0,0.0,0.0,0,1,1,1,108,364,364,364,53184954368,53184954368,53184954368,6.07,0.021,0.9,0.1,0.35,0.65,0.35,0.65
Qwen/Qwen2.5-7B-Instruct,NVIDIA GeForce RTX 5060 Ti,42,MultiFieldQA-en,14,16,341,semantic,49.0689,0.0,0.0,0.0,0,1,1,1,89,345,345,345,47777587200,47777587200,47777587200,6.07,0.021,0.9,0.1,0.35,0.65,0.35,0.65
Qwen/Qwen2.5-7B-Instruct,NVIDIA GeForce RTX 5060 Ti,42,MultiFieldQA-en,14,16,342,multi-hop,67.9368,0.0,0.0,0.0,0,1,1,1,100,356,356,356,50872844288,50872844288,50872844288,6.07,0.021,0.9,0.1,0.35,0.65,0.35,0.65
Qwen/Qwen2.5-7B-Instruct,NVIDIA GeForce RTX 5060 Ti,42,MultiFieldQA-en,14,16,343,structural,47.5671,50.9003,50.2422,0.0,0,0,0,1,95,351,351,351,49453867008,49453867008,49453867008,6.07,0.021,0.9,0.1,0.35,0.65,0.35,0.65
Qwen/Qwen2.5-7B-Instruct,NVIDIA GeForce RTX 5060 Ti,42,MultiFieldQA-en,14,16,344,multi-hop,67.3939,69.6093,70.0887,0.0,0,0,0,1,201,457,457,457,83833659392,83833659392,83833659392,6.07,0.021,0.9,0.1,0.35,0.65,0.35,0.65
Qwen/Qwen2.5-7B-Instruct,NVIDIA GeForce RTX 5060 Ti,42,MultiFieldQA-en,14,16,345,semantic,67.3504,0.0,0.0,0.0,0,1,1,1,53,309,309,309,38326837248,38326837248,38326837248,6.07,0.021,0.9,0.1,0.35,0.65,0.35,0.65
Qwen/Qwen2.5-7B-Instruct,NVIDIA GeForce RTX 5060 Ti,42,MultiFieldQA-en,14,16,346,semantic,50.2253,0.0,0.0,0.0,0,1,1,1,99,355,355,355,50587443200,50587443200,50587443200,6.07,0.021,0.9,0.1,0.35,0.65,0.35,0.65
Qwen/Qwen2.5-7B-Instruct,NVIDIA GeForce RTX 5060 Ti,42,MultiFieldQA-en,14,16,347,structural,66.0372,0.0,0.0,0.0,0,1,1,1,96,352,352,352,49736056832,49736056832,49736056832,6.07,0.021,0.9,0.1,0.35,0.65,0.35,0.65
Qwen/Qwen2.5-7B-Instruct,NVIDIA GeForce RTX 5060 Ti,42,MultiFieldQA-en,14,16,348,structural,66.7771,0.0,0.0,0.0,0,1,1,1,128,384,384,384,59190018048,59190018048,59190018048,6.07,0.021,0.9,0.1,0.35,0.65,0.35,0.65
Qwen/Qwen2.5-7B-Instruct,NVIDIA GeForce RTX 5060 Ti,42,MultiFieldQA-en,14,16,349,semantic,0.0,0.0,0.0,0.0,1,1,1,1,99,355,355,355,50587443200,50587443200,50587443200,6.07,0.021,0.9,0.1,0.35,0.65,0.35,0.65
Qwen/Qwen2.5-7B-Instruct,NVIDIA GeForce RTX 5060 Ti,42,MultiFieldQA-en,14,16,350,semantic,48.3301,0.0,0.0,0.0,0,1,1,1,116,372,372,372,55548444672,55548444672,55548444672,6.07,0.021,0.9,0.1,0.35,0.65,0.35,0.65
Qwen/Qwen2.5-7B-Instruct,NVIDIA GeForce RTX 5060 Ti,42,MultiFieldQA-en,14,16,351,multi-hop,43.2396,49.4699,0.0,0.0,0,0,1,1,104,360,360,360,52022476800,52022476800,52022476800,6.07,0.021,0.9,0.1,0.35,0.65,0.35,0.65
Qwen/Qwen2.5-7B-Instruct,NVIDIA GeForce RTX 5060 Ti,42,MultiFieldQA-en,14,16,352,structural,51.2581,50.7539,0.0,0.0,0,0,1,1,100,356,356,356,50872844288,50872844288,50872844288,6.07,0.021,0.9,0.1,0.35,0.65,0.35,0.65
Qwen/Qwen2.5-7B-Instruct,NVIDIA GeForce RTX 5060 Ti,42,MultiFieldQA-en,14,16,353,semantic,48.0853,0.0,0.0,0.0,0,1,1,1,110,366,366,366,53771010048,53771010048,53771010048,6.07,0.021,0.9,0.1,0.35,0.65,0.35,0.65
Qwen/Qwen2.5-7B-Instruct,NVIDIA GeForce RTX 5060 Ti,42,MultiFieldQA-en,14,16,354,semantic,67.5484,0.0,0.0,0.0,0,1,1,1,149,405,405,405,65840947200,65840947200,65840947200,6.07,0.021,0.9,0.1,0.35,0.65,0.35,0.65
Qwen/Qwen2.5-7B-Instruct,NVIDIA GeForce RTX 5060 Ti,42,MultiFieldQA-en,14,16,355,semantic,0.0,0.0,0.0,0.0,1,1,1,1,149,405,405,405,65840947200,65840947200,65840947200,6.07,0.021,0.9,0.1,0.35,0.65,0.35,0.65
Qwen/Qwen2.5-7B-Instruct,NVIDIA GeForce RTX 5060 Ti,42,MultiFieldQA-en,14,16,356,multi-hop,44.9816,0.0,0.0,0.0,0,1,1,1,71,327,327,327,42922156032,42922156032,42922156032,6.07,0.021,0.9,0.1,0.35,0.65,0.35,0.65
Qwen/Qwen2.5-7B-Instruct,NVIDIA GeForce RTX 5060 Ti,42,MultiFieldQA-en,14,16,357,structural,50.0069,0.0,0.0,0.0,0,1,1,1,78,334,334,334,44779470848,44779470848,44779470848,6.07,0.021,0.9,0.1,0.35,0.65,0.35,0.65
Qwen/Qwen2.5-7B-Instruct,NVIDIA GeForce RTX 5060 Ti,42,MultiFieldQA-en,14,16,358,multi-hop,50.1315,51.2838,0.0,0.0,0,0,1,1,72,328,328,328,43185078272,43185078272,43185078272,6.07,0.021,0.9,0.1,0.35,0.65,0.35,0.65
Qwen/Qwen2.5-7B-Instruct,NVIDIA GeForce RTX 5060 Ti,42,MultiFieldQA-en,14,16,359,structural,51.068,49.9115,48.584,0.0,0,0,0,1,95,351,351,351,49453867008,49453867008,49453867008,6.07,0.021,0.9,0.1,0.35,0.65,0.35,0.65
Qwen/Qwen2.5-7B-Instruct,NVIDIA GeForce RTX 5060 Ti,42,MultiFieldQA-en,14,16,360,structural,49.5144,53.1644,0.0,0.0,0,0,1,1,125,381,381,381,58268786688,58268786688,58268786688,6.07,0.021,0.9,0.1,0.35,0.65,0.35,0.65
Qwen/Qwen2.5-7B-Instruct,NVIDIA GeForce RTX 5060 Ti,42,MultiFieldQA-en,14,16,361,semantic,44.3433,0.0,0.0,0.0,0,1,1,1,43,299,299,299,35886276608,35886276608,35886276608,6.07,0.021,0.9,0.1,0.35,0.65,0.35,0.65
Qwen/Qwen2.5-7B-Instruct,NVIDIA GeForce RTX 5060 Ti,42,MultiFieldQA-en,14,16,362,multi-hop,49.4923,54.9204,50.385,0.0,0,0,0,1,101,357,357,357,51159048192,51159048192,51159048192,6.07,0.021,0.9,0.1,0.35,0.65,0.35,0.65
Qwen/Qwen2.5-7B-Instruct,NVIDIA GeForce RTX 5060 Ti,42,MultiFieldQA-en,14,16,363,structural,67.0602,0.0,0.0,0.0,0,1,1,1,136,392,392,392,61681958912,61681958912,61681958912,6.07,0.021,0.9,0.1,0.35,0.65,0.35,0.65
Qwen/Qwen2.5-7B-Instruct,NVIDIA GeForce RTX 5060 Ti,42,MultiFieldQA-en,14,16,364,semantic,48.1201,0.0,0.0,0.0,0,1,1,1,55,311,311,311,38824583168,38824583168,38824583168,6.07,0.021,0.9,0.1,0.35,0.65,0.35,0.65
Qwen/Qwen2.5-7B-Instruct,NVIDIA GeForce RTX 5060 Ti,42,MultiFieldQA-en,14,16,365,semantic,49.2994,0.0,0.0,0.0,0,1,1,1,95,351,351,351,49453867008,49453867008,49453867008,6.07,0.021,0.9,0.1,0.35,0.65,0.35,0.65
Qwen/Qwen2.5-7B-Instruct,NVIDIA GeForce RTX 5060 Ti,42,MultiFieldQA-en,14,16,366,multi-hop,55.3055,50.2305,50.7645,0.0,0,0,0,1,33,289,289,289,33525997568,33525997568,33525997568,6.07,0.021,0.9,0.1,0.35,0.65,0.35,0.65
Qwen/Qwen2.5-7B-Instruct,NVIDIA GeForce RTX 5060 Ti,42,MultiFieldQA-en,14,16,367,semantic,47.9763,0.0,0.0,0.0,0,1,1,1,86,342,342,342,46950285312,46950285312,46950285312,6.07,0.021,0.9,0.1,0.35,0.65,0.35,0.65
Qwen/Qwen2.5-7B-Instruct,NVIDIA GeForce RTX 5060 Ti,42,MultiFieldQA-en,14,16,368,semantic,42.7943,0.0,0.0,0.0,0,1,1,1,121,377,377,377,57051717632,57051717632,57051717632,6.07,0.021,0.9,0.1,0.35,0.65,0.35,0.65
Qwen/Qwen2.5-7B-Instruct,NVIDIA GeForce RTX 5060 Ti,42,MultiFieldQA-en,14,16,369,semantic,46.7777,0.0,0.0,0.0,0,1,1,1,86,342,342,342,46950285312,46950285312,46950285312,6.07,0.021,0.9,0.1,0.35,0.65,0.35,0.65
Qwen/Qwen2.5-7B-Instruct,NVIDIA GeForce RTX 5060 Ti,42,MultiFieldQA-en,14,16,370,multi-hop,39.2787,0.0,0.0,0.0,0,1,1,1,10,266,266,266,28402024448,28402024448,28402024448,6.07,0.021,0.9,0.1,0.35,0.65,0.35,0.65
Qwen/Qwen2.5-7B-Instruct,NVIDIA GeForce RTX 5060 Ti,42,MultiFieldQA-en,14,16,371,semantic,41.1909,0.0,0.0,0.0,0,1,1,1,48,304,304,304,37096521728,37096521728,37096521728,6.07,0.021,0.9,0.1,0.35,0.65,0.35,0.65
Qwen/Qwen2.5-7B-Instruct,NVIDIA GeForce RTX 5060 Ti,42,MultiFieldQA-en,14,16,372,multi-hop,49.8039,0.0,0.0,0.0,0,1,1,1,106,362,362,362,52602109952,52602109952,52602109952,6.07,0.021,0.9,0.1,0.35,0.65,0.35,0.65
Qwen/Qwen2.5-7B-Instruct,NVIDIA GeForce RTX 5060 Ti,42,MultiFieldQA-en,14,16,373,multi-hop,49.3132,0.0,50.9898,49.9677,0,1,0,0,100,356,356,356,50872844288,50872844288,50872844288,6.07,0.021,0.9,0.1,0.35,0.65,0.35,0.65
Qwen/Qwen2.5-7B-Instruct,NVIDIA GeForce RTX 5060 Ti,42,MultiFieldQA-en,14,16,374,structural,49.3459,51.9883,0.0,0.0,0,0,1,1,150,406,406,406,66166489088,66166489088,66166489088,6.07,0.021,0.9,0.1,0.35,0.65,0.35,0.65
Qwen/Qwen2.5-7B-Instruct,NVIDIA GeForce RTX 5060 Ti,42,MultiFieldQA-en,14,16,375,structural,50.2778,45.164,44.9857,45.3643,0,0,0,0,92,348,348,348,48612114432,48612114432,48612114432,6.07,0.021,0.9,0.1,0.35,0.65,0.35,0.65
Qwen/Qwen2.5-7B-Instruct,NVIDIA GeForce RTX 5060 Ti,42,MultiFieldQA-en,14,16,376,multi-hop,51.9395,52.9191,0.0,0.0,0,0,1,1,95,351,351,351,49453867008,49453867008,49453867008,6.07,0.021,0.9,0.1,0.35,0.65,0.35,0.65
Qwen/Qwen2.5-7B-Instruct,NVIDIA GeForce RTX 5060 Ti,42,MultiFieldQA-en,14,16,377,structural,43.5853,44.887,43.7239,51.1795,0,0,0,0,86,342,342,342,46950285312,46950285312,46950285312,6.07,0.021,0.9,0.1,0.35,0.65,0.35,0.65
Qwen/Qwen2.5-7B-Instruct,NVIDIA GeForce RTX 5060 Ti,42,MultiFieldQA-en,14,16,378,multi-hop,41.9902,42.6901,41.5451,0.0,0,0,0,1,143,399,399,399,63904555008,63904555008,63904555008,6.07,0.021,0.9,0.1,0.35,0.65,0.35,0.65
Qwen/Qwen2.5-7B-Instruct,NVIDIA GeForce RTX 5060 Ti,42,MultiFieldQA-en,14,16,379,structural,51.2224,58.6768,0.0,0.0,0,0,1,1,92,348,348,348,48612114432,48612114432,48612114432,6.07,0.021,0.9,0.1,0.35,0.65,0.35,0.65
Qwen/Qwen2.5-7B-Instruct,NVIDIA GeForce RTX 5060 Ti,42,MultiFieldQA-en,14,16,380,semantic,68.5456,0.0,0.0,0.0,0,1,1,1,150,406,406,406,66166489088,66166489088,66166489088,6.07,0.021,0.9,0.1,0.35,0.65,0.35,0.65
Qwen/Qwen2.5-7B-Instruct,NVIDIA GeForce RTX 5060 Ti,42,MultiFieldQA-en,14,16,381,structural,49.567,51.1841,0.0,0.0,0,0,1,1,111,367,367,367,54065242112,54065242112,54065242112,6.07,0.021,0.9,0.1,0.35,0.65,0.35,0.65
Qwen/Qwen2.5-7B-Instruct,NVIDIA GeForce RTX 5060 Ti,42,MultiFieldQA-en,14,16,382,semantic,38.701,0.0,0.0,0.0,0,1,1,1,1,38,82,38,579633152,2699067392,579633152,6.07,0.021,0.9,0.1,0.35,0.65,0.35,0.65
Qwen/Qwen2.5-7B-Instruct,NVIDIA GeForce RTX 5060 Ti,42,MultiFieldQA-en,14,16,383,multi-hop,87.2824,0.0,0.0,86.4647,0,1,1,0,19,275,275,275,30356480000,30356480000,30356480000,6.07,0.021,0.9,0.1,0.35,0.65,0.35,0.65
Qwen/Qwen2.5-7B-Instruct,NVIDIA GeForce RTX 5060 Ti,42,MultiFieldQA-en,14,16,384,structural,43.6415,45.3787,50.2685,0.0,0,0,0,1,116,372,372,372,55548444672,55548444672,55548444672,6.07,0.021,0.9,0.1,0.35,0.65,0.35,0.65
Qwen/Qwen2.5-7B-Instruct,NVIDIA GeForce RTX 5060 Ti,42,MultiFieldQA-en,14,16,385,multi-hop,66.8865,0.0,0.0,0.0,0,1,1,1,184,440,440,440,77712588800,77712588800,77712588800,6.07,0.021,0.9,0.1,0.35,0.65,0.35,0.65
Qwen/Qwen2.5-7B-Instruct,NVIDIA GeForce RTX 5060 Ti,42,MultiFieldQA-en,14,16,386,semantic,49.4086,0.0,54.6278,0.0,0,1,0,1,85,341,341,341,46676123648,46676123648,46676123648,6.07,0.021,0.9,0.1,0.35,0.65,0.35,0.65
Qwen/Qwen2.5-7B-Instruct,NVIDIA GeForce RTX 5060 Ti,42,MultiFieldQA-en,14,16,387,semantic,50.0006,0.0,51.1422,0.0,0,1,0,1,70,326,326,326,42660036608,42660036608,42660036608,6.07,0.021,0.9,0.1,0.35,0.65,0.35,0.65
Qwen/Qwen2.5-7B-Instruct,NVIDIA GeForce RTX 5060 Ti,42,MultiFieldQA-en,14,16,388,multi-hop,50.0131,0.0,0.0,0.0,0,1,1,1,99,355,355,355,50587443200,50587443200,50587443200,6.07,0.021,0.9,0.1,0.35,0.65,0.35,0.65
Qwen/Qwen2.5-7B-Instruct,NVIDIA GeForce RTX 5060 Ti,42,MultiFieldQA-en,14,16,389,semantic,52.2848,0.0,0.0,0.0,0,1,1,1,81,337,337,337,45587505152,45587505152,45587505152,6.07,0.021,0.9,0.1,0.35,0.65,0.35,0.65
Qwen/Qwen2.5-7B-Instruct,NVIDIA GeForce RTX 5060 Ti,42,MultiFieldQA-en,14,16,390,multi-hop,47.4058,0.0,0.0,0.0,0,1,1,1,67,323,323,323,41878495232,41878495232,41878495232,6.07,0.021,0.9,0.1,0.35,0.65,0.35,0.65
Qwen/Qwen2.5-7B-Instruct,NVIDIA GeForce RTX 5060 Ti,42,MultiFieldQA-en,14,16,391,multi-hop,51.2754,0.0,0.0,52.4603,0,1,1,0,96,352,352,352,49736056832,49736056832,49736056832,6.07,0.021,0.9,0.1,0.35,0.65,0.35,0.65
Qwen/Qwen2.5-7B-Instruct,NVIDIA GeForce RTX 5060 Ti,42,MultiFieldQA-en,14,16,392,multi-hop,58.6356,0.0,53.1842,52.7471,0,1,0,0,53,309,309,309,38326837248,38326837248,38326837248,6.07,0.021,0.9,0.1,0.35,0.65,0.35,0.65
Qwen/Qwen2.5-7B-Instruct,NVIDIA GeForce RTX 5060 Ti,42,MultiFieldQA-en,14,16,393,semantic,50.9373,51.3438,0.0,0.0,0,0,1,1,107,363,363,363,52893130752,52893130752,52893130752,6.07,0.021,0.9,0.1,0.35,0.65,0.35,0.65
Qwen/Qwen2.5-7B-Instruct,NVIDIA GeForce RTX 5060 Ti,42,MultiFieldQA-en,14,16,394,multi-hop,44.8831,0.0,0.0,0.0,0,1,1,1,108,364,364,364,53184954368,53184954368,53184954368,6.07,0.021,0.9,0.1,0.35,0.65,0.35,0.65
Qwen/Qwen2.5-7B-Instruct,NVIDIA GeForce RTX 5060 Ti,42,MultiFieldQA-en,14,16,395,multi-hop,50.0734,51.8436,0.0,0.0,0,0,1,1,137,393,393,393,61997064192,61997064192,61997064192,6.07,0.021,0.9,0.1,0.35,0.65,0.35,0.65
Qwen/Qwen2.5-7B-Instruct,NVIDIA GeForce RTX 5060 Ti,42,MultiFieldQA-en,14,16,396,multi-hop,51.5411,51.6471,0.0,0.0,0,0,1,1,58,314,314,314,39577223168,39577223168,39577223168,6.07,0.021,0.9,0.1,0.35,0.65,0.35,0.65
Qwen/Qwen2.5-7B-Instruct,NVIDIA GeForce RTX 5060 Ti,42,MultiFieldQA-en,14,16,397,structural,54.2476,0.0,0.0,0.0,0,1,1,1,106,362,362,362,52602109952,52602109952,52602109952,6.07,0.021,0.9,0.1,0.35,0.65,0.35,0.65
Qwen/Qwen2.5-7B-Instruct,NVIDIA GeForce RTX 5060 Ti,42,MultiFieldQA-en,14,16,398,multi-hop,49.7294,51.7915,0.0,0.0,0,0,1,1,10,266,266,266,28402024448,28402024448,28402024448,6.07,0.021,0.9,0.1,0.35,0.65,0.35,0.65
Qwen/Qwen2.5-7B-Instruct,NVIDIA GeForce RTX 5060 Ti,42,MultiFieldQA-en,14,16,399,multi-hop,51.9822,0.0,53.2568,50.7196,0,1,0,0,60,316,316,316,40082997248,40082997248,40082997248,6.07,0.021,0.9,0.1,0.35,0.65,0.35,0.65
Qwen/Qwen2.5-7B-Instruct,NVIDIA GeForce RTX 5060 Ti,42,MultiFieldQA-en,14,16,400,multi-hop,49.9688,0.0,0.0,49.9462,0,1,1,0,23,279,279,279,31246000128,31246000128,31246000128,6.07,0.021,0.9,0.1,0.35,0.65,0.35,0.65
Qwen/Qwen2.5-7B-Instruct,NVIDIA GeForce RTX 5060 Ti,42,MultiFieldQA-en,14,16,401,structural,68.2516,66.3454,66.4453,69.974,0,0,0,0,1,38,82,257,579633152,2699067392,26512596992,6.07,0.021,0.9,0.1,0.35,0.65,0.35,0.65
Qwen/Qwen2.5-7B-Instruct,NVIDIA GeForce RTX 5060 Ti,42,MultiFieldQA-en,14,16,402,semantic,50.4541,0.0,0.0,0.0,0,1,1,1,128,384,384,384,59190018048,59190018048,59190018048,6.07,0.021,0.9,0.1,0.35,0.65,0.35,0.65
Qwen/Qwen2.5-7B-Instruct,NVIDIA GeForce RTX 5060 Ti,42,MultiFieldQA-en,14,16,403,multi-hop,89.2995,0.0,0.0,0.0,0,1,1,1,194,450,450,450,81285120000,81285120000,81285120000,6.07,0.021,0.9,0.1,0.35,0.65,0.35,0.65
Qwen/Qwen2.5-7B-Instruct,NVIDIA GeForce RTX 5060 Ti,42,MultiFieldQA-en,14,16,404,semantic,49.783,0.0,0.0,0.0,0,1,1,1,73,329,329,329,43448803328,43448803328,43448803328,6.07,0.021,0.9,0.1,0.35,0.65,0.35,0.65
Qwen/Qwen2.5-7B-Instruct,NVIDIA GeForce RTX 5060 Ti,42,MultiFieldQA-en,14,16,405,structural,55.2483,50.6611,0.0,0.0,0,0,1,1,53,309,309,309,38326837248,38326837248,38326837248,6.07,0.021,0.9,0.1,0.35,0.65,0.35,0.65
Qwen/Qwen2.5-7B-Instruct,NVIDIA GeForce RTX 5060 Ti,42,MultiFieldQA-en,14,16,406,semantic,67.453,0.0,0.0,0.0,0,1,1,1,115,371,371,371,55250198528,55250198528,55250198528,6.07,0.021,0.9,0.1,0.35,0.65,0.35,0.65
Qwen/Qwen2.5-7B-Instruct,NVIDIA GeForce RTX 5060 Ti,42,MultiFieldQA-en,14,16,407,multi-hop,44.6995,45.4619,47.2439,0.0,0,0,0,1,43,299,299,299,35886276608,35886276608,35886276608,6.07,0.021,0.9,0.1,0.35,0.65,0.35,0.65
Qwen/Qwen2.5-7B-Instruct,NVIDIA GeForce RTX 5060 Ti,42,MultiFieldQA-en,14,16,408,multi-hop,44.4923,0.0,0.0,45.0113,0,1,1,0,43,299,299,299,35886276608,35886276608,35886276608,6.07,0.021,0.9,0.1,0.35,0.65,0.35,0.65
Qwen/Qwen2.5-7B-Instruct,NVIDIA GeForce RTX 5060 Ti,42,MultiFieldQA-en,14,16,409,semantic,49.5372,0.0,0.0,0.0,0,1,1,1,109,365,365,365,53477580800,53477580800,53477580800,6.07,0.021,0.9,0.1,0.35,0.65,0.35,0.65
Qwen/Qwen2.5-7B-Instruct,NVIDIA GeForce RTX 5060 Ti,42,MultiFieldQA-en,14,16,410,multi-hop,0.0,0.0,0.0,51.3082,1,1,1,0,137,393,393,393,61997064192,61997064192,61997064192,6.07,0.021,0.9,0.1,0.35,0.65,0.35,0.65
Qwen/Qwen2.5-7B-Instruct,NVIDIA GeForce RTX 5060 Ti,42,MultiFieldQA-en,14,16,411,structural,51.1889,48.8607,51.5938,0.0,0,0,0,1,1,38,82,257,579633152,2699067392,26512596992,6.07,0.021,0.9,0.1,0.35,0.65,0.35,0.65
Qwen/Qwen2.5-7B-Instruct,NVIDIA GeForce RTX 5060 Ti,42,MultiFieldQA-en,14,16,412,multi-hop,52.4329,0.0,52.894,50.1574,0,1,0,0,159,415,415,415,69132492800,69132492800,69132492800,6.07,0.021,0.9,0.1,0.35,0.65,0.35,0.65
Qwen/Qwen2.5-7B-Instruct,NVIDIA GeForce RTX 5060 Ti,42,MultiFieldQA-en,14,16,413,multi-hop,51.2339,56.873,50.849,0.0,0,0,0,1,1,38,82,257,579633152,2699067392,26512596992,6.07,0.021,0.9,0.1,0.35,0.65,0.35,0.65
Qwen/Qwen2.5-7B-Instruct,NVIDIA GeForce RTX 5060 Ti,42,MultiFieldQA-en,14,16,414,multi-hop,50.3176,0.0,51.5053,51.5788,0,1,0,0,85,341,341,341,46676123648,46676123648,46676123648,6.07,0.021,0.9,0.1,0.35,0.65,0.35,0.65
Qwen/Qwen2.5-7B-Instruct,NVIDIA GeForce RTX 5060 Ti,42,MultiFieldQA-en,14,16,415,semantic,43.5123,45.8677,0.0,0.0,0,0,1,1,111,367,367,367,54065242112,54065242112,54065242112,6.07,0.021,0.9,0.1,0.35,0.65,0.35,0.65
Qwen/Qwen2.5-7B-Instruct,NVIDIA GeForce RTX 5060 Ti,42,MultiFieldQA-en,14,16,416,semantic,48.3976,0.0,0.0,0.0,0,1,1,1,78,334,334,334,44779470848,44779470848,44779470848,6.07,0.021,0.9,0.1,0.35,0.65,0.35,0.65
Qwen/Qwen2.5-7B-Instruct,NVIDIA GeForce RTX 5060 Ti,42,MultiFieldQA-en,14,16,417,semantic,42.5787,0.0,0.0,0.0,0,1,1,1,23,279,279,279,31246000128,31246000128,31246000128,6.07,0.021,0.9,0.1,0.35,0.65,0.35,0.65
Qwen/Qwen2.5-7B-Instruct,NVIDIA GeForce RTX 5060 Ti,42,MultiFieldQA-en,14,16,418,multi-hop,54.9372,49.8832,49.7207,0.0,0,0,0,1,101,357,357,357,51159048192,51159048192,51159048192,6.07,0.021,0.9,0.1,0.35,0.65,0.35,0.65
Qwen/Qwen2.5-7B-Instruct,NVIDIA GeForce RTX 5060 Ti,42,MultiFieldQA-en,14,16,419,multi-hop,48.968,50.1884,61.3558,0.0,0,0,0,1,103,359,359,359,51733864448,51733864448,51733864448,6.07,0.021,0.9,0.1,0.35,0.65,0.35,0.65
Qwen/Qwen2.5-7B-Instruct,NVIDIA GeForce RTX 5060 Ti,42,MultiFieldQA-en,14,16,420,structural,49.4641,50.6831,0.0,0.0,0,0,1,1,46,302,302,302,36610015232,36610015232,36610015232,6.07,0.021,0.9,0.1,0.35,0.65,0.35,0.65
Qwen/Qwen2.5-7B-Instruct,NVIDIA GeForce RTX 5060 Ti,42,MultiFieldQA-en,14,16,421,multi-hop,41.5627,43.9793,44.2417,0.0,0,0,0,1,120,376,376,376,56749457408,56749457408,56749457408,6.07,0.021,0.9,0.1,0.35,0.65,0.35,0.65
Qwen/Qwen2.5-7B-Instruct,NVIDIA GeForce RTX 5060 Ti,42,MultiFieldQA-en,14,16,422,multi-hop,51.4428,0.0,0.0,0.0,0,1,1,1,59,315,315,315,39829708800,39829708800,39829708800,6.07,0.021,0.9,0.1,0.35,0.65,0.35,0.65
Qwen/Qwen2.5-7B-Instruct,NVIDIA GeForce RTX 5060 Ti,42,MultiFieldQA-en,14,16,423,semantic,41.2114,0.0,0.0,0.0,0,1,1,1,8,264,264,264,27976531968,27976531968,27976531968,6.07,0.021,0.9,0.1,0.35,0.65,0.35,0.65
Qwen/Qwen2.5-7B-Instruct,NVIDIA GeForce RTX 5060 Ti,42,MultiFieldQA-en,14,16,424,structural,72.9975,0.0,0.0,0.0,0,1,1,1,155,411,411,411,67806240768,67806240768,67806240768,6.07,0.021,0.9,0.1,0.35,0.65,0.35,0.65
Qwen/Qwen2.5-7B-Instruct,NVIDIA GeForce RTX 5060 Ti,42,MultiFieldQA-en,14,16,425,semantic,50.1334,0.0,0.0,0.0,0,1,1,1,79,335,335,335,45048012800,45048012800,45048012800,6.07,0.021,0.9,0.1,0.35,0.65,0.35,0.65
Qwen/Qwen2.5-7B-Instruct,NVIDIA GeForce RTX 5060 Ti,42,MultiFieldQA-en,14,16,426,multi-hop,43.3721,45.1333,43.2695,0.0,0,0,0,1,158,414,414,414,68799725568,68799725568,68799725568,6.07,0.021,0.9,0.1,0.35,0.65,0.35,0.65
Qwen/Qwen2.5-7B-Instruct,NVIDIA GeForce RTX 5060 Ti,42,MultiFieldQA-en,14,16,427,semantic,50.9232,0.0,0.0,0.0,0,1,1,1,33,289,289,289,33525997568,33525997568,33525997568,6.07,0.021,0.9,0.1,0.35,0.65,0.35,0.65
Qwen/Qwen2.5-7B-Instruct,NVIDIA GeForce RTX 5060 Ti,42,MultiFieldQA-en,14,16,428,semantic,43.5892,0.0,0.0,0.0,0,1,1,1,94,350,350,350,49172480000,49172480000,49172480000,6.07,0.021,0.9,0.1,0.35,0.65,0.35,0.65
Qwen/Qwen2.5-7B-Instruct,NVIDIA GeForce RTX 5060 Ti,42,MultiFieldQA-en,14,16,429,multi-hop,55.4058,52.324,0.0,0.0,0,0,1,1,129,385,385,385,59498700800,59498700800,59498700800,6.07,0.021,0.9,0.1,0.35,0.65,0.35,0.65
Qwen/Qwen2.5-7B-Instruct,NVIDIA GeForce RTX 5060 Ti,42,MultiFieldQA-en,14,16,430,semantic,50.8436,0.0,50.033,0.0,0,1,0,1,93,349,349,349,48891895808,48891895808,48891895808,6.07,0.021,0.9,0.1,0.35,0.65,0.35,0.65
Qwen/Qwen2.5-7B-Instruct,NVIDIA GeForce RTX 5060 Ti,42,MultiFieldQA-en,14,16,431,multi-hop,50.3567,52.2042,50.9185,0.0,0,0,0,1,15,271,271,271,29479804928,29479804928,29479804928,6.07,0.021,0.9,0.1,0.35,0.65,0.35,0.65
Qwen/Qwen2.5-7B-Instruct,NVIDIA GeForce RTX 5060 Ti,42,MultiFieldQA-en,14,16,432,structural,51.998,0.0,0.0,0.0,0,1,1,1,66,322,322,322,41619587072,41619587072,41619587072,6.07,0.021,0.9,0.1,0.35,0.65,0.35,0.65
Qwen/Qwen2.5-7B-Instruct,NVIDIA GeForce RTX 5060 Ti,42,MultiFieldQA-en,14,16,433,structural,42.7978,0.0,0.0,0.0,0,1,1,1,41,297,297,297,35407798272,35407798272,35407798272,6.07,0.021,0.9,0.1,0.35,0.65,0.35,0.65
Qwen/Qwen2.5-7B-Instruct,NVIDIA GeForce RTX 5060 Ti,42,MultiFieldQA-en,14,16,434,multi-hop,46.5071,44.516,44.4137,0.0,0,0,0,1,111,367,367,367,54065242112,54065242112,54065242112,6.07,0.021,0.9,0.1,0.35,0.65,0.35,0.65
Qwen/Qwen2.5-7B-Instruct,NVIDIA GeForce RTX 5060 Ti,42,MultiFieldQA-en,14,16,435,structural,51.8143,50.9647,0.0,0.0,0,0,1,1,105,361,361,361,52311891968,52311891968,52311891968,6.07,0.021,0.9,0.1,0.35,0.65,0.35,0.65
Qwen/Qwen2.5-7B-Instruct,NVIDIA GeForce RTX 5060 Ti,42,MultiFieldQA-en,14,16,436,multi-hop,48.5358,0.0,50.6814,48.3329,0,1,0,0,17,273,273,273,29916536832,29916536832,29916536832,6.07,0.021,0.9,0.1,0.35,0.65,0.35,0.65
Qwen/Qwen2.5-7B-Instruct,NVIDIA GeForce RTX 5060 Ti,42,MultiFieldQA-en,14,16,437,multi-hop,43.8259,0.0,0.0,0.0,0,1,1,1,134,390,390,390,61054156800,61054156800,61054156800,6.07,0.021,0.9,0.1,0.35,0.65,0.35,0.65
Qwen/Qwen2.5-7B-Instruct,NVIDIA GeForce RTX 5060 Ti,42,MultiFieldQA-en,14,16,438,multi-hop,41.8396,41.6066,42.5057,0.0,0,0,0,1,45,301,301,301,36367966208,36367966208,36367966208,6.07,0.021,0.9,0.1,0.35,0.65,0.35,0.65
Qwen/Qwen2.5-7B-Instruct,NVIDIA GeForce RTX 5060 Ti,42,MultiFieldQA-en,14,16,439,semantic,48.7439,0.0,0.0,50.1724,0,1,1,0,21,277,277,277,30799634432,30799634432,30799634432,6.07,0.021,0.9,0.1,0.35,0.65,0.35,0.65
Qwen/Qwen2.5-7B-Instruct,NVIDIA GeForce RTX 5060 Ti,42,MultiFieldQA-en,14,16,440,multi-hop,47.9532,0.0,0.0,0.0,0,1,1,1,63,319,319,319,40847679488,40847679488,40847679488,6.07,0.021,0.9,0.1,0.35,0.65,0.35,0.65
Qwen/Qwen2.5-7B-Instruct,NVIDIA GeForce RTX 5060 Ti,42,MultiFieldQA-en,14,16,441,multi-hop,67.3383,0.0,0.0,0.0,0,1,1,1,111,367,367,367,54065242112,54065242112,54065242112,6.07,0.021,0.9,0.1,0.35,0.65,0.35,0.65
Qwen/Qwen2.5-7B-Instruct,NVIDIA GeForce RTX 5060 Ti,42,MultiFieldQA-en,14,16,442,semantic,50.7877,0.0,0.0,0.0,0,1,1,1,156,412,412,412,68136599552,68136599552,68136599552,6.07,0.021,0.9,0.1,0.35,0.65,0.35,0.65
Qwen/Qwen2.5-7B-Instruct,NVIDIA GeForce RTX 5060 Ti,42,MultiFieldQA-en,14,16,443,structural,67.1507,69.552,0.0,0.0,0,0,1,1,11,267,267,267,28615974912,28615974912,28615974912,6.07,0.021,0.9,0.1,0.35,0.65,0.35,0.65
Qwen/Qwen2.5-7B-Instruct,NVIDIA GeForce RTX 5060 Ti,42,MultiFieldQA-en,14,16,444,multi-hop,68.418,0.0,0.0,69.1901,0,1,1,0,150,406,406,406,66166489088,66166489088,66166489088,6.07,0.021,0.9,0.1,0.35,0.65,0.35,0.65
Qwen/Qwen2.5-7B-Instruct,NVIDIA GeForce RTX 5060 Ti,42,MultiFieldQA-en,14,16,445,structural,43.7677,42.1107,48.31,44.7069,0,0,0,0,1,38,82,257,579633152,2699067392,26512596992,6.07,0.021,0.9,0.1,0.35,0.65,0.35,0.65
Qwen/Qwen2.5-7B-Instruct,NVIDIA GeForce RTX 5060 Ti,42,MultiFieldQA-en,14,16,446,structural,49.2925,51.8677,0.0,0.0,0,0,1,1,106,362,362,362,52602109952,52602109952,52602109952,6.07,0.021,0.9,0.1,0.35,0.65,0.35,0.65
Qwen/Qwen2.5-7B-Instruct,NVIDIA GeForce RTX 5060 Ti,42,MultiFieldQA-en,14,16,447,multi-hop,50.281,0.0,0.0,0.0,0,1,1,1,103,359,359,359,51733864448,51733864448,51733864448,6.07,0.021,0.9,0.1,0.35,0.65,0.35,0.65
Qwen/Qwen2.5-7B-Instruct,NVIDIA GeForce RTX 5060 Ti,42,MultiFieldQA-en,14,16,448,multi-hop,49.1501,0.0,0.0,0.0,0,1,1,1,81,337,337,337,45587505152,45587505152,45587505152,6.07,0.021,0.9,0.1,0.35,0.65,0.35,0.65
Qwen/Qwen2.5-7B-Instruct,NVIDIA GeForce RTX 5060 Ti,42,MultiFieldQA-en,14,16,449,semantic,56.2144,0.0,0.0,0.0,0,1,1,1,83,339,339,339,46130208768,46130208768,46130208768,6.07,0.021,0.9,0.1,0.35,0.65,0.35,0.65
Qwen/Qwen2.5-7B-Instruct,NVIDIA GeForce RTX 5060 Ti,42,MultiFieldQA-en,14,16,450,structural,51.1434,52.0869,55.7739,0.0,0,0,0,1,76,332,332,332,44244795392,44244795392,44244795392,6.07,0.021,0.9,0.1,0.35,0.65,0.35,0.65
Qwen/Qwen2.5-7B-Instruct,NVIDIA GeForce RTX 5060 Ti,42,MultiFieldQA-en,14,16,451,semantic,50.9158,0.0,0.0,0.0,0,1,1,1,97,353,353,353,50019049472,50019049472,50019049472,6.07,0.021,0.9,0.1,0.35,0.65,0.35,0.65
Qwen/Qwen2.5-7B-Instruct,NVIDIA GeForce RTX 5060 Ti,42,MultiFieldQA-en,14,16,452,structural,50.4992,56.8508,51.2723,0.0,0,0,0,1,110,366,366,366,53771010048,53771010048,53771010048,6.07,0.021,0.9,0.1,0.35,0.65,0.35,0.65
Qwen/Qwen2.5-7B-Instruct,NVIDIA GeForce RTX 5060 Ti,42,MultiFieldQA-en,14,16,453,multi-hop,51.0391,0.0,0.0,0.0,0,1,1,1,96,352,352,352,49736056832,49736056832,49736056832,6.07,0.021,0.9,0.1,0.35,0.65,0.35,0.65
Qwen/Qwen2.5-7B-Instruct,NVIDIA GeForce RTX 5060 Ti,42,MultiFieldQA-en,14,16,454,multi-hop,54.9737,53.7523,0.0,0.0,0,0,1,1,96,352,352,352,49736056832,49736056832,49736056832,6.07,0.021,0.9,0.1,0.35,0.65,0.35,0.65
Qwen/Qwen2.5-7B-Instruct,NVIDIA GeForce RTX 5060 Ti,42,MultiFieldQA-en,14,16,455,semantic,67.1122,0.0,0.0,0.0,0,1,1,1,163,419,419,419,70471589888,70471589888,70471589888,6.07,0.021,0.9,0.1,0.35,0.65,0.35,0.65
Qwen/Qwen2.5-7B-Instruct,NVIDIA GeForce RTX 5060 Ti,42,MultiFieldQA-en,14,16,456,semantic,48.7409,0.0,50.1294,0.0,0,1,0,1,20,276,276,276,30577655808,30577655808,30577655808,6.07,0.021,0.9,0.1,0.35,0.65,0.35,0.65
Qwen/Qwen2.5-7B-Instruct,NVIDIA GeForce RTX 5060 Ti,42,MultiFieldQA-en,14,16,457,multi-hop,43.2261,0.0,0.0,0.0,0,1,1,1,137,393,393,393,61997064192,61997064192,61997064192,6.07,0.021,0.9,0.1,0.35,0.65,0.35,0.65
Qwen/Qwen2.5-7B-Instruct,NVIDIA GeForce RTX 5060 Ti,42,MultiFieldQA-en,14,16,458,multi-hop,68.2149,0.0,0.0,69.5339,0,1,1,0,150,406,406,406,66166489088,66166489088,66166489088,6.07,0.021,0.9,0.1,0.35,0.65,0.35,0.65
Qwen/Qwen2.5-7B-Instruct,NVIDIA GeForce RTX 5060 Ti,42,MultiFieldQA-en,14,16,459,multi-hop,43.9762,44.6587,45.214,43.6818,0,0,0,0,26,282,282,282,31921569792,31921569792,31921569792,6.07,0.021,0.9,0.1,0.35,0.65,0.35,0.65
Qwen/Qwen2.5-7B-Instruct,NVIDIA GeForce RTX 5060 Ti,42,MultiFieldQA-en,14,16,460,structural,50.9212,0.0,0.0,0.0,0,1,1,1,111,367,367,367,54065242112,54065242112,54065242112,6.07,0.021,0.9,0.1,0.35,0.65,0.35,0.65
Qwen/Qwen2.5-7B-Instruct,NVIDIA GeForce RTX 5060 Ti,42,MultiFieldQA-en,14,16,461,semantic,74.7259,0.0,0.0,0.0,0,1,1,1,158,414,414,414,68799725568,68799725568,68799725568,6.07,0.021,0.9,0.1,0.35,0.65,0.35,0.65
Qwen/Qwen2.5-7B-Instruct,NVIDIA GeForce RTX 5060 Ti,42,MultiFieldQA-en,14,16,462,structural,51.6431,52.5391,0.0,0.0,0,0,1,1,107,363,363,363,52893130752,52893130752,52893130752,6.07,0.021,0.9,0.1,0.35,0.65,0.35,0.65
Qwen/Qwen2.5-7B-Instruct,NVIDIA GeForce RTX 5060 Ti,42,MultiFieldQA-en,14,16,463,semantic,47.5367,0.0,0.0,0.0,0,1,1,1,73,329,329,329,43448803328,43448803328,43448803328,6.07,0.021,0.9,0.1,0.35,0.65,0.35,0.65
Qwen/Qwen2.5-7B-Instruct,NVIDIA GeForce RTX 5060 Ti,42,MultiFieldQA-en,14,16,464,multi-hop,43.769,45.8611,42.7567,0.0,0,0,0,1,47,303,303,303,36852867072,36852867072,36852867072,6.07,0.021,0.9,0.1,0.35,0.65,0.35,0.65
Qwen/Qwen2.5-7B-Instruct,NVIDIA GeForce RTX 5060 Ti,42,MultiFieldQA-en,14,16,465,semantic,0.0,0.0,0.0,0.0,1,1,1,1,102,358,358,358,51446054912,51446054912,51446054912,6.07,0.021,0.9,0.1,0.35,0.65,0.35,0.65
Qwen/Qwen2.5-7B-Instruct,NVIDIA GeForce RTX 5060 Ti,42,MultiFieldQA-en,14,16,466,semantic,0.0,0.0,0.0,0.0,1,1,1,1,99,355,355,355,50587443200,50587443200,50587443200,6.07,0.021,0.9,0.1,0.35,0.65,0.35,0.65
Qwen/Qwen2.5-7B-Instruct,NVIDIA GeForce RTX 5060 Ti,42,MultiFieldQA-en,14,16,467,structural,0.0,51.4273,0.0,0.0,1,0,1,1,116,372,372,372,55548444672,55548444672,55548444672,6.07,0.021,0.9,0.1,0.35,0.65,0.35,0.65
Qwen/Qwen2.5-7B-Instruct,NVIDIA GeForce RTX 5060 Ti,42,MultiFieldQA-en,14,16,468,structural,49.2683,51.7631,50.242,0.0,0,0,0,1,37,293,293,293,34460475392,34460475392,34460475392,6.07,0.021,0.9,0.1,0.35,0.65,0.35,0.65
Qwen/Qwen2.5-7B-Instruct,NVIDIA GeForce RTX 5060 Ti,42,MultiFieldQA-en,14,16,469,multi-hop,41.8702,43.9749,47.2431,0.0,0,0,0,1,91,347,347,347,48333135872,48333135872,48333135872,6.07,0.021,0.9,0.1,0.35,0.65,0.35,0.65
Qwen/Qwen2.5-7B-Instruct,NVIDIA GeForce RTX 5060 Ti,42,MultiFieldQA-en,14,16,470,multi-hop,49.5747,0.0,50.4424,51.785,0,1,0,0,135,391,391,391,61367656448,61367656448,61367656448,6.07,0.021,0.9,0.1,0.35,0.65,0.35,0.65
Qwen/Qwen2.5-7B-Instruct,NVIDIA GeForce RTX 5060 Ti,42,MultiFieldQA-en,14,16,471,structural,47.725,0.0,50.1193,0.0,0,1,0,1,63,319,319,319,40847679488,40847679488,40847679488,6.07,0.021,0.9,0.1,0.35,0.65,0.35,0.65
Qwen/Qwen2.5-7B-Instruct,NVIDIA GeForce RTX 5060 Ti,42,MultiFieldQA-en,14,16,472,multi-hop,49.0802,52.0628,0.0,0.0,0,0,1,1,116,372,372,372,55548444672,55548444672,55548444672,6.07,0.021,0.9,0.1,0.35,0.65,0.35,0.65
Qwen/Qwen2.5-7B-Instruct,NVIDIA GeForce RTX 5060 Ti,42,MultiFieldQA-en,14,16,473,semantic,68.1778,0.0,0.0,64.328,0,1,1,0,114,370,370,370,54952755200,54952755200,54952755200,6.07,0.021,0.9,0.1,0.35,0.65,0.35,0.65
Qwen/Qwen2.5-7B-Instruct,NVIDIA GeForce RTX 5060 Ti,42,MultiFieldQA-en,14,16,474,multi-hop,47.4909,0.0,0.0,47.753,0,1,1,0,86,342,342,342,46950285312,46950285312,46950285312,6.07,0.021,0.9,0.1,0.35,0.65,0.35,0.65
Qwen/Qwen2.5-7B-Instruct,NVIDIA GeForce RTX 5060 Ti,42,MultiFieldQA-en,14,16,475,multi-hop,47.8168,0.0,0.0,49.5203,0,1,1,0,137,393,393,393,61997064192,61997064192,61997064192,6.07,0.021,0.9,0.1,0.35,0.65,0.35,0.65
Qwen/Qwen2.5-7B-Instruct,NVIDIA GeForce RTX 5060 Ti,42,MultiFieldQA-en,14,16,476,multi-hop,47.3408,48.5555,0.0,0.0,0,0,1,1,61,317,317,317,40337088512,40337088512,40337088512,6.07,0.021,0.9,0.1,0.35,0.65,0.35,0.65
Qwen/Qwen2.5-7B-Instruct,NVIDIA GeForce RTX 5060 Ti,42,MultiFieldQA-en,14,16,477,multi-hop,64.1191,0.0,0.0,0.0,0,1,1,1,47,303,303,303,36852867072,36852867072,36852867072,6.07,0.021,0.9,0.1,0.35,0.65,0.35,0.65
Qwen/Qwen2.5-7B-Instruct,NVIDIA GeForce RTX 5060 Ti,42,MultiFieldQA-en,14,16,478,structural,48.0684,46.5428,46.8911,0.0,0,0,0,1,5,116,145,261,5401346048,8439603200,27344314368,6.07,0.021,0.9,0.1,0.35,0.65,0.35,0.65
Qwen/Qwen2.5-7B-Instruct,NVIDIA GeForce RTX 5060 Ti,42,MultiFieldQA-en,14,16,479,structural,49.1337,49.3557,0.0,0.0,0,0,1,1,96,352,352,352,49736056832,49736056832,49736056832,6.07,0.021,0.9,0.1,0.35,0.65,0.35,0.65
Qwen/Qwen2.5-7B-Instruct,NVIDIA GeForce RTX 5060 Ti,42,MultiFieldQA-en,14,16,480,semantic,48.2766,0.0,0.0,46.9539,0,1,1,0,78,334,334,334,44779470848,44779470848,44779470848,6.07,0.021,0.9,0.1,0.35,0.65,0.35,0.65
Qwen/Qwen2.5-7B-Instruct,NVIDIA GeForce RTX 5060 Ti,42,MultiFieldQA-en,14,16,481,multi-hop,65.0518,71.8644,66.1113,0.0,0,0,0,1,150,406,406,406,66166489088,66166489088,66166489088,6.07,0.021,0.9,0.1,0.35,0.65,0.35,0.65
Qwen/Qwen2.5-7B-Instruct,NVIDIA GeForce RTX 5060 Ti,42,MultiFieldQA-en,14,16,482,structural,64.76,64.792,0.0,0.0,0,0,1,1,114,370,370,370,54952755200,54952755200,54952755200,6.07,0.021,0.9,0.1,0.35,0.65,0.35,0.65
Qwen/Qwen2.5-7B-Instruct,NVIDIA GeForce RTX 5060 Ti,42,MultiFieldQA-en,14,16,483,structural,41.5514,38.3956,37.252,38.9995,0,0,0,0,5,116,145,261,5401346048,8439603200,27344314368,6.07,0.021,0.9,0.1,0.35,0.65,0.35,0.65
Qwen/Qwen2.5-7B-Instruct,NVIDIA GeForce RTX 5060 Ti,42,MultiFieldQA-en,14,16,484,multi-hop,44.1841,0.0,0.0,0.0,0,1,1,1,111,367,367,367,54065242112,54065242112,54065242112,6.07,0.021,0.9,0.1,0.35,0.65,0.35,0.65
Qwen/Qwen2.5-7B-Instruct,NVIDIA GeForce RTX 5060 Ti,42,MultiFieldQA-en,14,16,485,multi-hop,51.9612,0.0,0.0,0.0,0,1,1,1,110,366,366,366,53771010048,53771010048,53771010048,6.07,0.021,0.9,0.1,0.35,0.65,0.35,0.65
Qwen/Qwen2.5-7B-Instruct,NVIDIA GeForce RTX 5060 Ti,42,MultiFieldQA-en,14,16,486,multi-hop,50.7661,0.0,52.2159,52.0641,0,1,0,0,110,366,366,366,53771010048,53771010048,53771010048,6.07,0.021,0.9,0.1,0.35,0.65,0.35,0.65
Qwen/Qwen2.5-7B-Instruct,NVIDIA GeForce RTX 5060 Ti,42,MultiFieldQA-en,14,16,487,semantic,49.2136,0.0,0.0,0.0,0,1,1,1,122,378,378,378,57354780672,57354780672,57354780672,6.07,0.021,0.9,0.1,0.35,0.65,0.35,0.65
Qwen/Qwen2.5-7B-Instruct,NVIDIA GeForce RTX 5060 Ti,42,MultiFieldQA-en,14,16,488,multi-hop,56.0225,0.0,0.0,50.4822,0,1,1,0,45,301,301,301,36367966208,36367966208,36367966208,6.07,0.021,0.9,0.1,0.35,0.65,0.35,0.65
Qwen/Qwen2.5-7B-Instruct,NVIDIA GeForce RTX 5060 Ti,42,MultiFieldQA-en,14,16,489,multi-hop,51.1741,0.0,0.0,0.0,0,1,1,1,142,398,398,398,63584632832,63584632832,63584632832,6.07,0.021,0.9,0.1,0.35,0.65,0.35,0.65
Qwen/Qwen2.5-7B-Instruct,NVIDIA GeForce RTX 5060 Ti,42,MultiFieldQA-en,14,16,490,structural,40.3431,41.6764,41.3605,0.0,0,0,0,1,32,288,288,288,33294385152,33294385152,33294385152,6.07,0.021,0.9,0.1,0.35,0.65,0.35,0.65
Qwen/Qwen2.5-7B-Instruct,NVIDIA GeForce RTX 5060 Ti,42,MultiFieldQA-en,14,16,491,structural,51.9175,52.6995,51.576,0.0,0,0,0,1,5,261,261,261,27344314368,27344314368,27344314368,6.07,0.021,0.9,0.1,0.35,0.65,0.35,0.65
Qwen/Qwen2.5-7B-Instruct,NVIDIA GeForce RTX 5060 Ti,42,MultiFieldQA-en,14,16,492,structural,43.8202,44.7864,50.8531,43.9764,0,0,0,0,86,342,342,342,46950285312,46950285312,46950285312,6.07,0.021,0.9,0.1,0.35,0.65,0.35,0.65
Qwen/Qwen2.5-7B-Instruct,NVIDIA GeForce RTX 5060 Ti,42,MultiFieldQA-en,14,16,493,multi-hop,50.1195,0.0,0.0,0.0,0,1,1,1,85,341,341,341,46676123648,46676123648,46676123648,6.07,0.021,0.9,0.1,0.35,0.65,0.35,0.65
Qwen/Qwen2.5-7B-Instruct,NVIDIA GeForce RTX 5060 Ti,42,MultiFieldQA-en,14,16,494,multi-hop,40.0592,40.6103,40.4815,0.0,0,0,0,1,100,356,356,356,50872844288,50872844288,50872844288,6.07,0.021,0.9,0.1,0.35,0.65,0.35,0.65
Qwen/Qwen2.5-7B-Instruct,NVIDIA GeForce RTX 5060 Ti,42,MultiFieldQA-en,14,16,495,structural,0.0,50.5012,0.0,0.0,1,0,1,1,121,377,377,377,57051717632,57051717632,57051717632,6.07,0.021,0.9,0.1,0.35,0.65,0.35,0.65
Qwen/Qwen2.5-7B-Instruct,NVIDIA GeForce RTX 5060 Ti,42,MultiFieldQA-en,14,16,496,structural,48.9815,50.9666,0.0,0.0,0,0,1,1,34,290,290,290,33758412800,33758412800,33758412800,6.07,0.021,0.9,0.1,0.35,0.65,0.35,0.65
Qwen/Qwen2.5-7B-Instruct,NVIDIA GeForce RTX 5060 Ti,42,MultiFieldQA-en,14,16,497,semantic,67.9181,0.0,0.0,0.0,0,1,1,1,150,406,406,406,66166489088,66166489088,66166489088,6.07,0.021,0.9,0.1,0.35,0.65,0.35,0.65
Qwen/Qwen2.5-7B-Instruct,NVIDIA GeForce RTX 5060 Ti,42,MultiFieldQA-en,14,16,498,multi-hop,52.0515,0.0,52.2756,52.3703,0,1,0,0,53,309,309,309,38326837248,38326837248,38326837248,6.07,0.021,0.9,0.1,0.35,0.65,0.35,0.65
Qwen/Qwen2.5-7B-Instruct,NVIDIA GeForce RTX 5060 Ti,42,MultiFieldQA-en,14,16,499,semantic,0.0,0.0,0.0,0.0,1,1,1,1,86,342,342,342,46950285312,46950285312,46950285312,6.07,0.021,0.9,0.1,0.35,0.65,0.35,0.65
Qwen/Qwen2.5-7B-Instruct,NVIDIA GeForce RTX 5060 Ti,42,MultiFieldQA-en,14,16,500,structural,47.9463,50.0518,49.8346,49.2967,0,0,0,0,58,314,314,314,39577223168,39577223168,39577223168,6.07,0.021,0.9,0.1,0.35,0.65,0.35,0.65
Qwen/Qwen2.5-7B-Instruct,NVIDIA GeForce RTX 5060 Ti,42,MultiFieldQA-en,14,16,501,multi-hop,0.0,0.0,69.0484,69.3187,1,1,0,0,94,350,350,350,49172480000,49172480000,49172480000,6.07,0.021,0.9,0.1,0.35,0.65,0.35,0.65
Qwen/Qwen2.5-7B-Instruct,NVIDIA GeForce RTX 5060 Ti,42,MultiFieldQA-en,14,16,502,multi-hop,40.8616,43.238,45.5386,0.0,0,0,0,1,32,288,288,288,33294385152,33294385152,33294385152,6.07,0.021,0.9,0.1,0.35,0.65,0.35,0.65
Qwen/Qwen2.5-7B-Instruct,NVIDIA GeForce RTX 5060 Ti,42,MultiFieldQA-en,14,16,503,structural,49.9988,52.4087,51.4582,0.0,0,0,0,1,96,352,352,352,49736056832,49736056832,49736056832,6.07,0.021,0.9,0.1,0.35,0.65,0.35,0.65
Qwen/Qwen2.5-7B-Instruct,NVIDIA GeForce RTX 5060 Ti,42,MultiFieldQA-en,14,16,504,structural,50.8988,0.0,0.0,0.0,0,1,1,1,201,457,457,457,83833659392,83833659392,83833659392,6.07,0.021,0.9,0.1,0.35,0.65,0.35,0.65
Qwen/Qwen2.5-7B-Instruct,NVIDIA GeForce RTX 5060 Ti,42,MultiFieldQA-en,14,16,505,multi-hop,50.8069,52.4114,51.7718,0.0,0,0,0,1,106,362,362,362,52602109952,52602109952,52602109952,6.07,0.021,0.9,0.1,0.35,0.65,0.35,0.65
Qwen/Qwen2.5-7B-Instruct,NVIDIA GeForce RTX 5060 Ti,42,MultiFieldQA-en,14,16,506,multi-hop,50.7883,0.0,0.0,52.3772,0,1,1,0,111,367,367,367,54065242112,54065242112,54065242112,6.07,0.021,0.9,0.1,0.35,0.65,0.35,0.65
Qwen/Qwen2.5-7B-Instruct,NVIDIA GeForce RTX 5060 Ti,42,MultiFieldQA-en,14,16,507,multi-hop,67.8415,75.046,0.0,0.0,0,0,1,1,11,267,267,267,28615974912,28615974912,28615974912,6.07,0.021,0.9,0.1,0.35,0.65,0.35,0.65
Qwen/Qwen2.5-7B-Instruct,NVIDIA GeForce RTX 5060 Ti,42,MultiFieldQA-en,14,16,508,structural,67.6701,0.0,0.0,0.0,0,1,1,1,34,290,290,290,33758412800,33758412800,33758412800,6.07,0.021,0.9,0.1,0.35,0.65,0.35,0.65
Qwen/Qwen2.5-7B-Instruct,NVIDIA GeForce RTX 5060 Ti,42,MultiFieldQA-en,14,16,509,structural,50.1256,0.0,50.3655,0.0,0,1,0,1,46,302,302,302,36610015232,36610015232,36610015232,6.07,0.021,0.9,0.1,0.35,0.65,0.35,0.65
Qwen/Qwen2.5-7B-Instruct,NVIDIA GeForce RTX 5060 Ti,42,MultiFieldQA-en,14,16,510,semantic,51.0577,0.0,0.0,0.0,0,1,1,1,110,366,366,366,53771010048,53771010048,53771010048,6.07,0.021,0.9,0.1,0.35,0.65,0.35,0.65
Qwen/Qwen2.5-7B-Instruct,NVIDIA GeForce RTX 5060 Ti,42,MultiFieldQA-en,14,16,511,structural,50.9483,0.0,0.0,0.0,0,1,1,1,90,346,346,346,48054960128,48054960128,48054960128,6.07,0.021,0.9,0.1,0.35,0.65,0.35,0.65
Qwen/Qwen2.5-7B-Instruct,NVIDIA GeForce RTX 5060 Ti,42,MultiFieldQA-en,14,16,512,multi-hop,49.5658,56.2837,0.0,0.0,0,0,1,1,17,273,273,273,29916536832,29916536832,29916536832,6.07,0.021,0.9,0.1,0.35,0.65,0.35,0.65
Qwen/Qwen2.5-7B-Instruct,NVIDIA GeForce RTX 5060 Ti,42,MultiFieldQA-en,14,16,513,multi-hop,50.6017,0.0,0.0,0.0,0,1,1,1,122,378,378,378,57354780672,57354780672,57354780672,6.07,0.021,0.9,0.1,0.35,0.65,0.35,0.65
Qwen/Qwen2.5-7B-Instruct,NVIDIA GeForce RTX 5060 Ti,42,MultiFieldQA-en,14,16,514,multi-hop,44.3121,46.6738,0.0,0.0,0,0,1,1,91,347,347,347,48333135872,48333135872,48333135872,6.07,0.021,0.9,0.1,0.35,0.65,0.35,0.65
Qwen/Qwen2.5-7B-Instruct,NVIDIA GeForce RTX 5060 Ti,42,MultiFieldQA-en,14,16,515,structural,68.5804,71.1873,0.0,0.0,0,0,1,1,121,377,377,377,57051717632,57051717632,57051717632,6.07,0.021,0.9,0.1,0.35,0.65,0.35,0.65
Qwen/Qwen2.5-7B-Instruct,NVIDIA GeForce RTX 5060 Ti,42,MultiFieldQA-en,14,16,516,multi-hop,51.3395,0.0,0.0,52.2286,0,1,1,0,55,311,311,311,38824583168,38824583168,38824583168,6.07,0.021,0.9,0.1,0.35,0.65,0.35,0.65
Qwen/Qwen2.5-7B-Instruct,NVIDIA GeForce RTX 5060 Ti,42,MultiFieldQA-en,14,16,517,multi-hop,49.5905,0.0,0.0,0.0,0,1,1,1,125,381,381,381,58268786688,58268786688,58268786688,6.07,0.021,0.9,0.1,0.35,0.65,0.35,0.65
Qwen/Qwen2.5-7B-Instruct,NVIDIA GeForce RTX 5060 Ti,42,MultiFieldQA-en,14,16,518,multi-hop,86.469,0.0,90.3869,91.4604,0,1,0,0,58,314,314,314,39577223168,39577223168,39577223168,6.07,0.021,0.9,0.1,0.35,0.65,0.35,0.65
Qwen/Qwen2.5-7B-Instruct,NVIDIA GeForce RTX 5060 Ti,42,MultiFieldQA-en,14,16,519,structural,51.1281,52.4365,51.652,0.0,0,0,0,1,101,357,357,357,51159048192,51159048192,51159048192,6.07,0.021,0.9,0.1,0.35,0.65,0.35,0.65
Qwen/Qwen2.5-7B-Instruct,NVIDIA GeForce RTX 5060 Ti,42,MultiFieldQA-en,14,16,520,semantic,53.6711,0.0,51.9129,50.5518,0,1,0,0,100,356,356,356,50872844288,50872844288,50872844288,6.07,0.021,0.9,0.1,0.35,0.65,0.35,0.65
Qwen/Qwen2.5-7B-Instruct,NVIDIA GeForce RTX 5060 Ti,42,MultiFieldQA-en,14,16,521,structural,47.5771,45.3525,0.0,0.0,0,0,1,1,119,375,375,375,56448000000,56448000000,56448000000,6.07,0.021,0.9,0.1,0.35,0.65,0.35,0.65
Qwen/Qwen2.5-7B-Instruct,NVIDIA GeForce RTX 5060 Ti,42,MultiFieldQA-en,14,16,522,multi-hop,68.0673,0.0,0.0,0.0,0,1,1,1,34,290,290,290,33758412800,33758412800,33758412800,6.07,0.021,0.9,0.1,0.35,0.65,0.35,0.65
Qwen/Qwen2.5-7B-Instruct,NVIDIA GeForce RTX 5060 Ti,42,MultiFieldQA-en,14,16,523,semantic,69.753,0.0,0.0,0.0,0,1,1,1,150,406,406,406,66166489088,66166489088,66166489088,6.07,0.021,0.9,0.1,0.35,0.65,0.35,0.65
Qwen/Qwen2.5-7B-Instruct,NVIDIA GeForce RTX 5060 Ti,42,MultiFieldQA-en,14,16,524,multi-hop,44.2646,0.0,0.0,0.0,0,1,1,1,60,316,316,316,40082997248,40082997248,40082997248,6.07,0.021,0.9,0.1,0.35,0.65,0.35,0.65
Qwen/Qwen2.5-7B-Instruct,NVIDIA GeForce RTX 5060 Ti,42,MultiFieldQA-en,14,16,525,semantic,50.4455,0.0,0.0,0.0,0,1,1,1,108,364,364,364,53184954368,53184954368,53184954368,6.07,0.021,0.9,0.1,0.35,0.65,0.35,0.65
Qwen/Qwen2.5-7B-Instruct,NVIDIA GeForce RTX 5060 Ti,42,MultiFieldQA-en,14,16,526,multi-hop,0.0,0.0,44.6815,44.9672,1,1,0,0,247,503,503,503,101559836672,101559836672,101559836672,6.07,0.021,0.9,0.1,0.35,0.65,0.35,0.65
Qwen/Qwen2.5-7B-Instruct,NVIDIA GeForce RTX 5060 Ti,42,MultiFieldQA-en,14,16,527,semantic,68.5234,0.0,0.0,0.0,0,1,1,1,155,411,411,411,67806240768,67806240768,67806240768,6.07,0.021,0.9,0.1,0.35,0.65,0.35,0.65
Qwen/Qwen2.5-7B-Instruct,NVIDIA GeForce RTX 5060 Ti,42,MultiFieldQA-en,14,16,528,semantic,47.3668,0.0,48.9007,0.0,0,1,0,1,88,344,344,344,47501017088,47501017088,47501017088,6.07,0.021,0.9,0.1,0.35,0.65,0.35,0.65
Qwen/Qwen2.5-7B-Instruct,NVIDIA GeForce RTX 5060 Ti,42,MultiFieldQA-en,14,16,529,structural,46.7448,55.0362,47.7448,0.0,0,0,0,1,73,329,329,329,43448803328,43448803328,43448803328,6.07,0.021,0.9,0.1,0.35,0.65,0.35,0.65
Qwen/Qwen2.5-7B-Instruct,NVIDIA GeForce RTX 5060 Ti,42,MultiFieldQA-en,14,16,530,semantic,48.7011,0.0,0.0,0.0,0,1,1,1,80,336,336,336,45317357568,45317357568,45317357568,6.07,0.021,0.9,0.1,0.35,0.65,0.35,0.65
Qwen/Qwen2.5-7B-Instruct,NVIDIA GeForce RTX 5060 Ti,42,MultiFieldQA-en,14,16,531,structural,51.8741,50.7755,48.5232,0.0,0,0,0,1,68,324,324,324,42138206208,42138206208,42138206208,6.07,0.021,0.9,0.1,0.35,0.65,0.35,0.65
Qwen/Qwen2.5-7B-Instruct,NVIDIA GeForce RTX 5060 Ti,42,MultiFieldQA-en,14,16,532,multi-hop,48.0222,0.0,52.0761,49.8645,0,1,0,0,135,391,391,391,61367656448,61367656448,61367656448,6.07,0.021,0.9,0.1,0.35,0.65,0.35,0.65
Qwen/Qwen2.5-7B-Instruct,NVIDIA GeForce RTX 5060 Ti,42,MultiFieldQA-en,14,16,533,semantic,39.7905,0.0,0.0,0.0,0,1,1,1,10,266,266,266,28402024448,28402024448,28402024448,6.07,0.021,0.9,0.1,0.35,0.65,0.35,0.65
Qwen/Qwen2.5-7B-Instruct,NVIDIA GeForce RTX 5060 Ti,42,MultiFieldQA-en,14,16,534,multi-hop,47.9149,0.0,0.0,0.0,0,1,1,1,100,356,356,356,50872844288,50872844288,50872844288,6.07,0.021,0.9,0.1,0.35,0.65,0.35,0.65
Qwen/Qwen2.5-7B-Instruct,NVIDIA GeForce RTX 5060 Ti,42,MultiFieldQA-en,14,16,535,multi-hop,51.4674,0.0,0.0,49.6616,0,1,1,0,201,457,457,457,83833659392,83833659392,83833659392,6.07,0.021,0.9,0.1,0.35,0.65,0.35,0.65
Qwen/Qwen2.5-7B-Instruct,NVIDIA GeForce RTX 5060 Ti,42,MultiFieldQA-en,14,16,536,multi-hop,48.3302,55.862,0.0,0.0,0,0,1,1,144,400,400,400,64225280000,64225280000,64225280000,6.07,0.021,0.9,0.1,0.35,0.65,0.35,0.65
Qwen/Qwen2.5-7B-Instruct,NVIDIA GeForce RTX 5060 Ti,42,MultiFieldQA-en,14,16,537,structural,47.0995,0.0,0.0,0.0,0,1,1,1,103,359,359,359,51733864448,51733864448,51733864448,6.07,0.021,0.9,0.1,0.35,0.65,0.35,0.65
Qwen/Qwen2.5-7B-Instruct,NVIDIA GeForce RTX 5060 Ti,42,MultiFieldQA-en,14,16,538,multi-hop,38.149,0.0,0.0,0.0,0,1,1,1,5,116,145,261,5401346048,8439603200,27344314368,6.07,0.021,0.9,0.1,0.35,0.65,0.35,0.65
Qwen/Qwen2.5-7B-Instruct,NVIDIA GeForce RTX 5060 Ti,42,MultiFieldQA-en,14,16,539,multi-hop,46.5362,0.0,0.0,0.0,0,1,1,1,78,334,334,334,44779470848,44779470848,44779470848,6.07,0.021,0.9,0.1,0.35,0.65,0.35,0.65
Qwen/Qwen2.5-7B-Instruct,NVIDIA GeForce RTX 5060 Ti,42,MultiFieldQA-en,14,16,540,multi-hop,42.5643,0.0,0.0,0.0,0,1,1,1,51,307,307,307,37832302592,37832302592,37832302592,6.07,0.021,0.9,0.1,0.35,0.65,0.35,0.65
Qwen/Qwen2.5-7B-Instruct,NVIDIA GeForce RTX 5060 Ti,42,MultiFieldQA-en,14,16,541,multi-hop,42.8504,42.9967,43.1003,0.0,0,0,0,1,43,299,299,299,35886276608,35886276608,35886276608,6.07,0.021,0.9,0.1,0.35,0.65,0.35,0.65
Qwen/Qwen2.5-7B-Instruct,NVIDIA GeForce RTX 5060 Ti,42,MultiFieldQA-en,14,16,542,structural,49.0983,50.8363,50.5617,0.0,0,0,0,1,99,355,355,355,50587443200,50587443200,50587443200,6.07,0.021,0.9,0.1,0.35,0.65,0.35,0.65
Qwen/Qwen2.5-7B-Instruct,NVIDIA GeForce RTX 5060 Ti,42,MultiFieldQA-en,14,16,543,semantic,50.3384,0.0,0.0,0.0,0,1,1,1,128,384,384,384,59190018048,59190018048,59190018048,6.07,0.021,0.9,0.1,0.35,0.65,0.35,0.65
Qwen/Qwen2.5-7B-Instruct,NVIDIA GeForce RTX 5060 Ti,42,MultiFieldQA-en,14,16,544,structural,38.5984,38.6983,39.4491,0.0,0,0,0,1,114,370,370,370,54952755200,54952755200,54952755200,6.07,0.021,0.9,0.1,0.35,0.65,0.35,0.65
Qwen/Qwen2.5-7B-Instruct,NVIDIA GeForce RTX 5060 Ti,42,MultiFieldQA-en,14,16,545,multi-hop,41.9631,0.0,0.0,0.0,0,1,1,1,103,359,359,359,51733864448,51733864448,51733864448,6.07,0.021,0.9,0.1,0.35,0.65,0.35,0.65
Qwen/Qwen2.5-7B-Instruct,NVIDIA GeForce RTX 5060 Ti,42,MultiFieldQA-en,14,16,546,structural,49.3873,49.3171,49.4538,0.0,0,0,0,1,43,299,299,299,35886276608,35886276608,35886276608,6.07,0.021,0.9,0.1,0.35,0.65,0.35,0.65
Qwen/Qwen2.5-7B-Instruct,NVIDIA GeForce RTX 5060 Ti,42,MultiFieldQA-en,14,16,547,multi-hop,66.0812,67.8063,0.0,0.0,0,0,1,1,135,391,391,391,61367656448,61367656448,61367656448,6.07,0.021,0.9,0.1,0.35,0.65,0.35,0.65
Qwen/Qwen2.5-7B-Instruct,NVIDIA GeForce RTX 5060 Ti,42,MultiFieldQA-en,14,16,548,multi-hop,48.9025,0.0,0.0,0.0,0,1,1,1,115,371,371,371,55250198528,55250198528,55250198528,6.07,0.021,0.9,0.1,0.35,0.65,0.35,0.65
Qwen/Qwen2.5-7B-Instruct,NVIDIA GeForce RTX 5060 Ti,42,MultiFieldQA-en,14,16,549,multi-hop,51.4894,0.0,0.0,0.0,0,1,1,1,102,358,358,358,51446054912,51446054912,51446054912,6.07,0.021,0.9,0.1,0.35,0.65,0.35,0.65
Qwen/Qwen2.5-7B-Instruct,NVIDIA GeForce RTX 5060 Ti,42,MultiFieldQA-en,14,16,550,multi-hop,49.1752,0.0,0.0,0.0,0,1,1,1,130,386,386,386,59808186368,59808186368,59808186368,6.07,0.021,0.9,0.1,0.35,0.65,0.35,0.65
Qwen/Qwen2.5-7B-Instruct,NVIDIA GeForce RTX 5060 Ti,42,MultiFieldQA-en,14,16,551,semantic,0.0,68.4125,0.0,67.4757,1,0,1,0,114,370,370,370,54952755200,54952755200,54952755200,6.07,0.021,0.9,0.1,0.35,0.65,0.35,0.65
Qwen/Qwen2.5-7B-Instruct,NVIDIA GeForce RTX 5060 Ti,42,MultiFieldQA-en,14,16,552,structural,50.2579,0.0,0.0,0.0,0,1,1,1,108,364,364,364,53184954368,53184954368,53184954368,6.07,0.021,0.9,0.1,0.35,0.65,0.35,0.65
Qwen/Qwen2.5-7B-Instruct,NVIDIA GeForce RTX 5060 Ti,42,MultiFieldQA-en,14,16,553,semantic,42.485,0.0,0.0,0.0,0,1,1,1,15,271,271,271,29479804928,29479804928,29479804928,6.07,0.021,0.9,0.1,0.35,0.65,0.35,0.65
Qwen/Qwen2.5-7B-Instruct,NVIDIA GeForce RTX 5060 Ti,42,MultiFieldQA-en,14,16,554,multi-hop,50.0266,0.0,0.0,0.0,0,1,1,1,73,329,329,329,43448803328,43448803328,43448803328,6.07,0.021,0.9,0.1,0.35,0.65,0.35,0.65
Qwen/Qwen2.5-7B-Instruct,NVIDIA GeForce RTX 5060 Ti,42,MultiFieldQA-en,14,16,555,semantic,49.2011,0.0,0.0,0.0,0,1,1,1,137,393,393,393,61997064192,61997064192,61997064192,6.07,0.021,0.9,0.1,0.35,0.65,0.35,0.65
Qwen/Qwen2.5-7B-Instruct,NVIDIA GeForce RTX 5060 Ti,42,MultiFieldQA-en,14,16,556,multi-hop,49.1709,0.0,0.0,0.0,0,1,1,1,105,361,361,361,52311891968,52311891968,52311891968,6.07,0.021,0.9,0.1,0.35,0.65,0.35,0.65
Qwen/Qwen2.5-7B-Instruct,NVIDIA GeForce RTX 5060 Ti,42,MultiFieldQA-en,14,16,557,multi-hop,77.7024,68.0131,69.0967,0.0,0,0,0,1,5,116,145,261,5401346048,8439603200,27344314368,6.07,0.021,0.9,0.1,0.35,0.65,0.35,0.65
Qwen/Qwen2.5-7B-Instruct,NVIDIA GeForce RTX 5060 Ti,42,MultiFieldQA-en,14,16,558,structural,41.7682,0.0,0.0,0.0,0,1,1,1,111,367,367,367,54065242112,54065242112,54065242112,6.07,0.021,0.9,0.1,0.35,0.65,0.35,0.65
Qwen/Qwen2.5-7B-Instruct,NVIDIA GeForce RTX 5060 Ti,42,MultiFieldQA-en,14,16,559,structural,52.169,0.0,57.0514,0.0,0,1,0,1,68,324,324,324,42138206208,42138206208,42138206208,6.07,0.021,0.9,0.1,0.35,0.65,0.35,0.65
Qwen/Qwen2.5-7B-Instruct,NVIDIA GeForce RTX 5060 Ti,42,MultiFieldQA-en,14,16,560,multi-hop,49.7218,0.0,51.3816,0.0,0,1,0,1,32,288,288,288,33294385152,33294385152,33294385152,6.07,0.021,0.9,0.1,0.35,0.65,0.35,0.65
Qwen/Qwen2.5-7B-Instruct,NVIDIA GeForce RTX 5060 Ti,42,MultiFieldQA-en,14,16,561,structural,46.9085,45.6727,45.6963,0.0,0,0,0,1,95,351,351,351,49453867008,49453867008,49453867008,6.07,0.021,0.9,0.1,0.35,0.65,0.35,0.65
Qwen/Qwen2.5-7B-Instruct,NVIDIA GeForce RTX 5060 Ti,42,MultiFieldQA-en,14,16,562,semantic,55.1362,0.0,0.0,0.0,0,1,1,1,94,350,350,350,49172480000,49172480000,49172480000,6.07,0.021,0.9,0.1,0.35,0.65,0.35,0.65
Qwen/Qwen2.5-7B-Instruct,NVIDIA GeForce RTX 5060 Ti,42,MultiFieldQA-en,14,16,563,multi-hop,52.1813,0.0,0.0,0.0,0,1,1,1,127,383,383,383,58882138112,58882138112,58882138112,6.07,0.021,0.9,0.1,0.35,0.65,0.35,0.65
Qwen/Qwen2.5-7B-Instruct,NVIDIA GeForce RTX 5060 Ti,42,MultiFieldQA-en,14,16,564,semantic,44.5933,0.0,45.1876,45.4298,0,1,0,0,81,337,337,337,45587505152,45587505152,45587505152,6.07,0.021,0.9,0.1,0.35,0.65,0.35,0.65
Qwen/Qwen2.5-7B-Instruct,NVIDIA GeForce RTX 5060 Ti,42,MultiFieldQA-en,14,16,565,semantic,50.8503,0.0,0.0,0.0,0,1,1,1,142,398,398,398,63584632832,63584632832,63584632832,6.07,0.021,0.9,0.1,0.35,0.65,0.35,0.65
Qwen/Qwen2.5-7B-Instruct,NVIDIA GeForce RTX 5060 Ti,42,MultiFieldQA-en,14,16,566,structural,0.0,0.0,0.0,0.0,1,1,1,1,41,297,297,297,35407798272,35407798272,35407798272,6.07,0.021,0.9,0.1,0.35,0.65,0.35,0.65
Qwen/Qwen2.5-7B-Instruct,NVIDIA GeForce RTX 5060 Ti,42,MultiFieldQA-en,14,16,567,semantic,48.7855,0.0,50.5391,49.2503,0,1,0,0,78,334,334,334,44779470848,44779470848,44779470848,6.07,0.021,0.9,0.1,0.35,0.65,0.35,0.65
Qwen/Qwen2.5-7B-Instruct,NVIDIA GeForce RTX 5060 Ti,42,MultiFieldQA-en,14,16,568,multi-hop,49.6542,51.1514,0.0,0.0,0,0,1,1,83,339,339,339,46130208768,46130208768,46130208768,6.07,0.021,0.9,0.1,0.35,0.65,0.35,0.65
Qwen/Qwen2.5-7B-Instruct,NVIDIA GeForce RTX 5060 Ti,42,MultiFieldQA-en,14,16,569,multi-hop,44.4806,0.0,43.885,44.0676,0,1,0,0,106,362,362,362,52602109952,52602109952,52602109952,6.07,0.021,0.9,0.1,0.35,0.65,0.35,0.65
Qwen/Qwen2.5-7B-Instruct,NVIDIA GeForce RTX 5060 Ti,42,MultiFieldQA-en,14,16,570,multi-hop,50.4164,52.606,49.7712,0.0,0,0,0,1,6,262,262,262,27554250752,27554250752,27554250752,6.07,0.021,0.9,0.1,0.35,0.65,0.35,0.65
Qwen/Qwen2.5-7B-Instruct,NVIDIA GeForce RTX 5060 Ti,42,MultiFieldQA-en,14,16,571,multi-hop,41.102,42.1137,42.0759,0.0,0,0,0,1,102,358,358,358,51446054912,51446054912,51446054912,6.07,0.021,0.9,0.1,0.35,0.65,0.35,0.65
Qwen/Qwen2.5-7B-Instruct,NVIDIA GeForce RTX 5060 Ti,42,MultiFieldQA-en,14,16,572,multi-hop,49.4458,0.0,0.0,0.0,0,1,1,1,127,383,383,383,58882138112,58882138112,58882138112,6.07,0.021,0.9,0.1,0.35,0.65,0.35,0.65
Qwen/Qwen2.5-7B-Instruct,NVIDIA GeForce RTX 5060 Ti,42,MultiFieldQA-en,14,16,573,multi-hop,49.2801,0.0,0.0,0.0,0,1,1,1,96,352,352,352,49736056832,49736056832,49736056832,6.07,0.021,0.9,0.1,0.35,0.65,0.35,0.65
Qwen/Qwen2.5-7B-Instruct,NVIDIA GeForce RTX 5060 Ti,42,MultiFieldQA-en,14,16,574,semantic,55.5066,0.0,0.0,0.0,0,1,1,1,72,328,328,328,43185078272,43185078272,43185078272,6.07,0.021,0.9,0.1,0.35,0.65,0.35,0.65
Qwen/Qwen2.5-7B-Instruct,NVIDIA GeForce RTX 5060 Ti,42,MultiFieldQA-en,14,16,575,multi-hop,67.032,0.0,0.0,0.0,0,1,1,1,20,276,276,276,30577655808,30577655808,30577655808,6.07,0.021,0.9,0.1,0.35,0.65,0.35,0.65
Qwen/Qwen2.5-7B-Instruct,NVIDIA GeForce RTX 5060 Ti,42,MultiFieldQA-en,14,16,576,structural,52.0068,50.511,50.6667,0.0,0,0,0,1,21,277,277,277,30799634432,30799634432,30799634432,6.07,0.021,0.9,0.1,0.35,0.65,0.35,0.65
Qwen/Qwen2.5-7B-Instruct,NVIDIA GeForce RTX 5060 Ti,42,MultiFieldQA-en,14,16,577,multi-hop,67.0535,0.0,69.2326,67.3018,0,1,0,0,48,304,304,304,37096521728,37096521728,37096521728,6.07,0.021,0.9,0.1,0.35,0.65,0.35,0.65
Qwen/Qwen2.5-7B-Instruct,NVIDIA GeForce RTX 5060 Ti,42,MultiFieldQA-en,14,16,578,structural,46.6111,0.0,0.0,0.0,0,1,1,1,124,380,380,380,57963315200,57963315200,57963315200,6.07,0.021,0.9,0.1,0.35,0.65,0.35,0.65
Qwen/Qwen2.5-7B-Instruct,NVIDIA GeForce RTX 5060 Ti,42,MultiFieldQA-en,14,16,579,multi-hop,48.5481,51.5009,51.3555,0.0,0,0,0,1,93,349,349,349,48891895808,48891895808,48891895808,6.07,0.021,0.9,0.1,0.35,0.65,0.35,0.65
Qwen/Qwen2.5-7B-Instruct,NVIDIA GeForce RTX 5060 Ti,42,MultiFieldQA-en,14,16,580,multi-hop,47.1576,0.0,0.0,43.9441,0,1,1,0,99,355,355,355,50587443200,50587443200,50587443200,6.07,0.021,0.9,0.1,0.35,0.65,0.35,0.65
Qwen/Qwen2.5-7B-Instruct,NVIDIA GeForce RTX 5060 Ti,42,MultiFieldQA-en,14,16,581,semantic,48.1169,0.0,0.0,0.0,0,1,1,1,101,357,357,357,51159048192,51159048192,51159048192,6.07,0.021,0.9,0.1,0.35,0.65,0.35,0.65
Qwen/Qwen2.5-7B-Instruct,NVIDIA GeForce RTX 5060 Ti,42,MultiFieldQA-en,14,16,582,semantic,48.9218,0.0,0.0,0.0,0,1,1,1,92,348,348,348,48612114432,48612114432,48612114432,6.07,0.021,0.9,0.1,0.35,0.65,0.35,0.65
Qwen/Qwen2.5-7B-Instruct,NVIDIA GeForce RTX 5060 Ti,42,MultiFieldQA-en,14,16,583,multi-hop,50.3772,52.1617,51.4374,0.0,0,0,0,1,86,342,342,342,46950285312,46950285312,46950285312,6.07,0.021,0.9,0.1,0.35,0.65,0.35,0.65
Qwen/Qwen2.5-7B-Instruct,NVIDIA GeForce RTX 5060 Ti,42,MultiFieldQA-en,14,16,584,multi-hop,50.7916,48.5514,47.7056,0.0,0,0,0,1,85,341,341,341,46676123648,46676123648,46676123648,6.07,0.021,0.9,0.1,0.35,0.65,0.35,0.65
Qwen/Qwen2.5-7B-Instruct,NVIDIA GeForce RTX 5060 Ti,42,MultiFieldQA-en,14,16,585,multi-hop,48.7251,0.0,0.0,0.0,0,1,1,1,101,357,357,357,51159048192,51159048192,51159048192,6.07,0.021,0.9,0.1,0.35,0.65,0.35,0.65
Qwen/Qwen2.5-7B-Instruct,NVIDIA GeForce RTX 5060 Ti,42,MultiFieldQA-en,14,16,586,semantic,64.0519,0.0,0.0,0.0,0,1,1,1,114,370,370,370,54952755200,54952755200,54952755200,6.07,0.021,0.9,0.1,0.35,0.65,0.35,0.65
Qwen/Qwen2.5-7B-Instruct,NVIDIA GeForce RTX 5060 Ti,42,MultiFieldQA-en,14,16,587,semantic,63.4156,0.0,0.0,65.2001,0,1,1,0,125,381,381,381,58268786688,58268786688,58268786688,6.07,0.021,0.9,0.1,0.35,0.65,0.35,0.65
Qwen/Qwen2.5-7B-Instruct,NVIDIA GeForce RTX 5060 Ti,42,MultiFieldQA-en,14,16,588,multi-hop,52.4833,46.9152,46.9832,0.0,0,0,0,1,1,38,82,257,579633152,2699067392,26512596992,6.07,0.021,0.9,0.1,0.35,0.65,0.35,0.65
Qwen/Qwen2.5-7B-Instruct,NVIDIA GeForce RTX 5060 Ti,42,MultiFieldQA-en,14,16,589,semantic,47.4544,0.0,0.0,0.0,0,1,1,1,73,329,329,329,43448803328,43448803328,43448803328,6.07,0.021,0.9,0.1,0.35,0.65,0.35,0.65
Qwen/Qwen2.5-7B-Instruct,NVIDIA GeForce RTX 5060 Ti,42,MultiFieldQA-en,14,16,590,structural,64.491,65.9415,0.0,0.0,0,0,1,1,42,298,298,298,35646636032,35646636032,35646636032,6.07,0.021,0.9,0.1,0.35,0.65,0.35,0.65
Qwen/Qwen2.5-7B-Instruct,NVIDIA GeForce RTX 5060 Ti,42,MultiFieldQA-en,14,16,591,semantic,45.6039,0.0,0.0,0.0,0,1,1,1,122,378,378,378,57354780672,57354780672,57354780672,6.07,0.021,0.9,0.1,0.35,0.65,0.35,0.65
Qwen/Qwen2.5-7B-Instruct,NVIDIA GeForce RTX 5060 Ti,42,MultiFieldQA-en,14,16,592,structural,48.1928,49.3189,0.0,0.0,0,0,1,1,51,307,307,307,37832302592,37832302592,37832302592,6.07,0.021,0.9,0.1,0.35,0.65,0.35,0.65
Qwen/Qwen2.5-7B-Instruct,NVIDIA GeForce RTX 5060 Ti,42,MultiFieldQA-en,14,16,593,semantic,49.0357,0.0,0.0,0.0,0,1,1,1,141,397,397,397,63265513472,63265513472,63265513472,6.07,0.021,0.9,0.1,0.35,0.65,0.35,0.65
Qwen/Qwen2.5-7B-Instruct,NVIDIA GeForce RTX 5060 Ti,42,MultiFieldQA-en,14,16,594,structural,47.8183,49.5037,47.8262,0.0,0,0,0,1,5,261,261,261,27344314368,27344314368,27344314368,6.07,0.021,0.9,0.1,0.35,0.65,0.35,0.65
Qwen/Qwen2.5-7B-Instruct,NVIDIA GeForce RTX 5060 Ti,42,MultiFieldQA-en,14,16,595,multi-hop,47.777,0.0,0.0,0.0,0,1,1,1,81,337,337,337,45587505152,45587505152,45587505152,6.07,0.021,0.9,0.1,0.35,0.65,0.35,0.65
Qwen/Qwen2.5-7B-Instruct,NVIDIA GeForce RTX 5060 Ti,42,MultiFieldQA-en,14,16,596,multi-hop,47.9205,49.4897,0.0,0.0,0,0,1,1,92,348,348,348,48612114432,48612114432,48612114432,6.07,0.021,0.9,0.1,0.35,0.65,0.35,0.65
Qwen/Qwen2.5-7B-Instruct,NVIDIA GeForce RTX 5060 Ti,42,MultiFieldQA-en,14,16,597,semantic,49.9308,0.0,50.385,0.0,0,1,0,1,85,341,341,341,46676123648,46676123648,46676123648,6.07,0.021,0.9,0.1,0.35,0.65,0.35,0.65
Qwen/Qwen2.5-7B-Instruct,NVIDIA GeForce RTX 5060 Ti,42,MultiFieldQA-en,14,16,598,multi-hop,49.7796,50.8305,49.6475,0.0,0,0,0,1,21,277,277,277,30799634432,30799634432,30799634432,6.07,0.021,0.9,0.1,0.35,0.65,0.35,0.65
Qwen/Qwen2.5-7B-Instruct,NVIDIA GeForce RTX 5060 Ti,42,MultiFieldQA-en,14,16,599,multi-hop,43.4698,0.0,44.3945,43.2378,0,1,0,0,83,339,339,339,46130208768,46130208768,46130208768,6.07,0.021,0.9,0.1,0.35,0.65,0.35,0.65
Qwen/Qwen2.5-7B-Instruct,NVIDIA GeForce RTX 5060 Ti,42,MultiFieldQA-en,16,16,0,structural,43.9963,43.9256,43.2551,0.0,0,0,0,1,107,363,363,363,52893130752,52893130752,52893130752,6.07,0.021,0.9,0.1,0.35,0.65,0.35,0.65
Qwen/Qwen2.5-7B-Instruct,NVIDIA GeForce RTX 5060 Ti,42,MultiFieldQA-en,16,16,1,multi-hop,46.9979,43.9018,42.8654,0.0,0,0,0,1,114,370,370,370,54952755200,54952755200,54952755200,6.07,0.021,0.9,0.1,0.35,0.65,0.35,0.65
Qwen/Qwen2.5-7B-Instruct,NVIDIA GeForce RTX 5060 Ti,42,MultiFieldQA-en,16,16,2,multi-hop,51.082,0.0,0.0,0.0,0,1,1,1,91,347,347,347,48333135872,48333135872,48333135872,6.07,0.021,0.9,0.1,0.35,0.65,0.35,0.65
Qwen/Qwen2.5-7B-Instruct,NVIDIA GeForce RTX 5060 Ti,42,MultiFieldQA-en,16,16,3,semantic,40.3075,0.0,41.32,0.0,0,1,0,1,85,341,341,341,46676123648,46676123648,46676123648,6.07,0.021,0.9,0.1,0.35,0.65,0.35,0.65
Qwen/Qwen2.5-7B-Instruct,NVIDIA GeForce RTX 5060 Ti,42,MultiFieldQA-en,16,16,4,structural,47.5527,50.8998,48.8731,0.0,0,0,0,1,65,321,321,321,41361481728,41361481728,41361481728,6.07,0.021,0.9,0.1,0.35,0.65,0.35,0.65
Qwen/Qwen2.5-7B-Instruct,NVIDIA GeForce RTX 5060 Ti,42,MultiFieldQA-en,16,16,5,multi-hop,48.8299,0.0,0.0,49.301,0,1,1,0,119,375,375,375,56448000000,56448000000,56448000000,6.07,0.021,0.9,0.1,0.35,0.65,0.35,0.65
Qwen/Qwen2.5-7B-Instruct,NVIDIA GeForce RTX 5060 Ti,42,MultiFieldQA-en,16,16,6,structural,49.4596,0.0,0.0,0.0,0,1,1,1,156,412,412,412,68136599552,68136599552,68136599552,6.07,0.021,0.9,0.1,0.35,0.65,0.35,0.65
Qwen/Qwen2.5-7B-Instruct,NVIDIA GeForce RTX 5060 Ti,42,MultiFieldQA-en,16,16,7,multi-hop,55.0391,52.2234,0.0,0.0,0,0,1,1,144,400,400,400,64225280000,64225280000,64225280000,6.07,0.021,0.9,0.1,0.35,0.65,0.35,0.65
Qwen/Qwen2.5-7B-Instruct,NVIDIA GeForce RTX 5060 Ti,42,MultiFieldQA-en,16,16,8,multi-hop,47.3514,0.0,0.0,0.0,0,1,1,1,108,364,364,364,53184954368,53184954368,53184954368,6.07,0.021,0.9,0.1,0.35,0.65,0.35,0.65
Qwen/Qwen2.5-7B-Instruct,NVIDIA GeForce RTX 5060 Ti,42,MultiFieldQA-en,16,16,9,structural,49.4598,50.9712,50.5729,0.0,0,0,0,1,102,358,358,358,51446054912,51446054912,51446054912,6.07,0.021,0.9,0.1,0.35,0.65,0.35,0.65
Qwen/Qwen2.5-7B-Instruct,NVIDIA GeForce RTX 5060 Ti,42,MultiFieldQA-en,16,16,10,multi-hop,50.1503,0.0,50.2097,51.0453,0,1,0,0,127,383,383,383,58882138112,58882138112,58882138112,6.07,0.021,0.9,0.1,0.35,0.65,0.35,0.65
Qwen/Qwen2.5-7B-Instruct,NVIDIA GeForce RTX 5060 Ti,42,MultiFieldQA-en,16,16,11,semantic,55.1274,0.0,0.0,0.0,0,1,1,1,91,347,347,347,48333135872,48333135872,48333135872,6.07,0.021,0.9,0.1,0.35,0.65,0.35,0.65
Qwen/Qwen2.5-7B-Instruct,NVIDIA GeForce RTX 5060 Ti,42,MultiFieldQA-en,16,16,12,semantic,48.5588,0.0,0.0,0.0,0,1,1,1,119,375,375,375,56448000000,56448000000,56448000000,6.07,0.021,0.9,0.1,0.35,0.65,0.35,0.65
Qwen/Qwen2.5-7B-Instruct,NVIDIA GeForce RTX 5060 Ti,42,MultiFieldQA-en,16,16,13,semantic,49.1239,0.0,0.0,51.1346,0,1,1,0,27,283,283,283,32148365312,32148365312,32148365312,6.07,0.021,0.9,0.1,0.35,0.65,0.35,0.65
Qwen/Qwen2.5-7B-Instruct,NVIDIA GeForce RTX 5060 Ti,42,MultiFieldQA-en,16,16,14,multi-hop,50.393,0.0,0.0,51.0606,0,1,1,0,101,357,357,357,51159048192,51159048192,51159048192,6.07,0.021,0.9,0.1,0.35,0.65,0.35,0.65
Qwen/Qwen2.5-7B-Instruct,NVIDIA GeForce RTX 5060 Ti,42,MultiFieldQA-en,16,16,15,structural,49.7922,0.0,0.0,0.0,0,1,1,1,43,299,299,299,35886276608,35886276608,35886276608,6.07,0.021,0.9,0.1,0.35,0.65,0.35,0.65
Qwen/Qwen2.5-7B-Instruct,NVIDIA GeForce RTX 5060 Ti,42,MultiFieldQA-en,16,16,16,structural,48.7283,0.0,0.0,0.0,0,1,1,1,119,375,375,375,56448000000,56448000000,56448000000,6.07,0.021,0.9,0.1,0.35,0.65,0.35,0.65
Qwen/Qwen2.5-7B-Instruct,NVIDIA GeForce RTX 5060 Ti,42,MultiFieldQA-en,16,16,17,semantic,42.2088,0.0,0.0,0.0,0,1,1,1,121,377,377,377,57051717632,57051717632,57051717632,6.07,0.021,0.9,0.1,0.35,0.65,0.35,0.65
Qwen/Qwen2.5-7B-Instruct,NVIDIA GeForce RTX 5060 Ti,42,MultiFieldQA-en,16,16,18,semantic,42.2852,0.0,0.0,0.0,0,1,1,1,90,346,346,346,48054960128,48054960128,48054960128,6.07,0.021,0.9,0.1,0.35,0.65,0.35,0.65
Qwen/Qwen2.5-7B-Instruct,NVIDIA GeForce RTX 5060 Ti,42,MultiFieldQA-en,16,16,19,multi-hop,45.7639,43.4369,0.0,0.0,0,0,1,1,125,381,381,381,58268786688,58268786688,58268786688,6.07,0.021,0.9,0.1,0.35,0.65,0.35,0.65
Qwen/Qwen2.5-7B-Instruct,NVIDIA GeForce RTX 5060 Ti,42,MultiFieldQA-en,16,16,20,multi-hop,51.6407,52.4022,52.1111,0.0,0,0,0,1,150,406,406,406,66166489088,66166489088,66166489088,6.07,0.021,0.9,0.1,0.35,0.65,0.35,0.65
Qwen/Qwen2.5-7B-Instruct,NVIDIA GeForce RTX 5060 Ti,42,MultiFieldQA-en,16,16,21,multi-hop,47.0151,0.0,0.0,0.0,0,1,1,1,73,329,329,329,43448803328,43448803328,43448803328,6.07,0.021,0.9,0.1,0.35,0.65,0.35,0.65
Qwen/Qwen2.5-7B-Instruct,NVIDIA GeForce RTX 5060 Ti,42,MultiFieldQA-en,16,16,22,structural,49.9434,50.6454,51.2966,0.0,0,0,0,1,83,339,339,339,46130208768,46130208768,46130208768,6.07,0.021,0.9,0.1,0.35,0.65,0.35,0.65
Qwen/Qwen2.5-7B-Instruct,NVIDIA GeForce RTX 5060 Ti,42,MultiFieldQA-en,16,16,23,semantic,51.2243,0.0,0.0,0.0,0,1,1,1,65,321,321,321,41361481728,41361481728,41361481728,6.07,0.021,0.9,0.1,0.35,0.65,0.35,0.65
Qwen/Qwen2.5-7B-Instruct,NVIDIA GeForce RTX 5060 Ti,42,MultiFieldQA-en,16,16,24,semantic,43.8678,0.0,0.0,0.0,0,1,1,1,43,299,299,299,35886276608,35886276608,35886276608,6.07,0.021,0.9,0.1,0.35,0.65,0.35,0.65
Qwen/Qwen2.5-7B-Instruct,NVIDIA GeForce RTX 5060 Ti,42,MultiFieldQA-en,16,16,25,multi-hop,50.9412,0.0,0.0,50.9673,0,1,1,0,103,359,359,359,51733864448,51733864448,51733864448,6.07,0.021,0.9,0.1,0.35,0.65,0.35,0.65
Qwen/Qwen2.5-7B-Instruct,NVIDIA GeForce RTX 5060 Ti,42,MultiFieldQA-en,16,16,26,multi-hop,85.9589,0.0,0.0,0.0,0,1,1,1,4,260,260,260,27135180800,27135180800,27135180800,6.07,0.021,0.9,0.1,0.35,0.65,0.35,0.65
Qwen/Qwen2.5-7B-Instruct,NVIDIA GeForce RTX 5060 Ti,42,MultiFieldQA-en,16,16,27,multi-hop,49.3837,0.0,51.682,0.0,0,1,0,1,110,366,366,366,53771010048,53771010048,53771010048,6.07,0.021,0.9,0.1,0.35,0.65,0.35,0.65
Qwen/Qwen2.5-7B-Instruct,NVIDIA GeForce RTX 5060 Ti,42,MultiFieldQA-en,16,16,28,semantic,39.9646,0.0,0.0,0.0,0,1,1,1,1,165,113,87,10928332800,5125578752,3038257152,6.07,0.021,0.9,0.1,0.35,0.65,0.35,0.65
Qwen/Qwen2.5-7B-Instruct,NVIDIA GeForce RTX 5060 Ti,42,MultiFieldQA-en,16,16,29,structural,40.0593,40.9742,0.0,0.0,0,0,1,1,26,282,282,282,31921569792,31921569792,31921569792,6.07,0.021,0.9,0.1,0.35,0.65,0.35,0.65
Qwen/Qwen2.5-7B-Instruct,NVIDIA GeForce RTX 5060 Ti,42,MultiFieldQA-en,16,16,30,multi-hop,0.0,0.0,0.0,0.0,1,1,1,1,119,375,375,375,56448000000,56448000000,56448000000,6.07,0.021,0.9,0.1,0.35,0.65,0.35,0.65
Qwen/Qwen2.5-7B-Instruct,NVIDIA GeForce RTX 5060 Ti,42,MultiFieldQA-en,16,16,31,multi-hop,0.0,0.0,0.0,0.0,1,1,1,1,1,165,113,257,10928332800,5125578752,26512596992,6.07,0.021,0.9,0.1,0.35,0.65,0.35,0.65
Qwen/Qwen2.5-7B-Instruct,NVIDIA GeForce RTX 5060 Ti,42,MultiFieldQA-en,16,16,32,semantic,48.995,0.0,0.0,0.0,0,1,1,1,73,329,329,329,43448803328,43448803328,43448803328,6.07,0.021,0.9,0.1,0.35,0.65,0.35,0.65
Qwen/Qwen2.5-7B-Instruct,NVIDIA GeForce RTX 5060 Ti,42,MultiFieldQA-en,16,16,33,structural,67.4199,0.0,0.0,0.0,0,1,1,1,111,367,367,367,54065242112,54065242112,54065242112,6.07,0.021,0.9,0.1,0.35,0.65,0.35,0.65
Qwen/Qwen2.5-7B-Instruct,NVIDIA GeForce RTX 5060 Ti,42,MultiFieldQA-en,16,16,34,structural,43.8393,49.2773,43.8605,0.0,0,0,0,1,107,363,363,363,52893130752,52893130752,52893130752,6.07,0.021,0.9,0.1,0.35,0.65,0.35,0.65
Qwen/Qwen2.5-7B-Instruct,NVIDIA GeForce RTX 5060 Ti,42,MultiFieldQA-en,16,16,35,semantic,50.3783,0.0,0.0,0.0,0,1,1,1,88,344,344,344,47501017088,47501017088,47501017088,6.07,0.021,0.9,0.1,0.35,0.65,0.35,0.65
Qwen/Qwen2.5-7B-Instruct,NVIDIA GeForce RTX 5060 Ti,42,MultiFieldQA-en,16,16,36,structural,44.7754,0.0,0.0,0.0,0,1,1,1,104,360,360,360,52022476800,52022476800,52022476800,6.07,0.021,0.9,0.1,0.35,0.65,0.35,0.65
Qwen/Qwen2.5-7B-Instruct,NVIDIA GeForce RTX 5060 Ti,42,MultiFieldQA-en,16,16,37,multi-hop,44.9261,0.0,43.7626,45.4305,0,1,0,0,106,362,362,362,52602109952,52602109952,52602109952,6.07,0.021,0.9,0.1,0.35,0.65,0.35,0.65
Qwen/Qwen2.5-7B-Instruct,NVIDIA GeForce RTX 5060 Ti,42,MultiFieldQA-en,16,16,38,multi-hop,43.0926,0.0,0.0,0.0,0,1,1,1,134,390,390,390,61054156800,61054156800,61054156800,6.07,0.021,0.9,0.1,0.35,0.65,0.35,0.65
Qwen/Qwen2.5-7B-Instruct,NVIDIA GeForce RTX 5060 Ti,42,MultiFieldQA-en,16,16,39,multi-hop,40.6266,41.4845,43.0631,0.0,0,0,0,1,177,433,433,433,75259584512,75259584512,75259584512,6.07,0.021,0.9,0.1,0.35,0.65,0.35,0.65
Qwen/Qwen2.5-7B-Instruct,NVIDIA GeForce RTX 5060 Ti,42,MultiFieldQA-en,16,16,40,semantic,44.0266,0.0,0.0,0.0,0,1,1,1,35,291,291,291,33991630848,33991630848,33991630848,6.07,0.021,0.9,0.1,0.35,0.65,0.35,0.65
Qwen/Qwen2.5-7B-Instruct,NVIDIA GeForce RTX 5060 Ti,42,MultiFieldQA-en,16,16,41,multi-hop,49.61,52.3546,0.0,0.0,0,0,1,1,110,366,366,366,53771010048,53771010048,53771010048,6.07,0.021,0.9,0.1,0.35,0.65,0.35,0.65
Qwen/Qwen2.5-7B-Instruct,NVIDIA GeForce RTX 5060 Ti,42,MultiFieldQA-en,16,16,42,semantic,40.216,42.9739,41.2107,0.0,0,0,0,1,107,363,363,363,52893130752,52893130752,52893130752,6.07,0.021,0.9,0.1,0.35,0.65,0.35,0.65
Qwen/Qwen2.5-7B-Instruct,NVIDIA GeForce RTX 5060 Ti,42,MultiFieldQA-en,16,16,43,semantic,48.1399,0.0,49.1257,0.0,0,1,0,1,93,349,349,349,48891895808,48891895808,48891895808,6.07,0.021,0.9,0.1,0.35,0.65,0.35,0.65
Qwen/Qwen2.5-7B-Instruct,NVIDIA GeForce RTX 5060 Ti,42,MultiFieldQA-en,16,16,44,multi-hop,37.3689,38.3191,38.0934,0.0,0,0,0,1,120,376,376,376,56749457408,56749457408,56749457408,6.07,0.021,0.9,0.1,0.35,0.65,0.35,0.65
Qwen/Qwen2.5-7B-Instruct,NVIDIA GeForce RTX 5060 Ti,42,MultiFieldQA-en,16,16,45,structural,46.8529,0.0,0.0,0.0,0,1,1,1,115,371,371,371,55250198528,55250198528,55250198528,6.07,0.021,0.9,0.1,0.35,0.65,0.35,0.65
Qwen/Qwen2.5-7B-Instruct,NVIDIA GeForce RTX 5060 Ti,42,MultiFieldQA-en,16,16,46,structural,41.7446,43.0764,41.6385,0.0,0,0,0,1,43,299,299,299,35886276608,35886276608,35886276608,6.07,0.021,0.9,0.1,0.35,0.65,0.35,0.65
Qwen/Qwen2.5-7B-Instruct,NVIDIA GeForce RTX 5060 Ti,42,MultiFieldQA-en,16,16,47,semantic,46.9731,0.0,0.0,0.0,0,1,1,1,111,367,367,367,54065242112,54065242112,54065242112,6.07,0.021,0.9,0.1,0.35,0.65,0.35,0.65
Qwen/Qwen2.5-7B-Instruct,NVIDIA GeForce RTX 5060 Ti,42,MultiFieldQA-en,16,16,48,multi-hop,46.8347,0.0,0.0,48.8682,0,1,1,0,110,366,366,366,53771010048,53771010048,53771010048,6.07,0.021,0.9,0.1,0.35,0.65,0.35,0.65
Qwen/Qwen2.5-7B-Instruct,NVIDIA GeForce RTX 5060 Ti,42,MultiFieldQA-en,16,16,49,structural,46.3064,47.0577,46.4041,0.0,0,0,0,1,113,369,369,369,54656114688,54656114688,54656114688,6.07,0.021,0.9,0.1,0.35,0.65,0.35,0.65
Qwen/Qwen2.5-7B-Instruct,NVIDIA GeForce RTX 5060 Ti,42,MultiFieldQA-en,16,16,50,multi-hop,41.73,0.0,0.0,0.0,0,1,1,1,80,336,336,336,45317357568,45317357568,45317357568,6.07,0.021,0.9,0.1,0.35,0.65,0.35,0.65
Qwen/Qwen2.5-7B-Instruct,NVIDIA GeForce RTX 5060 Ti,42,MultiFieldQA-en,16,16,51,structural,40.3673,41.2259,0.0,0.0,0,0,1,1,112,368,368,368,54360276992,54360276992,54360276992,6.07,0.021,0.9,0.1,0.35,0.65,0.35,0.65
Qwen/Qwen2.5-7B-Instruct,NVIDIA GeForce RTX 5060 Ti,42,MultiFieldQA-en,16,16,52,semantic,42.2898,0.0,0.0,0.0,0,1,1,1,99,355,355,355,50587443200,50587443200,50587443200,6.07,0.021,0.9,0.1,0.35,0.65,0.35,0.65
Qwen/Qwen2.5-7B-Instruct,NVIDIA GeForce RTX 5060 Ti,42,MultiFieldQA-en,16,16,53,structural,63.1737,63.9206,64.9408,0.0,0,0,0,1,5,120,149,261,5780275200,8911659008,27344314368,6.07,0.021,0.9,0.1,0.35,0.65,0.35,0.65
Qwen/Qwen2.5-7B-Instruct,NVIDIA GeForce RTX 5060 Ti,42,MultiFieldQA-en,16,16,54,structural,47.5559,48.985,46.893,0.0,0,0,0,1,101,357,357,357,51159048192,51159048192,51159048192,6.07,0.021,0.9,0.1,0.35,0.65,0.35,0.65
Qwen/Qwen2.5-7B-Instruct,NVIDIA GeForce RTX 5060 Ti,42,MultiFieldQA-en,16,16,55,semantic,48.5429,0.0,0.0,0.0,0,1,1,1,55,311,311,311,38824583168,38824583168,38824583168,6.07,0.021,0.9,0.1,0.35,0.65,0.35,0.65
Qwen/Qwen2.5-7B-Instruct,NVIDIA GeForce RTX 5060 Ti,42,MultiFieldQA-en,16,16,56,multi-hop,63.4494,0.0,0.0,0.0,0,1,1,1,121,377,377,377,57051717632,57051717632,57051717632,6.07,0.021,0.9,0.1,0.35,0.65,0.35,0.65
Qwen/Qwen2.5-7B-Instruct,NVIDIA GeForce RTX 5060 Ti,42,MultiFieldQA-en,16,16,57,structural,48.3907,49.8733,49.6521,0.0,0,0,0,1,102,358,358,358,51446054912,51446054912,51446054912,6.07,0.021,0.9,0.1,0.35,0.65,0.35,0.65
Qwen/Qwen2.5-7B-Instruct,NVIDIA GeForce RTX 5060 Ti,42,MultiFieldQA-en,16,16,58,multi-hop,41.4073,0.0,41.4542,40.8845,0,1,0,0,23,279,279,279,31246000128,31246000128,31246000128,6.07,0.021,0.9,0.1,0.35,0.65,0.35,0.65
Qwen/Qwen2.5-7B-Instruct,NVIDIA GeForce RTX 5060 Ti,42,MultiFieldQA-en,16,16,59,semantic,48.9374,0.0,0.0,0.0,0,1,1,1,102,358,358,358,51446054912,51446054912,51446054912,6.07,0.021,0.9,0.1,0.35,0.65,0.35,0.65
Qwen/Qwen2.5-7B-Instruct,NVIDIA GeForce RTX 5060 Ti,42,MultiFieldQA-en,16,16,60,semantic,46.3166,0.0,42.0325,41.4698,0,1,0,0,10,266,266,266,28402024448,28402024448,28402024448,6.07,0.021,0.9,0.1,0.35,0.65,0.35,0.65
Qwen/Qwen2.5-7B-Instruct,NVIDIA GeForce RTX 5060 Ti,42,MultiFieldQA-en,16,16,61,structural,42.149,44.0467,43.4409,0.0,0,0,0,1,149,405,405,405,65840947200,65840947200,65840947200,6.07,0.021,0.9,0.1,0.35,0.65,0.35,0.65
Qwen/Qwen2.5-7B-Instruct,NVIDIA GeForce RTX 5060 Ti,42,MultiFieldQA-en,16,16,62,semantic,65.0715,0.0,0.0,0.0,0,1,1,1,136,392,392,392,61681958912,61681958912,61681958912,6.07,0.021,0.9,0.1,0.35,0.65,0.35,0.65
Qwen/Qwen2.5-7B-Instruct,NVIDIA GeForce RTX 5060 Ti,42,MultiFieldQA-en,16,16,63,multi-hop,40.9346,0.0,0.0,0.0,0,1,1,1,68,324,324,324,42138206208,42138206208,42138206208,6.07,0.021,0.9,0.1,0.35,0.65,0.35,0.65
Qwen/Qwen2.5-7B-Instruct,NVIDIA GeForce RTX 5060 Ti,42,MultiFieldQA-en,16,16,64,multi-hop,53.4071,0.0,0.0,0.0,0,1,1,1,144,400,400,400,64225280000,64225280000,64225280000,6.07,0.021,0.9,0.1,0.35,0.65,0.35,0.65
Qwen/Qwen2.5-7B-Instruct,NVIDIA GeForce RTX 5060 Ti,42,MultiFieldQA-en,16,16,65,multi-hop,66.9796,67.6423,67.803,0.0,0,0,0,1,5,120,149,261,5780275200,8911659008,27344314368,6.07,0.021,0.9,0.1,0.35,0.65,0.35,0.65
Qwen/Qwen2.5-7B-Instruct,NVIDIA GeForce RTX 5060 Ti,42,MultiFieldQA-en,16,16,66,multi-hop,0.0,0.0,0.0,0.0,1,1,1,1,124,380,380,380,57963315200,57963315200,57963315200,6.07,0.021,0.9,0.1,0.35,0.65,0.35,0.65
Qwen/Qwen2.5-7B-Instruct,NVIDIA GeForce RTX 5060 Ti,42,MultiFieldQA-en,16,16,67,semantic,49.9631,0.0,0.0,50.5587,0,1,1,0,27,283,283,283,32148365312,32148365312,32148365312,6.07,0.021,0.9,0.1,0.35,0.65,0.35,0.65
Qwen/Qwen2.5-7B-Instruct,NVIDIA GeForce RTX 5060 Ti,42,MultiFieldQA-en,16,16,68,structural,53.6181,0.0,51.1326,0.0,0,1,0,1,85,341,341,341,46676123648,46676123648,46676123648,6.07,0.021,0.9,0.1,0.35,0.65,0.35,0.65
Qwen/Qwen2.5-7B-Instruct,NVIDIA GeForce RTX 5060 Ti,42,MultiFieldQA-en,16,16,69,multi-hop,51.5647,0.0,0.0,51.5507,0,1,1,0,111,367,367,367,54065242112,54065242112,54065242112,6.07,0.021,0.9,0.1,0.35,0.65,0.35,0.65
Qwen/Qwen2.5-7B-Instruct,NVIDIA GeForce RTX 5060 Ti,42,MultiFieldQA-en,16,16,70,structural,67.302,69.5583,0.0,0.0,0,0,1,1,11,267,267,267,28615974912,28615974912,28615974912,6.07,0.021,0.9,0.1,0.35,0.65,0.35,0.65
Qwen/Qwen2.5-7B-Instruct,NVIDIA GeForce RTX 5060 Ti,42,MultiFieldQA-en,16,16,71,multi-hop,42.1545,52.9504,43.7125,0.0,0,0,0,1,47,303,303,303,36852867072,36852867072,36852867072,6.07,0.021,0.9,0.1,0.35,0.65,0.35,0.65
Qwen/Qwen2.5-7B-Instruct,NVIDIA GeForce RTX 5060 Ti,42,MultiFieldQA-en,16,16,72,semantic,68.0406,0.0,0.0,0.0,0,1,1,1,127,383,383,383,58882138112,58882138112,58882138112,6.07,0.021,0.9,0.1,0.35,0.65,0.35,0.65
Qwen/Qwen2.5-7B-Instruct,NVIDIA GeForce RTX 5060 Ti,42,MultiFieldQA-en,16,16,73,multi-hop,51.1645,0.0,0.0,0.0,0,1,1,1,143,399,399,399,63904555008,63904555008,63904555008,6.07,0.021,0.9,0.1,0.35,0.65,0.35,0.65
Qwen/Qwen2.5-7B-Instruct,NVIDIA GeForce RTX 5060 Ti,42,MultiFieldQA-en,16,16,74,multi-hop,50.1279,0.0,0.0,0.0,0,1,1,1,73,329,329,329,43448803328,43448803328,43448803328,6.07,0.021,0.9,0.1,0.35,0.65,0.35,0.65
Qwen/Qwen2.5-7B-Instruct,NVIDIA GeForce RTX 5060 Ti,42,MultiFieldQA-en,16,16,75,structural,44.146,44.0048,45.3593,44.8426,0,0,0,0,109,365,365,365,53477580800,53477580800,53477580800,6.07,0.021,0.9,0.1,0.35,0.65,0.35,0.65
Qwen/Qwen2.5-7B-Instruct,NVIDIA GeForce RTX 5060 Ti,42,MultiFieldQA-en,16,16,76,multi-hop,48.6298,0.0,0.0,0.0,0,1,1,1,125,381,381,381,58268786688,58268786688,58268786688,6.07,0.021,0.9,0.1,0.35,0.65,0.35,0.65
Qwen/Qwen2.5-7B-Instruct,NVIDIA GeForce RTX 5060 Ti,42,MultiFieldQA-en,16,16,77,semantic,50.9824,0.0,0.0,0.0,0,1,1,1,110,366,366,366,53771010048,53771010048,53771010048,6.07,0.021,0.9,0.1,0.35,0.65,0.35,0.65
Qwen/Qwen2.5-7B-Instruct,NVIDIA GeForce RTX 5060 Ti,42,MultiFieldQA-en,16,16,78,semantic,42.2176,0.0,46.0818,0.0,0,1,0,1,45,301,301,301,36367966208,36367966208,36367966208,6.07,0.021,0.9,0.1,0.35,0.65,0.35,0.65
Qwen/Qwen2.5-7B-Instruct,NVIDIA GeForce RTX 5060 Ti,42,MultiFieldQA-en,16,16,79,semantic,51.9798,0.0,0.0,0.0,0,1,1,1,37,293,293,293,34460475392,34460475392,34460475392,6.07,0.021,0.9,0.1,0.35,0.65,0.35,0.65
Qwen/Qwen2.5-7B-Instruct,NVIDIA GeForce RTX 5060 Ti,42,MultiFieldQA-en,16,16,80,structural,68.8868,71.7296,78.0875,0.0,0,0,0,1,96,352,352,352,49736056832,49736056832,49736056832,6.07,0.021,0.9,0.1,0.35,0.65,0.35,0.65
Qwen/Qwen2.5-7B-Instruct,NVIDIA GeForce RTX 5060 Ti,42,MultiFieldQA-en,16,16,81,multi-hop,67.9667,0.0,70.7895,0.0,0,1,0,1,23,279,279,279,31246000128,31246000128,31246000128,6.07,0.021,0.9,0.1,0.35,0.65,0.35,0.65
Qwen/Qwen2.5-7B-Instruct,NVIDIA GeForce RTX 5060 Ti,42,MultiFieldQA-en,16,16,82,multi-hop,52.3884,0.0,0.0,0.0,0,1,1,1,101,357,357,357,51159048192,51159048192,51159048192,6.07,0.021,0.9,0.1,0.35,0.65,0.35,0.65
Qwen/Qwen2.5-7B-Instruct,NVIDIA GeForce RTX 5060 Ti,42,MultiFieldQA-en,16,16,83,structural,50.3319,52.8772,0.0,0.0,0,0,1,1,13,269,269,269,29046284288,29046284288,29046284288,6.07,0.021,0.9,0.1,0.35,0.65,0.35,0.65
Qwen/Qwen2.5-7B-Instruct,NVIDIA GeForce RTX 5060 Ti,42,MultiFieldQA-en,16,16,84,semantic,51.858,0.0,0.0,0.0,0,1,1,1,83,339,339,339,46130208768,46130208768,46130208768,6.07,0.021,0.9,0.1,0.35,0.65,0.35,0.65
Qwen/Qwen2.5-7B-Instruct,NVIDIA GeForce RTX 5060 Ti,42,MultiFieldQA-en,16,16,85,semantic,48.6097,0.0,0.0,0.0,0,1,1,1,91,347,347,347,48333135872,48333135872,48333135872,6.07,0.021,0.9,0.1,0.35,0.65,0.35,0.65
Qwen/Qwen2.5-7B-Instruct,NVIDIA GeForce RTX 5060 Ti,42,MultiFieldQA-en,16,16,86,multi-hop,44.7962,0.0,45.3566,50.4444,0,1,0,0,21,277,277,277,30799634432,30799634432,30799634432,6.07,0.021,0.9,0.1,0.35,0.65,0.35,0.65
Qwen/Qwen2.5-7B-Instruct,NVIDIA GeForce RTX 5060 Ti,42,MultiFieldQA-en,16,16,87,multi-hop,49.9546,0.0,0.0,0.0,0,1,1,1,114,370,370,370,54952755200,54952755200,54952755200,6.07,0.021,0.9,0.1,0.35,0.65,0.35,0.65
Qwen/Qwen2.5-7B-Instruct,NVIDIA GeForce RTX 5060 Ti,42,MultiFieldQA-en,16,16,88,multi-hop,49.672,52.8112,51.0682,0.0,0,0,0,1,25,281,281,281,31695577088,31695577088,31695577088,6.07,0.021,0.9,0.1,0.35,0.65,0.35,0.65
Qwen/Qwen2.5-7B-Instruct,NVIDIA GeForce RTX 5060 Ti,42,MultiFieldQA-en,16,16,89,multi-hop,53.9167,0.0,0.0,0.0,0,1,1,1,85,341,341,341,46676123648,46676123648,46676123648,6.07,0.021,0.9,0.1,0.35,0.65,0.35,0.65
Qwen/Qwen2.5-7B-Instruct,NVIDIA GeForce RTX 5060 Ti,42,MultiFieldQA-en,16,16,90,semantic,52.953,0.0,0.0,0.0,0,1,1,1,94,350,350,350,49172480000,49172480000,49172480000,6.07,0.021,0.9,0.1,0.35,0.65,0.35,0.65
Qwen/Qwen2.5-7B-Instruct,NVIDIA GeForce RTX 5060 Ti,42,MultiFieldQA-en,16,16,91,multi-hop,51.2867,0.0,0.0,0.0,0,1,1,1,87,343,343,343,47225249792,47225249792,47225249792,6.07,0.021,0.9,0.1,0.35,0.65,0.35,0.65
Qwen/Qwen2.5-7B-Instruct,NVIDIA GeForce RTX 5060 Ti,42,MultiFieldQA-en,16,16,92,semantic,87.8771,0.0,0.0,0.0,0,1,1,1,4,260,260,260,27135180800,27135180800,27135180800,6.07,0.021,0.9,0.1,0.35,0.65,0.35,0.65
Qwen/Qwen2.5-7B-Instruct,NVIDIA GeForce RTX 5060 Ti,42,MultiFieldQA-en,16,16,93,semantic,0.0,0.0,0.0,0.0,1,1,1,1,100,356,356,356,50872844288,50872844288,50872844288,6.07,0.021,0.9,0.1,0.35,0.65,0.35,0.65
Qwen/Qwen2.5-7B-Instruct,NVIDIA GeForce RTX 5060 Ti,42,MultiFieldQA-en,16,16,94,semantic,56.9103,0.0,53.0334,51.0017,0,1,0,0,127,383,383,383,58882138112,58882138112,58882138112,6.07,0.021,0.9,0.1,0.35,0.65,0.35,0.65
Qwen/Qwen2.5-7B-Instruct,NVIDIA GeForce RTX 5060 Ti,42,MultiFieldQA-en,16,16,95,semantic,51.8705,0.0,0.0,0.0,0,1,1,1,101,357,357,357,51159048192,51159048192,51159048192,6.07,0.021,0.9,0.1,0.35,0.65,0.35,0.65
Qwen/Qwen2.5-7B-Instruct,NVIDIA GeForce RTX 5060 Ti,42,MultiFieldQA-en,16,16,96,multi-hop,0.0,0.0,0.0,0.0,1,1,1,1,114,370,370,370,54952755200,54952755200,54952755200,6.07,0.021,0.9,0.1,0.35,0.65,0.35,0.65
Qwen/Qwen2.5-7B-Instruct,NVIDIA GeForce RTX 5060 Ti,42,MultiFieldQA-en,16,16,97,structural,50.9735,53.5696,53.2957,51.4287,0,0,0,0,86,342,342,342,46950285312,46950285312,46950285312,6.07,0.021,0.9,0.1,0.35,0.65,0.35,0.65
Qwen/Qwen2.5-7B-Instruct,NVIDIA GeForce RTX 5060 Ti,42,MultiFieldQA-en,16,16,98,multi-hop,44.0991,0.0,0.0,42.0147,0,1,1,0,73,329,329,329,43448803328,43448803328,43448803328,6.07,0.021,0.9,0.1,0.35,0.65,0.35,0.65
Qwen/Qwen2.5-7B-Instruct,NVIDIA GeForce RTX 5060 Ti,42,MultiFieldQA-en,16,16,99,semantic,48.1111,0.0,0.0,0.0,0,1,1,1,114,370,370,370,54952755200,54952755200,54952755200,6.07,0.021,0.9,0.1,0.35,0.65,0.35,0.65
Qwen/Qwen2.5-7B-Instruct,NVIDIA GeForce RTX 5060 Ti,42,MultiFieldQA-en,16,16,100,semantic,64.1347,0.0,0.0,0.0,0,1,1,1,138,394,394,394,62312972288,62312972288,62312972288,6.07,0.021,0.9,0.1,0.35,0.65,0.35,0.65
Qwen/Qwen2.5-7B-Instruct,NVIDIA GeForce RTX 5060 Ti,42,MultiFieldQA-en,16,16,101,multi-hop,64.5392,65.847,0.0,0.0,0,0,1,1,39,295,295,295,34932531200,34932531200,34932531200,6.07,0.021,0.9,0.1,0.35,0.65,0.35,0.65
Qwen/Qwen2.5-7B-Instruct,NVIDIA GeForce RTX 5060 Ti,42,MultiFieldQA-en,16,16,102,multi-hop,65.153,0.0,0.0,66.0226,0,1,1,0,158,414,414,414,68799725568,68799725568,68799725568,6.07,0.021,0.9,0.1,0.35,0.65,0.35,0.65
Qwen/Qwen2.5-7B-Instruct,NVIDIA GeForce RTX 5060 Ti,42,MultiFieldQA-en,16,16,103,semantic,47.3392,0.0,0.0,0.0,0,1,1,1,78,334,334,334,44779470848,44779470848,44779470848,6.07,0.021,0.9,0.1,0.35,0.65,0.35,0.65
Qwen/Qwen2.5-7B-Instruct,NVIDIA GeForce RTX 5060 Ti,42,MultiFieldQA-en,16,16,104,multi-hop,48.9932,0.0,0.0,0.0,0,1,1,1,109,365,365,365,53477580800,53477580800,53477580800,6.07,0.021,0.9,0.1,0.35,0.65,0.35,0.65
Qwen/Qwen2.5-7B-Instruct,NVIDIA GeForce RTX 5060 Ti,42,MultiFieldQA-en,16,16,105,semantic,48.2043,0.0,0.0,0.0,0,1,1,1,142,398,398,398,63584632832,63584632832,63584632832,6.07,0.021,0.9,0.1,0.35,0.65,0.35,0.65
Qwen/Qwen2.5-7B-Instruct,NVIDIA GeForce RTX 5060 Ti,42,MultiFieldQA-en,16,16,106,semantic,47.8596,0.0,0.0,0.0,0,1,1,1,103,359,359,359,51733864448,51733864448,51733864448,6.07,0.021,0.9,0.1,0.35,0.65,0.35,0.65
Qwen/Qwen2.5-7B-Instruct,NVIDIA GeForce RTX 5060 Ti,42,MultiFieldQA-en,16,16,107,structural,69.6332,64.4834,63.8413,66.0822,0,0,0,0,1,165,113,257,10928332800,5125578752,26512596992,6.07,0.021,0.9,0.1,0.35,0.65,0.35,0.65
Qwen/Qwen2.5-7B-Instruct,NVIDIA GeForce RTX 5060 Ti,42,MultiFieldQA-en,16,16,108,structural,39.3305,0.0,0.0,0.0,0,1,1,1,107,363,363,363,52893130752,52893130752,52893130752,6.07,0.021,0.9,0.1,0.35,0.65,0.35,0.65
Qwen/Qwen2.5-7B-Instruct,NVIDIA GeForce RTX 5060 Ti,42,MultiFieldQA-en,16,16,109,multi-hop,49.5245,0.0,0.0,0.0,0,1,1,1,86,342,342,342,46950285312,46950285312,46950285312,6.07,0.021,0.9,0.1,0.35,0.65,0.35,0.65
Qwen/Qwen2.5-7B-Instruct,NVIDIA GeForce RTX 5060 Ti,42,MultiFieldQA-en,16,16,110,multi-hop,48.3785,49.8948,0.0,0.0,0,0,1,1,58,314,314,314,39577223168,39577223168,39577223168,6.07,0.021,0.9,0.1,0.35,0.65,0.35,0.65
Qwen/Qwen2.5-7B-Instruct,NVIDIA GeForce RTX 5060 Ti,42,MultiFieldQA-en,16,16,111,multi-hop,38.5126,41.056,40.1189,0.0,0,0,0,1,113,369,369,369,54656114688,54656114688,54656114688,6.07,0.021,0.9,0.1,0.35,0.65,0.35,0.65
Qwen/Qwen2.5-7B-Instruct,NVIDIA GeForce RTX 5060 Ti,42,MultiFieldQA-en,16,16,112,semantic,47.9253,48.9396,47.2538,0.0,0,0,0,1,110,366,366,366,53771010048,53771010048,53771010048,6.07,0.021,0.9,0.1,0.35,0.65,0.35,0.65
Qwen/Qwen2.5-7B-Instruct,NVIDIA GeForce RTX 5060 Ti,42,MultiFieldQA-en,16,16,113,multi-hop,42.5184,0.0,0.0,0.0,0,1,1,1,97,353,353,353,50019049472,50019049472,50019049472,6.07,0.021,0.9,0.1,0.35,0.65,0.35,0.65
Qwen/Qwen2.5-7B-Instruct,NVIDIA GeForce RTX 5060 Ti,42,MultiFieldQA-en,16,16,114,multi-hop,63.1907,0.0,65.7624,64.3478,0,1,0,0,48,304,304,304,37096521728,37096521728,37096521728,6.07,0.021,0.9,0.1,0.35,0.65,0.35,0.65
Qwen/Qwen2.5-7B-Instruct,NVIDIA GeForce RTX 5060 Ti,42,MultiFieldQA-en,16,16,115,multi-hop,66.062,72.9364,66.0815,0.0,0,0,0,1,23,279,279,279,31246000128,31246000128,31246000128,6.07,0.021,0.9,0.1,0.35,0.65,0.35,0.65
Qwen/Qwen2.5-7B-Instruct,NVIDIA GeForce RTX 5060 Ti,42,MultiFieldQA-en,16,16,116,semantic,47.7394,0.0,0.0,49.4663,0,1,1,0,27,283,283,283,32148365312,32148365312,32148365312,6.07,0.021,0.9,0.1,0.35,0.65,0.35,0.65
Qwen/Qwen2.5-7B-Instruct,NVIDIA GeForce RTX 5060 Ti,42,MultiFieldQA-en,16,16,117,multi-hop,64.4742,0.0,0.0,0.0,0,1,1,1,125,381,381,381,58268786688,58268786688,58268786688,6.07,0.021,0.9,0.1,0.35,0.65,0.35,0.65
Qwen/Qwen2.5-7B-Instruct,NVIDIA GeForce RTX 5060 Ti,42,MultiFieldQA-en,16,16,118,multi-hop,46.6383,0.0,0.0,49.6407,0,1,1,0,61,317,317,317,40337088512,40337088512,40337088512,6.07,0.021,0.9,0.1,0.35,0.65,0.35,0.65
Qwen/Qwen2.5-7B-Instruct,NVIDIA GeForce RTX 5060 Ti,42,MultiFieldQA-en,16,16,119,multi-hop,47.0511,51.8051,48.3432,0.0,0,0,0,1,86,342,342,342,46950285312,46950285312,46950285312,6.07,0.021,0.9,0.1,0.35,0.65,0.35,0.65
Qwen/Qwen2.5-7B-Instruct,NVIDIA GeForce RTX 5060 Ti,42,MultiFieldQA-en,16,16,120,structural,46.9795,0.0,0.0,0.0,0,1,1,1,55,311,311,311,38824583168,38824583168,38824583168,6.07,0.021,0.9,0.1,0.35,0.65,0.35,0.65
Qwen/Qwen2.5-7B-Instruct,NVIDIA GeForce RTX 5060 Ti,42,MultiFieldQA-en,16,16,121,multi-hop,64.5822,0.0,0.0,0.0,0,1,1,1,152,408,408,408,66819981312,66819981312,66819981312,6.07,0.021,0.9,0.1,0.35,0.65,0.35,0.65
Qwen/Qwen2.5-7B-Instruct,NVIDIA GeForce RTX 5060 Ti,42,MultiFieldQA-en,16,16,122,semantic,49.4369,0.0,0.0,0.0,0,1,1,1,108,364,364,364,53184954368,53184954368,53184954368,6.07,0.021,0.9,0.1,0.35,0.65,0.35,0.65
Qwen/Qwen2.5-7B-Instruct,NVIDIA GeForce RTX 5060 Ti,42,MultiFieldQA-en,16,16,123,semantic,52.2119,0.0,0.0,0.0,0,1,1,1,151,407,407,407,66492833792,66492833792,66492833792,6.07,0.021,0.9,0.1,0.35,0.65,0.35,0.65
Qwen/Qwen2.5-7B-Instruct,NVIDIA GeForce RTX 5060 Ti,42,MultiFieldQA-en,16,16,124,multi-hop,48.7204,0.0,0.0,0.0,0,1,1,1,91,347,347,347,48333135872,48333135872,48333135872,6.07,0.021,0.9,0.1,0.35,0.65,0.35,0.65
Qwen/Qwen2.5-7B-Instruct,NVIDIA GeForce RTX 5060 Ti,42,MultiFieldQA-en,16,16,125,semantic,49.974,0.0,0.0,0.0,0,1,1,1,96,352,352,352,49736056832,49736056832,49736056832,6.07,0.021,0.9,0.1,0.35,0.65,0.35,0.65
Qwen/Qwen2.5-7B-Instruct,NVIDIA GeForce RTX 5060 Ti,42,MultiFieldQA-en,16,16,126,semantic,68.9921,0.0,70.8412,0.0,0,1,0,1,125,381,381,381,58268786688,58268786688,58268786688,6.07,0.021,0.9,0.1,0.35,0.65,0.35,0.65
Qwen/Qwen2.5-7B-Instruct,NVIDIA GeForce RTX 5060 Ti,42,MultiFieldQA-en,16,16,127,multi-hop,50.1471,49.508,49.1204,0.0,0,0,0,1,1,165,113,257,10928332800,5125578752,26512596992,6.07,0.021,0.9,0.1,0.35,0.65,0.35,0.65
Qwen/Qwen2.5-7B-Instruct,NVIDIA GeForce RTX 5060 Ti,42,MultiFieldQA-en,16,16,128,multi-hop,43.7441,46.3306,45.2191,0.0,0,0,0,1,94,350,350,350,49172480000,49172480000,49172480000,6.07,0.021,0.9,0.1,0.35,0.65,0.35,0.65
Qwen/Qwen2.5-7B-Instruct,NVIDIA GeForce RTX 5060 Ti,42,MultiFieldQA-en,16,16,129,structural,44.1459,45.4105,48.3467,0.0,0,0,0,1,138,394,394,394,62312972288,62312972288,62312972288,6.07,0.021,0.9,0.1,0.35,0.65,0.35,0.65
Qwen/Qwen2.5-7B-Instruct,NVIDIA GeForce RTX 5060 Ti,42,MultiFieldQA-en,16,16,130,semantic,67.6059,0.0,0.0,68.0959,0,1,1,0,114,370,370,370,54952755200,54952755200,54952755200,6.07,0.021,0.9,0.1,0.35,0.65,0.35,0.65
Qwen/Qwen2.5-7B-Instruct,NVIDIA GeForce RTX 5060 Ti,42,MultiFieldQA-en,16,16,131,semantic,66.5558,0.0,0.0,0.0,0,1,1,1,117,373,373,373,55847493632,55847493632,55847493632,6.07,0.021,0.9,0.1,0.35,0.65,0.35,0.65
Qwen/Qwen2.5-7B-Instruct,NVIDIA GeForce RTX 5060 Ti,42,MultiFieldQA-en,16,16,132,semantic,89.1787,0.0,0.0,0.0,0,1,1,1,58,314,314,314,39577223168,39577223168,39577223168,6.07,0.021,0.9,0.1,0.35,0.65,0.35,0.65
Qwen/Qwen2.5-7B-Instruct,NVIDIA GeForce RTX 5060 Ti,42,MultiFieldQA-en,16,16,133,multi-hop,51.1473,0.0,0.0,0.0,0,1,1,1,101,357,357,357,51159048192,51159048192,51159048192,6.07,0.021,0.9,0.1,0.35,0.65,0.35,0.65
Qwen/Qwen2.5-7B-Instruct,NVIDIA GeForce RTX 5060 Ti,42,MultiFieldQA-en,16,16,134,structural,49.8225,0.0,0.0,0.0,0,1,1,1,99,355,355,355,50587443200,50587443200,50587443200,6.07,0.021,0.9,0.1,0.35,0.65,0.35,0.65
Qwen/Qwen2.5-7B-Instruct,NVIDIA GeForce RTX 5060 Ti,42,MultiFieldQA-en,16,16,135,multi-hop,69.4168,0.0,0.0,0.0,0,1,1,1,150,406,406,406,66166489088,66166489088,66166489088,6.07,0.021,0.9,0.1,0.35,0.65,0.35,0.65
Qwen/Qwen2.5-7B-Instruct,NVIDIA GeForce RTX 5060 Ti,42,MultiFieldQA-en,16,16,136,semantic,43.023,0.0,0.0,0.0,0,1,1,1,71,327,327,327,42922156032,42922156032,42922156032,6.07,0.021,0.9,0.1,0.35,0.65,0.35,0.65
Qwen/Qwen2.5-7B-Instruct,NVIDIA GeForce RTX 5060 Ti,42,MultiFieldQA-en,16,16,137,semantic,42.6059,0.0,0.0,0.0,0,1,1,1,15,271,271,271,29479804928,29479804928,29479804928,6.07,0.021,0.9,0.1,0.35,0.65,0.35,0.65
Qwen/Qwen2.5-7B-Instruct,NVIDIA GeForce RTX 5060 Ti,42,MultiFieldQA-en,16,16,138,semantic,51.65,0.0,49.1627,0.0,0,1,0,1,85,341,341,341,46676123648,46676123648,46676123648,6.07,0.021,0.9,0.1,0.35,0.65,0.35,0.65
Qwen/Qwen2.5-7B-Instruct,NVIDIA GeForce RTX 5060 Ti,42,MultiFieldQA-en,16,16,139,multi-hop,55.7141,53.393,53.3146,0.0,0,0,0,1,130,386,386,386,59808186368,59808186368,59808186368,6.07,0.021,0.9,0.1,0.35,0.65,0.35,0.65
Qwen/Qwen2.5-7B-Instruct,NVIDIA GeForce RTX 5060 Ti,42,MultiFieldQA-en,16,16,140,structural,0.0,0.0,0.0,0.0,1,1,1,1,26,282,282,282,31921569792,31921569792,31921569792,6.07,0.021,0.9,0.1,0.35,0.65,0.35,0.65
Qwen/Qwen2.5-7B-Instruct,NVIDIA GeForce RTX 5060 Ti,42,MultiFieldQA-en,16,16,141,semantic,51.4912,0.0,0.0,0.0,0,1,1,1,102,358,358,358,51446054912,51446054912,51446054912,6.07,0.021,0.9,0.1,0.35,0.65,0.35,0.65
Qwen/Qwen2.5-7B-Instruct,NVIDIA GeForce RTX 5060 Ti,42,MultiFieldQA-en,16,16,142,multi-hop,51.8291,53.2391,50.8393,0.0,0,0,0,1,1,165,113,257,10928332800,5125578752,26512596992,6.07,0.021,0.9,0.1,0.35,0.65,0.35,0.65
Qwen/Qwen2.5-7B-Instruct,NVIDIA GeForce RTX 5060 Ti,42,MultiFieldQA-en,16,16,143,semantic,52.1453,0.0,0.0,0.0,0,1,1,1,156,412,412,412,68136599552,68136599552,68136599552,6.07,0.021,0.9,0.1,0.35,0.65,0.35,0.65
Qwen/Qwen2.5-7B-Instruct,NVIDIA GeForce RTX 5060 Ti,42,MultiFieldQA-en,16,16,144,multi-hop,0.0,0.0,0.0,0.0,1,1,1,1,102,358,358,358,51446054912,51446054912,51446054912,6.07,0.021,0.9,0.1,0.35,0.65,0.35,0.65
Qwen/Qwen2.5-7B-Instruct,NVIDIA GeForce RTX 5060 Ti,42,MultiFieldQA-en,16,16,145,multi-hop,52.5498,0.0,0.0,0.0,0,1,1,1,65,321,321,321,41361481728,41361481728,41361481728,6.07,0.021,0.9,0.1,0.35,0.65,0.35,0.65
Qwen/Qwen2.5-7B-Instruct,NVIDIA GeForce RTX 5060 Ti,42,MultiFieldQA-en,16,16,146,multi-hop,52.4495,0.0,0.0,0.0,0,1,1,1,100,356,356,356,50872844288,50872844288,50872844288,6.07,0.021,0.9,0.1,0.35,0.65,0.35,0.65
Qwen/Qwen2.5-7B-Instruct,NVIDIA GeForce RTX 5060 Ti,42,MultiFieldQA-en,16,16,147,multi-hop,50.8103,0.0,0.0,51.597,0,1,1,0,103,359,359,359,51733864448,51733864448,51733864448,6.07,0.021,0.9,0.1,0.35,0.65,0.35,0.65
Qwen/Qwen2.5-7B-Instruct,NVIDIA GeForce RTX 5060 Ti,42,MultiFieldQA-en,16,16,148,multi-hop,93.7168,0.0,0.0,0.0,0,1,1,1,146,402,402,402,64869138432,64869138432,64869138432,6.07,0.021,0.9,0.1,0.35,0.65,0.35,0.65
Qwen/Qwen2.5-7B-Instruct,NVIDIA GeForce RTX 5060 Ti,42,MultiFieldQA-en,16,16,149,multi-hop,49.6663,58.741,56.9497,0.0,0,0,0,1,65,321,321,321,41361481728,41361481728,41361481728,6.07,0.021,0.9,0.1,0.35,0.65,0.35,0.65
Qwen/Qwen2.5-7B-Instruct,NVIDIA GeForce RTX 5060 Ti,42,MultiFieldQA-en,16,16,150,semantic,51.3876,0.0,0.0,0.0,0,1,1,1,104,360,360,360,52022476800,52022476800,52022476800,6.07,0.021,0.9,0.1,0.35,0.65,0.35,0.65
Qwen/Qwen2.5-7B-Instruct,NVIDIA GeForce RTX 5060 Ti,42,MultiFieldQA-en,16,16,151,structural,43.6673,44.074,46.2923,0.0,0,0,0,1,114,370,370,370,54952755200,54952755200,54952755200,6.07,0.021,0.9,0.1,0.35,0.65,0.35,0.65
Qwen/Qwen2.5-7B-Instruct,NVIDIA GeForce RTX 5060 Ti,42,MultiFieldQA-en,16,16,152,structural,51.631,0.0,0.0,0.0,0,1,1,1,95,351,351,351,49453867008,49453867008,49453867008,6.07,0.021,0.9,0.1,0.35,0.65,0.35,0.65
Qwen/Qwen2.5-7B-Instruct,NVIDIA GeForce RTX 5060 Ti,42,MultiFieldQA-en,16,16,153,structural,52.0982,51.685,49.8538,0.0,0,0,0,1,1,165,113,257,10928332800,5125578752,26512596992,6.07,0.021,0.9,0.1,0.35,0.65,0.35,0.65
Qwen/Qwen2.5-7B-Instruct,NVIDIA GeForce RTX 5060 Ti,42,MultiFieldQA-en,16,16,154,multi-hop,0.0,45.4906,44.047,0.0,1,0,0,1,114,370,370,370,54952755200,54952755200,54952755200,6.07,0.021,0.9,0.1,0.35,0.65,0.35,0.65
Qwen/Qwen2.5-7B-Instruct,NVIDIA GeForce RTX 5060 Ti,42,MultiFieldQA-en,16,16,155,multi-hop,0.0,0.0,0.0,49.6676,1,1,1,0,107,363,363,363,52893130752,52893130752,52893130752,6.07,0.021,0.9,0.1,0.35,0.65,0.35,0.65
Qwen/Qwen2.5-7B-Instruct,NVIDIA GeForce RTX 5060 Ti,42,MultiFieldQA-en,16,16,156,structural,48.0252,49.3741,0.0,0.0,0,0,1,1,88,344,344,344,47501017088,47501017088,47501017088,6.07,0.021,0.9,0.1,0.35,0.65,0.35,0.65
Qwen/Qwen2.5-7B-Instruct,NVIDIA GeForce RTX 5060 Ti,42,MultiFieldQA-en,16,16,157,multi-hop,37.8364,0.0,0.0,0.0,0,1,1,1,1,165,113,257,10928332800,5125578752,26512596992,6.07,0.021,0.9,0.1,0.35,0.65,0.35,0.65
Qwen/Qwen2.5-7B-Instruct,NVIDIA GeForce RTX 5060 Ti,42,MultiFieldQA-en,16,16,158,multi-hop,65.9745,0.0,0.0,0.0,0,1,1,1,163,419,419,419,70471589888,70471589888,70471589888,6.07,0.021,0.9,0.1,0.35,0.65,0.35,0.65
Qwen/Qwen2.5-7B-Instruct,NVIDIA GeForce RTX 5060 Ti,42,MultiFieldQA-en,16,16,159,structural,42.6144,45.1486,43.7111,0.0,0,0,0,1,78,334,334,334,44779470848,44779470848,44779470848,6.07,0.021,0.9,0.1,0.35,0.65,0.35,0.65
Qwen/Qwen2.5-7B-Instruct,NVIDIA GeForce RTX 5060 Ti,42,MultiFieldQA-en,16,16,160,semantic,47.6518,0.0,0.0,0.0,0,1,1,1,122,378,378,378,57354780672,57354780672,57354780672,6.07,0.021,0.9,0.1,0.35,0.65,0.35,0.65
Qwen/Qwen2.5-7B-Instruct,NVIDIA GeForce RTX 5060 Ti,42,MultiFieldQA-en,16,16,161,multi-hop,42.3326,0.0,0.0,0.0,0,1,1,1,86,342,342,342,46950285312,46950285312,46950285312,6.07,0.021,0.9,0.1,0.35,0.65,0.35,0.65
Qwen/Qwen2.5-7B-Instruct,NVIDIA GeForce RTX 5060 Ti,42,MultiFieldQA-en,16,16,162,multi-hop,48.223,49.146,50.2855,0.0,0,0,0,1,92,348,348,348,48612114432,48612114432,48612114432,6.07,0.021,0.9,0.1,0.35,0.65,0.35,0.65
Qwen/Qwen2.5-7B-Instruct,NVIDIA GeForce RTX 5060 Ti,42,MultiFieldQA-en,16,16,163,multi-hop,48.1292,42.3258,41.4602,0.0,0,0,0,1,158,414,414,414,68799725568,68799725568,68799725568,6.07,0.021,0.9,0.1,0.35,0.65,0.35,0.65
Qwen/Qwen2.5-7B-Instruct,NVIDIA GeForce RTX 5060 Ti,42,MultiFieldQA-en,16,16,164,semantic,0.0,0.0,0.0,0.0,1,1,1,1,1,165,113,87,10928332800,5125578752,3038257152,6.07,0.021,0.9,0.1,0.35,0.65,0.35,0.65
Qwen/Qwen2.5-7B-Instruct,NVIDIA GeForce RTX 5060 Ti,42,MultiFieldQA-en,16,16,165,multi-hop,46.8247,0.0,0.0,0.0,0,1,1,1,91,347,347,347,48333135872,48333135872,48333135872,6.07,0.021,0.9,0.1,0.35,0.65,0.35,0.65
Qwen/Qwen2.5-7B-Instruct,NVIDIA GeForce RTX 5060 Ti,42,MultiFieldQA-en,16,16,166,multi-hop,40.876,0.0,0.0,43.0341,0,1,1,0,35,291,291,291,33991630848,33991630848,33991630848,6.07,0.021,0.9,0.1,0.35,0.65,0.35,0.65
Qwen/Qwen2.5-7B-Instruct,NVIDIA GeForce RTX 5060 Ti,42,MultiFieldQA-en,16,16,167,multi-hop,48.6968,47.9002,48.1542,0.0,0,0,0,1,1,165,113,257,10928332800,5125578752,26512596992,6.07,0.021,0.9,0.1,0.35,0.65,0.35,0.65
Qwen/Qwen2.5-7B-Instruct,NVIDIA GeForce RTX 5060 Ti,42,MultiFieldQA-en,16,16,168,semantic,54.4167,0.0,0.0,0.0,0,1,1,1,106,362,362,362,52602109952,52602109952,52602109952,6.07,0.021,0.9,0.1,0.35,0.65,0.35,0.65
Qwen/Qwen2.5-7B-Instruct,NVIDIA GeForce RTX 5060 Ti,42,MultiFieldQA-en,16,16,169,multi-hop,0.0,38.6885,38.7494,0.0,1,0,0,1,136,392,392,392,61681958912,61681958912,61681958912,6.07,0.021,0.9,0.1,0.35,0.65,0.35,0.65
Qwen/Qwen2.5-7B-Instruct,NVIDIA GeForce RTX 5060 Ti,42,MultiFieldQA-en,16,16,170,multi-hop,71.9026,66.4791,65.303,0.0,0,0,0,1,150,406,406,406,66166489088,66166489088,66166489088,6.07,0.021,0.9,0.1,0.35,0.65,0.35,0.65
Qwen/Qwen2.5-7B-Instruct,NVIDIA GeForce RTX 5060 Ti,42,MultiFieldQA-en,16,16,171,multi-hop,0.0,0.0,0.0,0.0,1,1,1,1,1,165,113,257,10928332800,5125578752,26512596992,6.07,0.021,0.9,0.1,0.35,0.65,0.35,0.65
Qwen/Qwen2.5-7B-Instruct,NVIDIA GeForce RTX 5060 Ti,42,MultiFieldQA-en,16,16,172,structural,42.6708,42.5821,42.4531,42.0279,0,0,0,0,92,348,348,348,48612114432,48612114432,48612114432,6.07,0.021,0.9,0.1,0.35,0.65,0.35,0.65
Qwen/Qwen2.5-7B-Instruct,NVIDIA GeForce RTX 5060 Ti,42,MultiFieldQA-en,16,16,173,multi-hop,45.6497,47.5681,49.2959,0.0,0,0,0,1,19,275,275,275,30356480000,30356480000,30356480000,6.07,0.021,0.9,0.1,0.35,0.65,0.35,0.65
Qwen/Qwen2.5-7B-Instruct,NVIDIA GeForce RTX 5060 Ti,42,MultiFieldQA-en,16,16,174,semantic,48.7804,0.0,0.0,0.0,0,1,1,1,86,342,342,342,46950285312,46950285312,46950285312,6.07,0.021,0.9,0.1,0.35,0.65,0.35,0.65
Qwen/Qwen2.5-7B-Instruct,NVIDIA GeForce RTX 5060 Ti,42,MultiFieldQA-en,16,16,175,multi-hop,46.4273,0.0,0.0,0.0,0,1,1,1,106,362,362,362,52602109952,52602109952,52602109952,6.07,0.021,0.9,0.1,0.35,0.65,0.35,0.65
Qwen/Qwen2.5-7B-Instruct,NVIDIA GeForce RTX 5060 Ti,42,MultiFieldQA-en,16,16,176,multi-hop,47.2583,0.0,0.0,48.1648,0,1,1,0,110,366,366,366,53771010048,53771010048,53771010048,6.07,0.021,0.9,0.1,0.35,0.65,0.35,0.65
Qwen/Qwen2.5-7B-Instruct,NVIDIA GeForce RTX 5060 Ti,42,MultiFieldQA-en,16,16,177,multi-hop,47.4807,0.0,0.0,0.0,0,1,1,1,81,337,337,337,45587505152,45587505152,45587505152,6.07,0.021,0.9,0.1,0.35,0.65,0.35,0.65
Qwen/Qwen2.5-7B-Instruct,NVIDIA GeForce RTX 5060 Ti,42,MultiFieldQA-en,16,16,178,structural,64.3447,0.0,0.0,0.0,0,1,1,1,21,277,277,277,30799634432,30799634432,30799634432,6.07,0.021,0.9,0.1,0.35,0.65,0.35,0.65
Qwen/Qwen2.5-7B-Instruct,NVIDIA GeForce RTX 5060 Ti,42,MultiFieldQA-en,16,16,179,structural,48.2528,0.0,0.0,0.0,0,1,1,1,119,375,375,375,56448000000,56448000000,56448000000,6.07,0.021,0.9,0.1,0.35,0.65,0.35,0.65
Qwen/Qwen2.5-7B-Instruct,NVIDIA GeForce RTX 5060 Ti,42,MultiFieldQA-en,16,16,180,semantic,0.0,0.0,41.2819,44.2248,1,1,0,0,116,372,372,372,55548444672,55548444672,55548444672,6.07,0.021,0.9,0.1,0.35,0.65,0.35,0.65
Qwen/Qwen2.5-7B-Instruct,NVIDIA GeForce RTX 5060 Ti,42,MultiFieldQA-en,16,16,181,structural,47.5882,50.9072,0.0,0.0,0,0,1,1,142,398,398,398,63584632832,63584632832,63584632832,6.07,0.021,0.9,0.1,0.35,0.65,0.35,0.65
Qwen/Qwen2.5-7B-Instruct,NVIDIA GeForce RTX 5060 Ti,42,MultiFieldQA-en,16,16,182,multi-hop,46.4278,0.0,49.4316,49.7018,0,1,0,0,68,324,324,324,42138206208,42138206208,42138206208,6.07,0.021,0.9,0.1,0.35,0.65,0.35,0.65
Qwen/Qwen2.5-7B-Instruct,NVIDIA GeForce RTX 5060 Ti,42,MultiFieldQA-en,16,16,183,multi-hop,38.233,0.0,0.0,0.0,0,1,1,1,1,165,113,257,10928332800,5125578752,26512596992,6.07,0.021,0.9,0.1,0.35,0.65,0.35,0.65
Qwen/Qwen2.5-7B-Instruct,NVIDIA GeForce RTX 5060 Ti,42,MultiFieldQA-en,16,16,184,structural,47.5095,50.5572,50.0049,0.0,0,0,0,1,60,316,316,316,40082997248,40082997248,40082997248,6.07,0.021,0.9,0.1,0.35,0.65,0.35,0.65
Qwen/Qwen2.5-7B-Instruct,NVIDIA GeForce RTX 5060 Ti,42,MultiFieldQA-en,16,16,185,multi-hop,49.3361,0.0,51.4049,49.6493,0,1,0,0,51,307,307,307,37832302592,37832302592,37832302592,6.07,0.021,0.9,0.1,0.35,0.65,0.35,0.65
Qwen/Qwen2.5-7B-Instruct,NVIDIA GeForce RTX 5060 Ti,42,MultiFieldQA-en,16,16,186,semantic,44.1756,0.0,0.0,0.0,0,1,1,1,84,340,340,340,46402764800,46402764800,46402764800,6.07,0.021,0.9,0.1,0.35,0.65,0.35,0.65
Qwen/Qwen2.5-7B-Instruct,NVIDIA GeForce RTX 5060 Ti,42,MultiFieldQA-en,16,16,187,multi-hop,67.0663,70.6999,0.0,0.0,0,0,1,1,99,355,355,355,50587443200,50587443200,50587443200,6.07,0.021,0.9,0.1,0.35,0.65,0.35,0.65
Qwen/Qwen2.5-7B-Instruct,NVIDIA GeForce RTX 5060 Ti,42,MultiFieldQA-en,16,16,188,multi-hop,52.6738,0.0,0.0,44.0616,0,1,1,0,15,271,271,271,29479804928,29479804928,29479804928,6.07,0.021,0.9,0.1,0.35,0.65,0.35,0.65
Qwen/Qwen2.5-7B-Instruct,NVIDIA GeForce RTX 5060 Ti,42,MultiFieldQA-en,16,16,189,structural,51.8201,46.1637,46.183,0.0,0,0,0,1,11,267,267,267,28615974912,28615974912,28615974912,6.07,0.021,0.9,0.1,0.35,0.65,0.35,0.65
Qwen/Qwen2.5-7B-Instruct,NVIDIA GeForce RTX 5060 Ti,42,MultiFieldQA-en,16,16,190,structural,51.7352,52.2027,55.8004,0.0,0,0,0,1,106,362,362,362,52602109952,52602109952,52602109952,6.07,0.021,0.9,0.1,0.35,0.65,0.35,0.65
Qwen/Qwen2.5-7B-Instruct,NVIDIA GeForce RTX 5060 Ti,42,MultiFieldQA-en,16,16,191,structural,50.5022,0.0,0.0,0.0,0,1,1,1,112,368,368,368,54360276992,54360276992,54360276992,6.07,0.021,0.9,0.1,0.35,0.65,0.35,0.65
Qwen/Qwen2.5-7B-Instruct,NVIDIA GeForce RTX 5060 Ti,42,MultiFieldQA-en,16,16,192,multi-hop,49.2681,0.0,0.0,0.0,0,1,1,1,59,315,315,315,39829708800,39829708800,39829708800,6.07,0.021,0.9,0.1,0.35,0.65,0.35,0.65
Qwen/Qwen2.5-7B-Instruct,NVIDIA GeForce RTX 5060 Ti,42,MultiFieldQA-en,16,16,193,semantic,51.2509,0.0,0.0,0.0,0,1,1,1,116,372,372,372,55548444672,55548444672,55548444672,6.07,0.021,0.9,0.1,0.35,0.65,0.35,0.65
Qwen/Qwen2.5-7B-Instruct,NVIDIA GeForce RTX 5060 Ti,42,MultiFieldQA-en,16,16,194,multi-hop,50.8094,52.6838,52.2655,0.0,0,0,0,1,19,275,275,275,30356480000,30356480000,30356480000,6.07,0.021,0.9,0.1,0.35,0.65,0.35,0.65
Qwen/Qwen2.5-7B-Instruct,NVIDIA GeForce RTX 5060 Ti,42,MultiFieldQA-en,16,16,195,multi-hop,51.0479,0.0,0.0,0.0,0,1,1,1,93,349,349,349,48891895808,48891895808,48891895808,6.07,0.021,0.9,0.1,0.35,0.65,0.35,0.65
Qwen/Qwen2.5-7B-Instruct,NVIDIA GeForce RTX 5060 Ti,42,MultiFieldQA-en,16,16,196,multi-hop,51.3632,0.0,0.0,0.0,0,1,1,1,109,365,365,365,53477580800,53477580800,53477580800,6.07,0.021,0.9,0.1,0.35,0.65,0.35,0.65
Qwen/Qwen2.5-7B-Instruct,NVIDIA GeForce RTX 5060 Ti,42,MultiFieldQA-en,16,16,197,semantic,50.1267,0.0,0.0,0.0,0,1,1,1,80,336,336,336,45317357568,45317357568,45317357568,6.07,0.021,0.9,0.1,0.35,0.65,0.35,0.65
Qwen/Qwen2.5-7B-Instruct,NVIDIA GeForce RTX 5060 Ti,42,MultiFieldQA-en,16,16,198,semantic,49.7413,0.0,0.0,0.0,0,1,1,1,92,348,348,348,48612114432,48612114432,48612114432,6.07,0.021,0.9,0.1,0.35,0.65,0.35,0.65
Qwen/Qwen2.5-7B-Instruct,NVIDIA GeForce RTX 5060 Ti,42,MultiFieldQA-en,16,16,199,semantic,49.7746,0.0,0.0,0.0,0,1,1,1,76,332,332,332,44244795392,44244795392,44244795392,6.07,0.021,0.9,0.1,0.35,0.65,0.35,0.65
Qwen/Qwen2.5-7B-Instruct,NVIDIA GeForce RTX 5060 Ti,42,MultiFieldQA-en,16,16,200,multi-hop,42.5589,42.0878,40.3822,0.0,0,0,0,1,151,407,407,407,66492833792,66492833792,66492833792,6.07,0.021,0.9,0.1,0.35,0.65,0.35,0.65
Qwen/Qwen2.5-7B-Instruct,NVIDIA GeForce RTX 5060 Ti,42,MultiFieldQA-en,16,16,201,multi-hop,70.666,0.0,0.0,0.0,0,1,1,1,138,394,394,394,62312972288,62312972288,62312972288,6.07,0.021,0.9,0.1,0.35,0.65,0.35,0.65
Qwen/Qwen2.5-7B-Instruct,NVIDIA GeForce RTX 5060 Ti,42,MultiFieldQA-en,16,16,202,semantic,50.1176,0.0,0.0,0.0,0,1,1,1,23,279,279,279,31246000128,31246000128,31246000128,6.07,0.021,0.9,0.1,0.35,0.65,0.35,0.65
Qwen/Qwen2.5-7B-Instruct,NVIDIA GeForce RTX 5060 Ti,42,MultiFieldQA-en,16,16,203,semantic,69.3763,0.0,0.0,0.0,0,1,1,1,53,309,309,309,38326837248,38326837248,38326837248,6.07,0.021,0.9,0.1,0.35,0.65,0.35,0.65
Qwen/Qwen2.5-7B-Instruct,NVIDIA GeForce RTX 5060 Ti,42,MultiFieldQA-en,16,16,204,multi-hop,51.531,0.0,0.0,0.0,0,1,1,1,104,360,360,360,52022476800,52022476800,52022476800,6.07,0.021,0.9,0.1,0.35,0.65,0.35,0.65
Qwen/Qwen2.5-7B-Instruct,NVIDIA GeForce RTX 5060 Ti,42,MultiFieldQA-en,16,16,205,multi-hop,51.1399,46.9269,0.0,0.0,0,0,1,1,119,375,375,375,56448000000,56448000000,56448000000,6.07,0.021,0.9,0.1,0.35,0.65,0.35,0.65
Qwen/Qwen2.5-7B-Instruct,NVIDIA GeForce RTX 5060 Ti,42,MultiFieldQA-en,16,16,206,multi-hop,53.3159,0.0,0.0,0.0,0,1,1,1,105,361,361,361,52311891968,52311891968,52311891968,6.07,0.021,0.9,0.1,0.35,0.65,0.35,0.65
Qwen/Qwen2.5-7B-Instruct,NVIDIA GeForce RTX 5060 Ti,42,MultiFieldQA-en,16,16,207,multi-hop,51.7199,0.0,0.0,0.0,0,1,1,1,92,348,348,348,48612114432,48612114432,48612114432,6.07,0.021,0.9,0.1,0.35,0.65,0.35,0.65
Qwen/Qwen2.5-7B-Instruct,NVIDIA GeForce RTX 5060 Ti,42,MultiFieldQA-en,16,16,208,semantic,41.2892,0.0,0.0,0.0,0,1,1,1,5,120,149,149,5780275200,8911659008,8911659008,6.07,0.021,0.9,0.1,0.35,0.65,0.35,0.65
Qwen/Qwen2.5-7B-Instruct,NVIDIA GeForce RTX 5060 Ti,42,MultiFieldQA-en,16,16,209,semantic,47.3717,0.0,0.0,0.0,0,1,1,1,247,503,503,503,101559836672,101559836672,101559836672,6.07,0.021,0.9,0.1,0.35,0.65,0.35,0.65
Qwen/Qwen2.5-7B-Instruct,NVIDIA GeForce RTX 5060 Ti,42,MultiFieldQA-en,16,16,210,multi-hop,52.6173,0.0,52.0953,52.0823,0,1,0,0,78,334,334,334,44779470848,44779470848,44779470848,6.07,0.021,0.9,0.1,0.35,0.65,0.35,0.65
Qwen/Qwen2.5-7B-Instruct,NVIDIA GeForce RTX 5060 Ti,42,MultiFieldQA-en,16,16,211,multi-hop,52.4173,52.7245,52.0953,0.0,0,0,0,1,1,165,113,257,10928332800,5125578752,26512596992,6.07,0.021,0.9,0.1,0.35,0.65,0.35,0.65
Qwen/Qwen2.5-7B-Instruct,NVIDIA GeForce RTX 5060 Ti,42,MultiFieldQA-en,16,16,212,semantic,50.6957,0.0,0.0,0.0,0,1,1,1,19,275,275,275,30356480000,30356480000,30356480000,6.07,0.021,0.9,0.1,0.35,0.65,0.35,0.65
Qwen/Qwen2.5-7B-Instruct,NVIDIA GeForce RTX 5060 Ti,42,MultiFieldQA-en,16,16,213,structural,46.4561,0.0,0.0,0.0,0,1,1,1,86,342,342,342,46950285312,46950285312,46950285312,6.07,0.021,0.9,0.1,0.35,0.65,0.35,0.65
Qwen/Qwen2.5-7B-Instruct,NVIDIA GeForce RTX 5060 Ti,42,MultiFieldQA-en,16,16,214,multi-hop,47.4726,0.0,0.0,48.6396,0,1,1,0,77,333,333,333,44511731712,44511731712,44511731712,6.07,0.021,0.9,0.1,0.35,0.65,0.35,0.65
Qwen/Qwen2.5-7B-Instruct,NVIDIA GeForce RTX 5060 Ti,42,MultiFieldQA-en,16,16,215,multi-hop,50.0234,0.0,0.0,0.0,0,1,1,1,92,348,348,348,48612114432,48612114432,48612114432,6.07,0.021,0.9,0.1,0.35,0.65,0.35,0.65
Qwen/Qwen2.5-7B-Instruct,NVIDIA GeForce RTX 5060 Ti,42,MultiFieldQA-en,16,16,216,multi-hop,47.9479,0.0,0.0,49.3715,0,1,1,0,101,357,357,357,51159048192,51159048192,51159048192,6.07,0.021,0.9,0.1,0.35,0.65,0.35,0.65
Qwen/Qwen2.5-7B-Instruct,NVIDIA GeForce RTX 5060 Ti,42,MultiFieldQA-en,16,16,217,semantic,55.6784,0.0,0.0,0.0,0,1,1,1,94,350,350,350,49172480000,49172480000,49172480000,6.07,0.021,0.9,0.1,0.35,0.65,0.35,0.65
Qwen/Qwen2.5-7B-Instruct,NVIDIA GeForce RTX 5060 Ti,42,MultiFieldQA-en,16,16,218,semantic,48.1223,0.0,0.0,0.0,0,1,1,1,138,394,394,394,62312972288,62312972288,62312972288,6.07,0.021,0.9,0.1,0.35,0.65,0.35,0.65
Qwen/Qwen2.5-7B-Instruct,NVIDIA GeForce RTX 5060 Ti,42,MultiFieldQA-en,16,16,219,structural,38.1213,0.0,0.0,0.0,0,1,1,1,1,165,113,257,10928332800,5125578752,26512596992,6.07,0.021,0.9,0.1,0.35,0.65,0.35,0.65
Qwen/Qwen2.5-7B-Instruct,NVIDIA GeForce RTX 5060 Ti,42,MultiFieldQA-en,16,16,220,multi-hop,65.3215,0.0,0.0,0.0,0,1,1,1,11,267,267,267,28615974912,28615974912,28615974912,6.07,0.021,0.9,0.1,0.35,0.65,0.35,0.65
Qwen/Qwen2.5-7B-Instruct,NVIDIA GeForce RTX 5060 Ti,42,MultiFieldQA-en,16,16,221,semantic,47.8894,0.0,0.0,0.0,0,1,1,1,65,321,321,321,41361481728,41361481728,41361481728,6.07,0.021,0.9,0.1,0.35,0.65,0.35,0.65
Qwen/Qwen2.5-7B-Instruct,NVIDIA GeForce RTX 5060 Ti,42,MultiFieldQA-en,16,16,222,structural,47.8142,48.507,0.0,0.0,0,0,1,1,142,398,398,398,63584632832,63584632832,63584632832,6.07,0.021,0.9,0.1,0.35,0.65,0.35,0.65
Qwen/Qwen2.5-7B-Instruct,NVIDIA GeForce RTX 5060 Ti,42,MultiFieldQA-en,16,16,223,multi-hop,63.9319,0.0,65.8639,64.4959,0,1,0,0,48,304,304,304,37096521728,37096521728,37096521728,6.07,0.021,0.9,0.1,0.35,0.65,0.35,0.65
Qwen/Qwen2.5-7B-Instruct,NVIDIA GeForce RTX 5060 Ti,42,MultiFieldQA-en,16,16,224,multi-hop,50.9305,42.04,0.0,0.0,0,0,1,1,121,377,377,377,57051717632,57051717632,57051717632,6.07,0.021,0.9,0.1,0.35,0.65,0.35,0.65
Qwen/Qwen2.5-7B-Instruct,NVIDIA GeForce RTX 5060 Ti,42,MultiFieldQA-en,16,16,225,structural,40.9547,44.3264,43.1799,0.0,0,0,0,1,124,380,380,380,57963315200,57963315200,57963315200,6.07,0.021,0.9,0.1,0.35,0.65,0.35,0.65
Qwen/Qwen2.5-7B-Instruct,NVIDIA GeForce RTX 5060 Ti,42,MultiFieldQA-en,16,16,226,semantic,43.2168,0.0,0.0,0.0,0,1,1,1,37,293,293,293,34460475392,34460475392,34460475392,6.07,0.021,0.9,0.1,0.35,0.65,0.35,0.65
Qwen/Qwen2.5-7B-Instruct,NVIDIA GeForce RTX 5060 Ti,42,MultiFieldQA-en,16,16,227,semantic,63.9642,0.0,65.0151,0.0,0,1,0,1,125,381,381,381,58268786688,58268786688,58268786688,6.07,0.021,0.9,0.1,0.35,0.65,0.35,0.65
Qwen/Qwen2.5-7B-Instruct,NVIDIA GeForce RTX 5060 Ti,42,MultiFieldQA-en,16,16,228,structural,39.9446,0.0,0.0,0.0,0,1,1,1,112,368,368,368,54360276992,54360276992,54360276992,6.07,0.021,0.9,0.1,0.35,0.65,0.35,0.65
Qwen/Qwen2.5-7B-Instruct,NVIDIA GeForce RTX 5060 Ti,42,MultiFieldQA-en,16,16,229,multi-hop,46.1286,0.0,44.5452,41.8443,0,1,0,0,45,301,301,301,36367966208,36367966208,36367966208,6.07,0.021,0.9,0.1,0.35,0.65,0.35,0.65
Qwen/Qwen2.5-7B-Instruct,NVIDIA GeForce RTX 5060 Ti,42,MultiFieldQA-en,16,16,230,structural,42.6734,48.3237,41.7011,0.0,0,0,0,1,18,274,274,274,30136107008,30136107008,30136107008,6.07,0.021,0.9,0.1,0.35,0.65,0.35,0.65
Qwen/Qwen2.5-7B-Instruct,NVIDIA GeForce RTX 5060 Ti,42,MultiFieldQA-en,16,16,231,semantic,65.4266,67.3145,0.0,67.0225,0,0,1,0,177,433,433,433,75259584512,75259584512,75259584512,6.07,0.021,0.9,0.1,0.35,0.65,0.35,0.65
Qwen/Qwen2.5-7B-Instruct,NVIDIA GeForce RTX 5060 Ti,42,MultiFieldQA-en,16,16,232,structural,46.1666,49.1136,48.6165,0.0,0,0,0,1,11,267,267,267,28615974912,28615974912,28615974912,6.07,0.021,0.9,0.1,0.35,0.65,0.35,0.65
Qwen/Qwen2.5-7B-Instruct,NVIDIA GeForce RTX 5060 Ti,42,MultiFieldQA-en,16,16,233,structural,51.8258,48.8659,48.5235,0.0,0,0,0,1,92,348,348,348,48612114432,48612114432,48612114432,6.07,0.021,0.9,0.1,0.35,0.65,0.35,0.65
Qwen/Qwen2.5-7B-Instruct,NVIDIA GeForce RTX 5060 Ti,42,MultiFieldQA-en,16,16,234,semantic,63.8952,0.0,0.0,0.0,0,1,1,1,114,370,370,370,54952755200,54952755200,54952755200,6.07,0.021,0.9,0.1,0.35,0.65,0.35,0.65
Qwen/Qwen2.5-7B-Instruct,NVIDIA GeForce RTX 5060 Ti,42,MultiFieldQA-en,16,16,235,multi-hop,0.0,65.8608,67.0645,67.3038,1,0,0,0,125,381,381,381,58268786688,58268786688,58268786688,6.07,0.021,0.9,0.1,0.35,0.65,0.35,0.65
Qwen/Qwen2.5-7B-Instruct,NVIDIA GeForce RTX 5060 Ti,42,MultiFieldQA-en,16,16,236,multi-hop,47.8843,0.0,0.0,47.5253,0,1,1,0,136,392,392,392,61681958912,61681958912,61681958912,6.07,0.021,0.9,0.1,0.35,0.65,0.35,0.65
Qwen/Qwen2.5-7B-Instruct,NVIDIA GeForce RTX 5060 Ti,42,MultiFieldQA-en,16,16,237,structural,47.2652,0.0,0.0,0.0,0,1,1,1,88,344,344,344,47501017088,47501017088,47501017088,6.07,0.021,0.9,0.1,0.35,0.65,0.35,0.65
Qwen/Qwen2.5-7B-Instruct,NVIDIA GeForce RTX 5060 Ti,42,MultiFieldQA-en,16,16,238,multi-hop,46.2265,46.9931,47.138,0.0,0,0,0,1,43,299,299,299,35886276608,35886276608,35886276608,6.07,0.021,0.9,0.1,0.35,0.65,0.35,0.65
Qwen/Qwen2.5-7B-Instruct,NVIDIA GeForce RTX 5060 Ti,42,MultiFieldQA-en,16,16,239,structural,65.053,0.0,0.0,0.0,0,1,1,1,20,276,276,276,30577655808,30577655808,30577655808,6.07,0.021,0.9,0.1,0.35,0.65,0.35,0.65
Qwen/Qwen2.5-7B-Instruct,NVIDIA GeForce RTX 5060 Ti,42,MultiFieldQA-en,16,16,240,multi-hop,47.0468,0.0,0.0,48.3086,0,1,1,0,111,367,367,367,54065242112,54065242112,54065242112,6.07,0.021,0.9,0.1,0.35,0.65,0.35,0.65
Qwen/Qwen2.5-7B-Instruct,NVIDIA GeForce RTX 5060 Ti,42,MultiFieldQA-en,16,16,241,multi-hop,47.8045,0.0,0.0,0.0,0,1,1,1,122,378,378,378,57354780672,57354780672,57354780672,6.07,0.021,0.9,0.1,0.35,0.65,0.35,0.65
Qwen/Qwen2.5-7B-Instruct,NVIDIA GeForce RTX 5060 Ti,42,MultiFieldQA-en,16,16,242,multi-hop,50.2778,53.1218,0.0,0.0,0,0,1,1,86,342,342,342,46950285312,46950285312,46950285312,6.07,0.021,0.9,0.1,0.35,0.65,0.35,0.65
Qwen/Qwen2.5-7B-Instruct,NVIDIA GeForce RTX 5060 Ti,42,MultiFieldQA-en,16,16,243,multi-hop,0.0,0.0,0.0,0.0,1,1,1,1,23,279,279,279,31246000128,31246000128,31246000128,6.07,0.021,0.9,0.1,0.35,0.65,0.35,0.65
Qwen/Qwen2.5-7B-Instruct,NVIDIA GeForce RTX 5060 Ti,42,MultiFieldQA-en,16,16,244,semantic,88.4595,0.0,0.0,0.0,0,1,1,1,289,545,545,545,119228211200,119228211200,119228211200,6.07,0.021,0.9,0.1,0.35,0.65,0.35,0.65
Qwen/Qwen2.5-7B-Instruct,NVIDIA GeForce RTX 5060 Ti,42,MultiFieldQA-en,16,16,245,multi-hop,67.8515,69.4635,68.5647,0.0,0,0,0,1,83,339,339,339,46130208768,46130208768,46130208768,6.07,0.021,0.9,0.1,0.35,0.65,0.35,0.65
Qwen/Qwen2.5-7B-Instruct,NVIDIA GeForce RTX 5060 Ti,42,MultiFieldQA-en,16,16,246,structural,50.595,0.0,0.0,0.0,0,1,1,1,100,356,356,356,50872844288,50872844288,50872844288,6.07,0.021,0.9,0.1,0.35,0.65,0.35,0.65
Qwen/Qwen2.5-7B-Instruct,NVIDIA GeForce RTX 5060 Ti,42,MultiFieldQA-en,16,16,247,structural,51.645,52.5609,0.0,0.0,0,0,1,1,37,293,293,293,34460475392,34460475392,34460475392,6.07,0.021,0.9,0.1,0.35,0.65,0.35,0.65
Qwen/Qwen2.5-7B-Instruct,NVIDIA GeForce RTX 5060 Ti,42,MultiFieldQA-en,16,16,248,semantic,51.0864,0.0,51.4816,51.3633,0,1,0,0,127,383,383,383,58882138112,58882138112,58882138112,6.07,0.021,0.9,0.1,0.35,0.65,0.35,0.65
Qwen/Qwen2.5-7B-Instruct,NVIDIA GeForce RTX 5060 Ti,42,MultiFieldQA-en,16,16,249,multi-hop,49.5684,0.0,0.0,50.8339,0,1,1,0,33,289,289,289,33525997568,33525997568,33525997568,6.07,0.021,0.9,0.1,0.35,0.65,0.35,0.65
Qwen/Qwen2.5-7B-Instruct,NVIDIA GeForce RTX 5060 Ti,42,MultiFieldQA-en,16,16,250,semantic,69.1314,0.0,0.0,0.0,0,1,1,1,149,405,405,405,65840947200,65840947200,65840947200,6.07,0.021,0.9,0.1,0.35,0.65,0.35,0.65
Qwen/Qwen2.5-7B-Instruct,NVIDIA GeForce RTX 5060 Ti,42,MultiFieldQA-en,16,16,251,multi-hop,49.7649,0.0,51.7059,0.0,0,1,0,1,87,343,343,343,47225249792,47225249792,47225249792,6.07,0.021,0.9,0.1,0.35,0.65,0.35,0.65
Qwen/Qwen2.5-7B-Instruct,NVIDIA GeForce RTX 5060 Ti,42,MultiFieldQA-en,16,16,252,multi-hop,51.415,0.0,0.0,0.0,0,1,1,1,86,342,342,342,46950285312,46950285312,46950285312,6.07,0.021,0.9,0.1,0.35,0.65,0.35,0.65
Qwen/Qwen2.5-7B-Instruct,NVIDIA GeForce RTX 5060 Ti,42,MultiFieldQA-en,16,16,253,multi-hop,50.8084,0.0,0.0,0.0,0,1,1,1,119,375,375,375,56448000000,56448000000,56448000000,6.07,0.021,0.9,0.1,0.35,0.65,0.35,0.65
Qwen/Qwen2.5-7B-Instruct,NVIDIA GeForce RTX 5060 Ti,42,MultiFieldQA-en,16,16,254,multi-hop,49.8872,49.9649,49.4948,0.0,0,0,0,1,79,335,335,335,45048012800,45048012800,45048012800,6.07,0.021,0.9,0.1,0.35,0.65,0.35,0.65
Qwen/Qwen2.5-7B-Instruct,NVIDIA GeForce RTX 5060 Ti,42,MultiFieldQA-en,16,16,255,multi-hop,50.3749,54.3631,0.0,0.0,0,0,1,1,48,304,304,304,37096521728,37096521728,37096521728,6.07,0.021,0.9,0.1,0.35,0.65,0.35,0.65
Qwen/Qwen2.5-7B-Instruct,NVIDIA GeForce RTX 5060 Ti,42,MultiFieldQA-en,16,16,256,multi-hop,51.4557,54.1043,52.7934,0.0,0,0,0,1,106,362,362,362,52602109952,52602109952,52602109952,6.07,0.021,0.9,0.1,0.35,0.65,0.35,0.65
Qwen/Qwen2.5-7B-Instruct,NVIDIA GeForce RTX 5060 Ti,42,MultiFieldQA-en,16,16,257,semantic,50.5646,0.0,0.0,0.0,0,1,1,1,109,365,365,365,53477580800,53477580800,53477580800,6.07,0.021,0.9,0.1,0.35,0.65,0.35,0.65
Qwen/Qwen2.5-7B-Instruct,NVIDIA GeForce RTX 5060 Ti,42,MultiFieldQA-en,16,16,258,multi-hop,69.1935,0.0,75.6704,69.8682,0,1,0,0,48,304,304,304,37096521728,37096521728,37096521728,6.07,0.021,0.9,0.1,0.35,0.65,0.35,0.65
Qwen/Qwen2.5-7B-Instruct,NVIDIA GeForce RTX 5060 Ti,42,MultiFieldQA-en,16,16,259,multi-hop,43.6799,0.0,0.0,45.0557,0,1,1,0,118,374,374,374,56147345408,56147345408,56147345408,6.07,0.021,0.9,0.1,0.35,0.65,0.35,0.65
Qwen/Qwen2.5-7B-Instruct,NVIDIA GeForce RTX 5060 Ti,42,MultiFieldQA-en,16,16,260,structural,44.555,46.2374,46.4378,0.0,0,0,0,1,110,366,366,366,53771010048,53771010048,53771010048,6.07,0.021,0.9,0.1,0.35,0.65,0.35,0.65
Qwen/Qwen2.5-7B-Instruct,NVIDIA GeForce RTX 5060 Ti,42,MultiFieldQA-en,16,16,261,semantic,51.4345,0.0,0.0,0.0,0,1,1,1,101,357,357,357,51159048192,51159048192,51159048192,6.07,0.021,0.9,0.1,0.35,0.65,0.35,0.65
Qwen/Qwen2.5-7B-Instruct,NVIDIA GeForce RTX 5060 Ti,42,MultiFieldQA-en,16,16,262,multi-hop,56.7755,52.3857,52.5638,0.0,0,0,0,1,6,262,262,262,27554250752,27554250752,27554250752,6.07,0.021,0.9,0.1,0.35,0.65,0.35,0.65
Qwen/Qwen2.5-7B-Instruct,NVIDIA GeForce RTX 5060 Ti,42,MultiFieldQA-en,16,16,263,semantic,68.0166,0.0,70.971,69.2087,0,1,0,0,37,293,293,293,34460475392,34460475392,34460475392,6.07,0.021,0.9,0.1,0.35,0.65,0.35,0.65
Qwen/Qwen2.5-7B-Instruct,NVIDIA GeForce RTX 5060 Ti,42,MultiFieldQA-en,16,16,264,semantic,39.9674,0.0,0.0,0.0,0,1,1,1,1,165,113,87,10928332800,5125578752,3038257152,6.07,0.021,0.9,0.1,0.35,0.65,0.35,0.65
Qwen/Qwen2.5-7B-Instruct,NVIDIA GeForce RTX 5060 Ti,42,MultiFieldQA-en,16,16,265,semantic,50.0294,0.0,0.0,0.0,0,1,1,1,125,381,381,381,58268786688,58268786688,58268786688,6.07,0.021,0.9,0.1,0.35,0.65,0.35,0.65
Qwen/Qwen2.5-7B-Instruct,NVIDIA GeForce RTX 5060 Ti,42,MultiFieldQA-en,16,16,266,semantic,49.9764,0.0,0.0,0.0,0,1,1,1,69,325,325,325,42398720000,42398720000,42398720000,6.07,0.021,0.9,0.1,0.35,0.65,0.35,0.65
Qwen/Qwen2.5-7B-Instruct,NVIDIA GeForce RTX 5060 Ti,42,MultiFieldQA-en,16,16,267,structural,56.5466,0.0,0.0,0.0,0,1,1,1,107,363,363,363,52893130752,52893130752,52893130752,6.07,0.021,0.9,0.1,0.35,0.65,0.35,0.65
Qwen/Qwen2.5-7B-Instruct,NVIDIA GeForce RTX 5060 Ti,42,MultiFieldQA-en,16,16,268,structural,51.1082,0.0,0.0,0.0,0,1,1,1,93,349,349,349,48891895808,48891895808,48891895808,6.07,0.021,0.9,0.1,0.35,0.65,0.35,0.65
Qwen/Qwen2.5-7B-Instruct,NVIDIA GeForce RTX 5060 Ti,42,MultiFieldQA-en,16,16,269,semantic,48.0605,0.0,0.0,0.0,0,1,1,1,3,259,259,259,26926850048,26926850048,26926850048,6.07,0.021,0.9,0.1,0.35,0.65,0.35,0.65
Qwen/Qwen2.5-7B-Instruct,NVIDIA GeForce RTX 5060 Ti,42,MultiFieldQA-en,16,16,270,multi-hop,47.4181,0.0,0.0,0.0,0,1,1,1,142,398,398,398,63584632832,63584632832,63584632832,6.07,0.021,0.9,0.1,0.35,0.65,0.35,0.65
Qwen/Qwen2.5-7B-Instruct,NVIDIA GeForce RTX 5060 Ti,42,MultiFieldQA-en,16,16,271,multi-hop,46.6123,0.0,49.6008,48.0174,0,1,0,0,110,366,366,366,53771010048,53771010048,53771010048,6.07,0.021,0.9,0.1,0.35,0.65,0.35,0.65
Qwen/Qwen2.5-7B-Instruct,NVIDIA GeForce RTX 5060 Ti,42,MultiFieldQA-en,16,16,272,semantic,48.6985,0.0,0.0,0.0,0,1,1,1,110,366,366,366,53771010048,53771010048,53771010048,6.07,0.021,0.9,0.1,0.35,0.65,0.35,0.65
Qwen/Qwen2.5-7B-Instruct,NVIDIA GeForce RTX 5060 Ti,42,MultiFieldQA-en,16,16,273,multi-hop,47.6605,49.7457,49.1746,0.0,0,0,0,1,93,349,349,349,48891895808,48891895808,48891895808,6.07,0.021,0.9,0.1,0.35,0.65,0.35,0.65
Qwen/Qwen2.5-7B-Instruct,NVIDIA GeForce RTX 5060 Ti,42,MultiFieldQA-en,16,16,274,multi-hop,47.1928,0.0,0.0,0.0,0,1,1,1,114,370,370,370,54952755200,54952755200,54952755200,6.07,0.021,0.9,0.1,0.35,0.65,0.35,0.65
Qwen/Qwen2.5-7B-Instruct,NVIDIA GeForce RTX 5060 Ti,42,MultiFieldQA-en,16,16,275,multi-hop,47.8938,48.6766,48.2207,46.6685,0,0,0,0,20,276,276,276,30577655808,30577655808,30577655808,6.07,0.021,0.9,0.1,0.35,0.65,0.35,0.65
Qwen/Qwen2.5-7B-Instruct,NVIDIA GeForce RTX 5060 Ti,42,MultiFieldQA-en,16,16,276,multi-hop,47.2715,0.0,0.0,0.0,0,1,1,1,79,335,335,335,45048012800,45048012800,45048012800,6.07,0.021,0.9,0.1,0.35,0.65,0.35,0.65
Qwen/Qwen2.5-7B-Instruct,NVIDIA GeForce RTX 5060 Ti,42,MultiFieldQA-en,16,16,277,structural,65.7753,0.0,0.0,0.0,0,1,1,1,141,397,397,397,63265513472,63265513472,63265513472,6.07,0.021,0.9,0.1,0.35,0.65,0.35,0.65
Qwen/Qwen2.5-7B-Instruct,NVIDIA GeForce RTX 5060 Ti,42,MultiFieldQA-en,16,16,278,multi-hop,68.1674,65.8213,64.4823,64.8397,0,0,0,0,27,283,283,283,32148365312,32148365312,32148365312,6.07,0.021,0.9,0.1,0.35,0.65,0.35,0.65
Qwen/Qwen2.5-7B-Instruct,NVIDIA GeForce RTX 5060 Ti,42,MultiFieldQA-en,16,16,279,structural,48.3809,48.4805,47.8243,0.0,0,0,0,1,120,376,376,376,56749457408,56749457408,56749457408,6.07,0.021,0.9,0.1,0.35,0.65,0.35,0.65
Qwen/Qwen2.5-7B-Instruct,NVIDIA GeForce RTX 5060 Ti,42,MultiFieldQA-en,16,16,280,multi-hop,46.342,48.2127,47.9152,0.0,0,0,0,1,106,362,362,362,52602109952,52602109952,52602109952,6.07,0.021,0.9,0.1,0.35,0.65,0.35,0.65
Qwen/Qwen2.5-7B-Instruct,NVIDIA GeForce RTX 5060 Ti,42,MultiFieldQA-en,16,16,281,semantic,43.4426,0.0,0.0,0.0,0,1,1,1,135,391,391,391,61367656448,61367656448,61367656448,6.07,0.021,0.9,0.1,0.35,0.65,0.35,0.65
Qwen/Qwen2.5-7B-Instruct,NVIDIA GeForce RTX 5060 Ti,42,MultiFieldQA-en,16,16,282,semantic,48.3334,0.0,49.2867,0.0,0,1,0,1,67,323,323,323,41878495232,41878495232,41878495232,6.07,0.021,0.9,0.1,0.35,0.65,0.35,0.65
Qwen/Qwen2.5-7B-Instruct,NVIDIA GeForce RTX 5060 Ti,42,MultiFieldQA-en,16,16,283,structural,41.3839,42.4685,41.8927,0.0,0,0,0,1,119,375,375,375,56448000000,56448000000,56448000000,6.07,0.021,0.9,0.1,0.35,0.65,0.35,0.65
Qwen/Qwen2.5-7B-Instruct,NVIDIA GeForce RTX 5060 Ti,42,MultiFieldQA-en,16,16,284,multi-hop,65.057,64.4306,65.239,0.0,0,0,0,1,1,165,232,257,10928332800,21605384192,26512596992,6.07,0.021,0.9,0.1,0.35,0.65,0.35,0.65
Qwen/Qwen2.5-7B-Instruct,NVIDIA GeForce RTX 5060 Ti,42,MultiFieldQA-en,16,16,285,structural,41.7396,0.0,0.0,0.0,0,1,1,1,34,290,290,290,33758412800,33758412800,33758412800,6.07,0.021,0.9,0.1,0.35,0.65,0.35,0.65
Qwen/Qwen2.5-7B-Instruct,NVIDIA GeForce RTX 5060 Ti,42,MultiFieldQA-en,16,16,286,multi-hop,43.2728,0.0,0.0,0.0,0,1,1,1,101,357,357,357,51159048192,51159048192,51159048192,6.07,0.021,0.9,0.1,0.35,0.65,0.35,0.65
Qwen/Qwen2.5-7B-Instruct,NVIDIA GeForce RTX 5060 Ti,42,MultiFieldQA-en,16,16,287,structural,42.2676,43.099,0.0,0.0,0,0,1,1,108,364,364,364,53184954368,53184954368,53184954368,6.07,0.021,0.9,0.1,0.35,0.65,0.35,0.65
Qwen/Qwen2.5-7B-Instruct,NVIDIA GeForce RTX 5060 Ti,42,MultiFieldQA-en,16,16,288,multi-hop,41.4039,0.0,0.0,0.0,0,1,1,1,84,340,340,340,46402764800,46402764800,46402764800,6.07,0.021,0.9,0.1,0.35,0.65,0.35,0.65
Qwen/Qwen2.5-7B-Instruct,NVIDIA GeForce RTX 5060 Ti,42,MultiFieldQA-en,16,16,289,multi-hop,47.5357,0.0,0.0,47.4712,0,1,1,0,23,279,279,279,31246000128,31246000128,31246000128,6.07,0.021,0.9,0.1,0.35,0.65,0.35,0.65
Qwen/Qwen2.5-7B-Instruct,NVIDIA GeForce RTX 5060 Ti,42,MultiFieldQA-en,16,16,290,semantic,64.2964,0.0,0.0,0.0,0,1,1,1,124,380,380,380,57963315200,57963315200,57963315200,6.07,0.021,0.9,0.1,0.35,0.65,0.35,0.65
Qwen/Qwen2.5-7B-Instruct,NVIDIA GeForce RTX 5060 Ti,42,MultiFieldQA-en,16,16,291,multi-hop,48.7125,50.0099,47.6078,0.0,0,0,0,1,67,323,323,323,41878495232,41878495232,41878495232,6.07,0.021,0.9,0.1,0.35,0.65,0.35,0.65
Qwen/Qwen2.5-7B-Instruct,NVIDIA GeForce RTX 5060 Ti,42,MultiFieldQA-en,16,16,292,multi-hop,48.0645,0.0,0.0,49.5245,0,1,1,0,110,366,366,366,53771010048,53771010048,53771010048,6.07,0.021,0.9,0.1,0.35,0.65,0.35,0.65
Qwen/Qwen2.5-7B-Instruct,NVIDIA GeForce RTX 5060 Ti,42,MultiFieldQA-en,16,16,293,multi-hop,64.618,67.5001,65.4987,0.0,0,0,0,1,5,120,149,261,5780275200,8911659008,27344314368,6.07,0.021,0.9,0.1,0.35,0.65,0.35,0.65
Qwen/Qwen2.5-7B-Instruct,NVIDIA GeForce RTX 5060 Ti,42,MultiFieldQA-en,16,16,294,multi-hop,47.8018,0.0,0.0,0.0,0,1,1,1,104,360,360,360,52022476800,52022476800,52022476800,6.07,0.021,0.9,0.1,0.35,0.65,0.35,0.65
Qwen/Qwen2.5-7B-Instruct,NVIDIA GeForce RTX 5060 Ti,42,MultiFieldQA-en,16,16,295,semantic,44.7339,0.0,0.0,0.0,0,1,1,1,86,342,342,342,46950285312,46950285312,46950285312,6.07,0.021,0.9,0.1,0.35,0.65,0.35,0.65
Qwen/Qwen2.5-7B-Instruct,NVIDIA GeForce RTX 5060 Ti,42,MultiFieldQA-en,16,16,296,multi-hop,50.5,50.3047,48.575,0.0,0,0,0,1,21,277,277,277,30799634432,30799634432,30799634432,6.07,0.021,0.9,0.1,0.35,0.65,0.35,0.65
Qwen/Qwen2.5-7B-Instruct,NVIDIA GeForce RTX 5060 Ti,42,MultiFieldQA-en,16,16,297,multi-hop,41.911,44.7149,0.0,0.0,0,0,1,1,289,545,545,545,119228211200,119228211200,119228211200,6.07,0.021,0.9,0.1,0.35,0.65,0.35,0.65
Qwen/Qwen2.5-7B-Instruct,NVIDIA GeForce RTX 5060 Ti,42,MultiFieldQA-en,16,16,298,structural,52.2406,53.2518,58.9683,0.0,0,0,0,1,103,359,359,359,51733864448,51733864448,51733864448,6.07,0.021,0.9,0.1,0.35,0.65,0.35,0.65
Qwen/Qwen2.5-7B-Instruct,NVIDIA GeForce RTX 5060 Ti,42,MultiFieldQA-en,16,16,299,semantic,40.9916,0.0,42.6374,43.3127,0,1,0,0,16,272,272,272,29697769472,29697769472,29697769472,6.07,0.021,0.9,0.1,0.35,0.65,0.35,0.65
Qwen/Qwen2.5-7B-Instruct,NVIDIA GeForce RTX 5060 Ti,42,MultiFieldQA-en,16,16,300,multi-hop,45.1995,0.0,0.0,43.0465,0,1,1,0,71,327,327,327,42922156032,42922156032,42922156032,6.07,0.021,0.9,0.1,0.35,0.65,0.35,0.65
Qwen/Qwen2.5-7B-Instruct,NVIDIA GeForce RTX 5060 Ti,42,MultiFieldQA-en,16,16,301,multi-hop,50.8386,0.0,0.0,0.0,0,1,1,1,81,337,337,337,45587505152,45587505152,45587505152,6.07,0.021,0.9,0.1,0.35,0.65,0.35,0.65
Qwen/Qwen2.5-7B-Instruct,NVIDIA GeForce RTX 5060 Ti,42,MultiFieldQA-en,16,16,302,structural,50.4759,52.3449,0.0,0.0,0,0,1,1,102,358,358,358,51446054912,51446054912,51446054912,6.07,0.021,0.9,0.1,0.35,0.65,0.35,0.65
Qwen/Qwen2.5-7B-Instruct,NVIDIA GeForce RTX 5060 Ti,42,MultiFieldQA-en,16,16,303,semantic,0.0,0.0,48.7641,45.142,1,1,0,0,21,277,277,277,30799634432,30799634432,30799634432,6.07,0.021,0.9,0.1,0.35,0.65,0.35,0.65
Qwen/Qwen2.5-7B-Instruct,NVIDIA GeForce RTX 5060 Ti,42,MultiFieldQA-en,16,16,304,multi-hop,50.4111,0.0,0.0,51.7581,0,1,1,0,86,342,342,342,46950285312,46950285312,46950285312,6.07,0.021,0.9,0.1,0.35,0.65,0.35,0.65
Qwen/Qwen2.5-7B-Instruct,NVIDIA GeForce RTX 5060 Ti,42,MultiFieldQA-en,16,16,305,multi-hop,56.8696,0.0,0.0,51.8636,0,1,1,0,106,362,362,362,52602109952,52602109952,52602109952,6.07,0.021,0.9,0.1,0.35,0.65,0.35,0.65
Qwen/Qwen2.5-7B-Instruct,NVIDIA GeForce RTX 5060 Ti,42,MultiFieldQA-en,16,16,306,semantic,40.0647,0.0,0.0,0.0,0,1,1,1,6,262,262,262,27554250752,27554250752,27554250752,6.07,0.021,0.9,0.1,0.35,0.65,0.35,0.65
Qwen/Qwen2.5-7B-Instruct,NVIDIA GeForce RTX 5060 Ti,42,MultiFieldQA-en,16,16,307,semantic,48.4951,0.0,0.0,0.0,0,1,1,1,92,348,348,348,48612114432,48612114432,48612114432,6.07,0.021,0.9,0.1,0.35,0.65,0.35,0.65
Qwen/Qwen2.5-7B-Instruct,NVIDIA GeForce RTX 5060 Ti,42,MultiFieldQA-en,16,16,308,multi-hop,45.088,44.723,44.4094,0.0,0,0,0,1,144,400,400,400,64225280000,64225280000,64225280000,6.07,0.021,0.9,0.1,0.35,0.65,0.35,0.65
Qwen/Qwen2.5-7B-Instruct,NVIDIA GeForce RTX 5060 Ti,42,MultiFieldQA-en,16,16,309,multi-hop,50.0001,0.0,0.0,0.0,0,1,1,1,13,269,269,269,29046284288,29046284288,29046284288,6.07,0.021,0.9,0.1,0.35,0.65,0.35,0.65
Qwen/Qwen2.5-7B-Instruct,NVIDIA GeForce RTX 5060 Ti,42,MultiFieldQA-en,16,16,310,structural,39.6913,40.9982,44.2301,39.1099,0,0,0,0,20,276,276,276,30577655808,30577655808,30577655808,6.07,0.021,0.9,0.1,0.35,0.65,0.35,0.65
Qwen/Qwen2.5-7B-Instruct,NVIDIA GeForce RTX 5060 Ti,42,MultiFieldQA-en,16,16,311,multi-hop,49.7714,52.863,52.7773,0.0,0,0,0,1,88,344,344,344,47501017088,47501017088,47501017088,6.07,0.021,0.9,0.1,0.35,0.65,0.35,0.65
Qwen/Qwen2.5-7B-Instruct,NVIDIA GeForce RTX 5060 Ti,42,MultiFieldQA-en,16,16,312,multi-hop,51.4631,53.1608,52.0425,0.0,0,0,0,1,85,341,341,341,46676123648,46676123648,46676123648,6.07,0.021,0.9,0.1,0.35,0.65,0.35,0.65
Qwen/Qwen2.5-7B-Instruct,NVIDIA GeForce RTX 5060 Ti,42,MultiFieldQA-en,16,16,313,structural,46.8419,0.0,0.0,0.0,0,1,1,1,95,351,351,351,49453867008,49453867008,49453867008,6.07,0.021,0.9,0.1,0.35,0.65,0.35,0.65
Qwen/Qwen2.5-7B-Instruct,NVIDIA GeForce RTX 5060 Ti,42,MultiFieldQA-en,16,16,314,structural,52.5717,53.2741,54.0007,52.6273,0,0,0,0,77,333,333,333,44511731712,44511731712,44511731712,6.07,0.021,0.9,0.1,0.35,0.65,0.35,0.65
Qwen/Qwen2.5-7B-Instruct,NVIDIA GeForce RTX 5060 Ti,42,MultiFieldQA-en,16,16,315,multi-hop,69.7043,77.41,71.5286,0.0,0,0,0,1,83,339,339,339,46130208768,46130208768,46130208768,6.07,0.021,0.9,0.1,0.35,0.65,0.35,0.65
Qwen/Qwen2.5-7B-Instruct,NVIDIA GeForce RTX 5060 Ti,42,MultiFieldQA-en,16,16,316,semantic,69.5444,0.0,0.0,0.0,0,1,1,1,135,391,391,391,61367656448,61367656448,61367656448,6.07,0.021,0.9,0.1,0.35,0.65,0.35,0.65
Qwen/Qwen2.5-7B-Instruct,NVIDIA GeForce RTX 5060 Ti,42,MultiFieldQA-en,16,16,317,multi-hop,51.2984,0.0,0.0,53.2376,0,1,1,0,106,362,362,362,52602109952,52602109952,52602109952,6.07,0.021,0.9,0.1,0.35,0.65,0.35,0.65
Qwen/Qwen2.5-7B-Instruct,NVIDIA GeForce RTX 5060 Ti,42,MultiFieldQA-en,16,16,318,multi-hop,52.5625,0.0,0.0,0.0,0,1,1,1,137,393,393,393,61997064192,61997064192,61997064192,6.07,0.021,0.9,0.1,0.35,0.65,0.35,0.65
Qwen/Qwen2.5-7B-Instruct,NVIDIA GeForce RTX 5060 Ti,42,MultiFieldQA-en,16,16,319,semantic,53.0581,0.0,0.0,0.0,0,1,1,1,73,329,329,329,43448803328,43448803328,43448803328,6.07,0.021,0.9,0.1,0.35,0.65,0.35,0.65
Qwen/Qwen2.5-7B-Instruct,NVIDIA GeForce RTX 5060 Ti,42,MultiFieldQA-en,16,16,320,multi-hop,70.4761,0.0,0.0,0.0,0,1,1,1,177,433,433,433,75259584512,75259584512,75259584512,6.07,0.021,0.9,0.1,0.35,0.65,0.35,0.65
Qwen/Qwen2.5-7B-Instruct,NVIDIA GeForce RTX 5060 Ti,42,MultiFieldQA-en,16,16,321,multi-hop,52.1843,59.4784,0.0,0.0,0,0,1,1,119,375,375,375,56448000000,56448000000,56448000000,6.07,0.021,0.9,0.1,0.35,0.65,0.35,0.65
Qwen/Qwen2.5-7B-Instruct,NVIDIA GeForce RTX 5060 Ti,42,MultiFieldQA-en,16,16,322,multi-hop,52.0374,53.1032,53.2619,0.0,0,0,0,1,88,344,344,344,47501017088,47501017088,47501017088,6.07,0.021,0.9,0.1,0.35,0.65,0.35,0.65
Qwen/Qwen2.5-7B-Instruct,NVIDIA GeForce RTX 5060 Ti,42,MultiFieldQA-en,16,16,323,structural,0.0,0.0,0.0,0.0,1,1,1,1,141,397,397,397,63265513472,63265513472,63265513472,6.07,0.021,0.9,0.1,0.35,0.65,0.35,0.65
Qwen/Qwen2.5-7B-Instruct,NVIDIA GeForce RTX 5060 Ti,42,MultiFieldQA-en,16,16,324,semantic,48.3302,0.0,0.0,0.0,0,1,1,1,10,266,266,266,28402024448,28402024448,28402024448,6.07,0.021,0.9,0.1,0.35,0.65,0.35,0.65
Qwen/Qwen2.5-7B-Instruct,NVIDIA GeForce RTX 5060 Ti,42,MultiFieldQA-en,16,16,325,semantic,48.8249,0.0,48.7885,49.3761,0,1,0,0,127,383,383,383,58882138112,58882138112,58882138112,6.07,0.021,0.9,0.1,0.35,0.65,0.35,0.65
Qwen/Qwen2.5-7B-Instruct,NVIDIA GeForce RTX 5060 Ti,42,MultiFieldQA-en,16,16,326,multi-hop,42.5122,42.1595,41.5576,0.0,0,0,0,1,116,372,372,372,55548444672,55548444672,55548444672,6.07,0.021,0.9,0.1,0.35,0.65,0.35,0.65
Qwen/Qwen2.5-7B-Instruct,NVIDIA GeForce RTX 5060 Ti,42,MultiFieldQA-en,16,16,327,structural,49.2871,0.0,0.0,0.0,0,1,1,1,151,407,407,407,66492833792,66492833792,66492833792,6.07,0.021,0.9,0.1,0.35,0.65,0.35,0.65
Qwen/Qwen2.5-7B-Instruct,NVIDIA GeForce RTX 5060 Ti,42,MultiFieldQA-en,16,16,328,multi-hop,46.0282,0.0,0.0,49.3358,0,1,1,0,26,282,282,282,31921569792,31921569792,31921569792,6.07,0.021,0.9,0.1,0.35,0.65,0.35,0.65
Qwen/Qwen2.5-7B-Instruct,NVIDIA GeForce RTX 5060 Ti,42,MultiFieldQA-en,16,16,329,multi-hop,50.8604,0.0,0.0,0.0,0,1,1,1,104,360,360,360,52022476800,52022476800,52022476800,6.07,0.021,0.9,0.1,0.35,0.65,0.35,0.65
Qwen/Qwen2.5-7B-Instruct,NVIDIA GeForce RTX 5060 Ti,42,MultiFieldQA-en,16,16,330,structural,47.6338,48.8962,0.0,0.0,0,0,1,1,181,437,437,437,76656484352,76656484352,76656484352,6.07,0.021,0.9,0.1,0.35,0.65,0.35,0.65
Qwen/Qwen2.5-7B-Instruct,NVIDIA GeForce RTX 5060 Ti,42,MultiFieldQA-en,16,16,331,multi-hop,54.3593,0.0,0.0,48.8899,0,1,1,0,23,279,279,279,31246000128,31246000128,31246000128,6.07,0.021,0.9,0.1,0.35,0.65,0.35,0.65
Qwen/Qwen2.5-7B-Instruct,NVIDIA GeForce RTX 5060 Ti,42,MultiFieldQA-en,16,16,332,multi-hop,49.5822,0.0,0.0,0.0,0,1,1,1,107,363,363,363,52893130752,52893130752,52893130752,6.07,0.021,0.9,0.1,0.35,0.65,0.35,0.65
Qwen/Qwen2.5-7B-Instruct,NVIDIA GeForce RTX 5060 Ti,42,MultiFieldQA-en,16,16,333,semantic,0.0,0.0,0.0,0.0,1,1,1,1,117,373,373,373,55847493632,55847493632,55847493632,6.07,0.021,0.9,0.1,0.35,0.65,0.35,0.65
Qwen/Qwen2.5-7B-Instruct,NVIDIA GeForce RTX 5060 Ti,42,MultiFieldQA-en,16,16,334,semantic,41.3328,0.0,42.009,0.0,0,1,0,1,21,277,277,277,30799634432,30799634432,30799634432,6.07,0.021,0.9,0.1,0.35,0.65,0.35,0.65
Qwen/Qwen2.5-7B-Instruct,NVIDIA GeForce RTX 5060 Ti,42,MultiFieldQA-en,16,16,335,multi-hop,62.4582,66.0394,65.9586,0.0,0,0,0,1,135,391,391,391,61367656448,61367656448,61367656448,6.07,0.021,0.9,0.1,0.35,0.65,0.35,0.65
Qwen/Qwen2.5-7B-Instruct,NVIDIA GeForce RTX 5060 Ti,42,MultiFieldQA-en,16,16,336,multi-hop,48.9,0.0,0.0,0.0,0,1,1,1,96,352,352,352,49736056832,49736056832,49736056832,6.07,0.021,0.9,0.1,0.35,0.65,0.35,0.65
Qwen/Qwen2.5-7B-Instruct,NVIDIA GeForce RTX 5060 Ti,42,MultiFieldQA-en,16,16,337,structural,49.3993,0.0,0.0,0.0,0,1,1,1,100,356,356,356,50872844288,50872844288,50872844288,6.07,0.021,0.9,0.1,0.35,0.65,0.35,0.65
Qwen/Qwen2.5-7B-Instruct,NVIDIA GeForce RTX 5060 Ti,42,MultiFieldQA-en,16,16,338,multi-hop,0.0,67.3312,66.021,0.0,1,0,0,1,114,370,370,370,54952755200,54952755200,54952755200,6.07,0.021,0.9,0.1,0.35,0.65,0.35,0.65
Qwen/Qwen2.5-7B-Instruct,NVIDIA GeForce RTX 5060 Ti,42,MultiFieldQA-en,16,16,339,multi-hop,49.663,0.0,49.0598,49.6965,0,1,0,0,72,328,328,328,43185078272,43185078272,43185078272,6.07,0.021,0.9,0.1,0.35,0.65,0.35,0.65
Qwen/Qwen2.5-7B-Instruct,NVIDIA GeForce RTX 5060 Ti,42,MultiFieldQA-en,16,16,340,semantic,48.103,0.0,0.0,0.0,0,1,1,1,108,364,364,364,53184954368,53184954368,53184954368,6.07,0.021,0.9,0.1,0.35,0.65,0.35,0.65
Qwen/Qwen2.5-7B-Instruct,NVIDIA GeForce RTX 5060 Ti,42,MultiFieldQA-en,16,16,341,semantic,47.4472,0.0,0.0,0.0,0,1,1,1,89,345,345,345,47777587200,47777587200,47777587200,6.07,0.021,0.9,0.1,0.35,0.65,0.35,0.65
Qwen/Qwen2.5-7B-Instruct,NVIDIA GeForce RTX 5060 Ti,42,MultiFieldQA-en,16,16,342,multi-hop,64.8907,0.0,0.0,0.0,0,1,1,1,100,356,356,356,50872844288,50872844288,50872844288,6.07,0.021,0.9,0.1,0.35,0.65,0.35,0.65
Qwen/Qwen2.5-7B-Instruct,NVIDIA GeForce RTX 5060 Ti,42,MultiFieldQA-en,16,16,343,structural,45.2814,48.037,46.9985,0.0,0,0,0,1,95,351,351,351,49453867008,49453867008,49453867008,6.07,0.021,0.9,0.1,0.35,0.65,0.35,0.65
Qwen/Qwen2.5-7B-Instruct,NVIDIA GeForce RTX 5060 Ti,42,MultiFieldQA-en,16,16,344,multi-hop,65.5936,70.0476,65.7399,0.0,0,0,0,1,201,457,457,457,83833659392,83833659392,83833659392,6.07,0.021,0.9,0.1,0.35,0.65,0.35,0.65
Qwen/Qwen2.5-7B-Instruct,NVIDIA GeForce RTX 5060 Ti,42,MultiFieldQA-en,16,16,345,semantic,63.9192,0.0,0.0,0.0,0,1,1,1,53,309,309,309,38326837248,38326837248,38326837248,6.07,0.021,0.9,0.1,0.35,0.65,0.35,0.65
Qwen/Qwen2.5-7B-Instruct,NVIDIA GeForce RTX 5060 Ti,42,MultiFieldQA-en,16,16,346,semantic,47.3443,0.0,0.0,0.0,0,1,1,1,99,355,355,355,50587443200,50587443200,50587443200,6.07,0.021,0.9,0.1,0.35,0.65,0.35,0.65
Qwen/Qwen2.5-7B-Instruct,NVIDIA GeForce RTX 5060 Ti,42,MultiFieldQA-en,16,16,347,structural,65.1771,65.9657,0.0,0.0,0,0,1,1,96,352,352,352,49736056832,49736056832,49736056832,6.07,0.021,0.9,0.1,0.35,0.65,0.35,0.65
Qwen/Qwen2.5-7B-Instruct,NVIDIA GeForce RTX 5060 Ti,42,MultiFieldQA-en,16,16,348,structural,64.6099,0.0,0.0,0.0,0,1,1,1,128,384,384,384,59190018048,59190018048,59190018048,6.07,0.021,0.9,0.1,0.35,0.65,0.35,0.65
Qwen/Qwen2.5-7B-Instruct,NVIDIA GeForce RTX 5060 Ti,42,MultiFieldQA-en,16,16,349,semantic,0.0,0.0,0.0,0.0,1,1,1,1,99,355,355,355,50587443200,50587443200,50587443200,6.07,0.021,0.9,0.1,0.35,0.65,0.35,0.65
Qwen/Qwen2.5-7B-Instruct,NVIDIA GeForce RTX 5060 Ti,42,MultiFieldQA-en,16,16,350,semantic,48.5579,0.0,0.0,0.0,0,1,1,1,116,372,372,372,55548444672,55548444672,55548444672,6.07,0.021,0.9,0.1,0.35,0.65,0.35,0.65
Qwen/Qwen2.5-7B-Instruct,NVIDIA GeForce RTX 5060 Ti,42,MultiFieldQA-en,16,16,351,multi-hop,41.928,41.9244,0.0,0.0,0,0,1,1,104,360,360,360,52022476800,52022476800,52022476800,6.07,0.021,0.9,0.1,0.35,0.65,0.35,0.65
Qwen/Qwen2.5-7B-Instruct,NVIDIA GeForce RTX 5060 Ti,42,MultiFieldQA-en,16,16,352,structural,48.8105,49.7123,0.0,0.0,0,0,1,1,100,356,356,356,50872844288,50872844288,50872844288,6.07,0.021,0.9,0.1,0.35,0.65,0.35,0.65
Qwen/Qwen2.5-7B-Instruct,NVIDIA GeForce RTX 5060 Ti,42,MultiFieldQA-en,16,16,353,semantic,49.5128,0.0,0.0,0.0,0,1,1,1,110,366,366,366,53771010048,53771010048,53771010048,6.07,0.021,0.9,0.1,0.35,0.65,0.35,0.65
Qwen/Qwen2.5-7B-Instruct,NVIDIA GeForce RTX 5060 Ti,42,MultiFieldQA-en,16,16,354,semantic,68.2371,0.0,0.0,0.0,0,1,1,1,149,405,405,405,65840947200,65840947200,65840947200,6.07,0.021,0.9,0.1,0.35,0.65,0.35,0.65
Qwen/Qwen2.5-7B-Instruct,NVIDIA GeForce RTX 5060 Ti,42,MultiFieldQA-en,16,16,355,semantic,0.0,70.2552,69.3989,70.7924,1,0,0,0,149,405,405,405,65840947200,65840947200,65840947200,6.07,0.021,0.9,0.1,0.35,0.65,0.35,0.65
Qwen/Qwen2.5-7B-Instruct,NVIDIA GeForce RTX 5060 Ti,42,MultiFieldQA-en,16,16,356,multi-hop,51.154,0.0,0.0,0.0,0,1,1,1,71,327,327,327,42922156032,42922156032,42922156032,6.07,0.021,0.9,0.1,0.35,0.65,0.35,0.65
Qwen/Qwen2.5-7B-Instruct,NVIDIA GeForce RTX 5060 Ti,42,MultiFieldQA-en,16,16,357,structural,50.2852,0.0,0.0,0.0,0,1,1,1,78,334,334,334,44779470848,44779470848,44779470848,6.07,0.021,0.9,0.1,0.35,0.65,0.35,0.65
Qwen/Qwen2.5-7B-Instruct,NVIDIA GeForce RTX 5060 Ti,42,MultiFieldQA-en,16,16,358,multi-hop,50.7786,52.6498,0.0,0.0,0,0,1,1,72,328,328,328,43185078272,43185078272,43185078272,6.07,0.021,0.9,0.1,0.35,0.65,0.35,0.65
Qwen/Qwen2.5-7B-Instruct,NVIDIA GeForce RTX 5060 Ti,42,MultiFieldQA-en,16,16,359,structural,48.5851,50.1716,49.4897,0.0,0,0,0,1,95,351,351,351,49453867008,49453867008,49453867008,6.07,0.021,0.9,0.1,0.35,0.65,0.35,0.65
Qwen/Qwen2.5-7B-Instruct,NVIDIA GeForce RTX 5060 Ti,42,MultiFieldQA-en,16,16,360,structural,51.1267,52.6411,0.0,0.0,0,0,1,1,125,381,381,381,58268786688,58268786688,58268786688,6.07,0.021,0.9,0.1,0.35,0.65,0.35,0.65
Qwen/Qwen2.5-7B-Instruct,NVIDIA GeForce RTX 5060 Ti,42,MultiFieldQA-en,16,16,361,semantic,44.5061,0.0,0.0,0.0,0,1,1,1,43,299,299,299,35886276608,35886276608,35886276608,6.07,0.021,0.9,0.1,0.35,0.65,0.35,0.65
Qwen/Qwen2.5-7B-Instruct,NVIDIA GeForce RTX 5060 Ti,42,MultiFieldQA-en,16,16,362,multi-hop,49.0017,52.0768,51.4788,0.0,0,0,0,1,101,357,357,357,51159048192,51159048192,51159048192,6.07,0.021,0.9,0.1,0.35,0.65,0.35,0.65
Qwen/Qwen2.5-7B-Instruct,NVIDIA GeForce RTX 5060 Ti,42,MultiFieldQA-en,16,16,363,structural,68.6611,0.0,0.0,0.0,0,1,1,1,136,392,392,392,61681958912,61681958912,61681958912,6.07,0.021,0.9,0.1,0.35,0.65,0.35,0.65
Qwen/Qwen2.5-7B-Instruct,NVIDIA GeForce RTX 5060 Ti,42,MultiFieldQA-en,16,16,364,semantic,49.6559,0.0,0.0,0.0,0,1,1,1,55,311,311,311,38824583168,38824583168,38824583168,6.07,0.021,0.9,0.1,0.35,0.65,0.35,0.65
Qwen/Qwen2.5-7B-Instruct,NVIDIA GeForce RTX 5060 Ti,42,MultiFieldQA-en,16,16,365,semantic,50.9102,0.0,0.0,0.0,0,1,1,1,95,351,351,351,49453867008,49453867008,49453867008,6.07,0.021,0.9,0.1,0.35,0.65,0.35,0.65
Qwen/Qwen2.5-7B-Instruct,NVIDIA GeForce RTX 5060 Ti,42,MultiFieldQA-en,16,16,366,multi-hop,50.2667,53.0543,51.796,0.0,0,0,0,1,33,289,289,289,33525997568,33525997568,33525997568,6.07,0.021,0.9,0.1,0.35,0.65,0.35,0.65
Qwen/Qwen2.5-7B-Instruct,NVIDIA GeForce RTX 5060 Ti,42,MultiFieldQA-en,16,16,367,semantic,50.0803,0.0,0.0,0.0,0,1,1,1,86,342,342,342,46950285312,46950285312,46950285312,6.07,0.021,0.9,0.1,0.35,0.65,0.35,0.65
Qwen/Qwen2.5-7B-Instruct,NVIDIA GeForce RTX 5060 Ti,42,MultiFieldQA-en,16,16,368,semantic,45.3906,0.0,0.0,0.0,0,1,1,1,121,377,377,377,57051717632,57051717632,57051717632,6.07,0.021,0.9,0.1,0.35,0.65,0.35,0.65
Qwen/Qwen2.5-7B-Instruct,NVIDIA GeForce RTX 5060 Ti,42,MultiFieldQA-en,16,16,369,semantic,49.8118,0.0,0.0,0.0,0,1,1,1,86,342,342,342,46950285312,46950285312,46950285312,6.07,0.021,0.9,0.1,0.35,0.65,0.35,0.65
Qwen/Qwen2.5-7B-Instruct,NVIDIA GeForce RTX 5060 Ti,42,MultiFieldQA-en,16,16,370,multi-hop,40.8121,0.0,0.0,0.0,0,1,1,1,10,266,266,266,28402024448,28402024448,28402024448,6.07,0.021,0.9,0.1,0.35,0.65,0.35,0.65
Qwen/Qwen2.5-7B-Instruct,NVIDIA GeForce RTX 5060 Ti,42,MultiFieldQA-en,16,16,371,semantic,45.2393,0.0,0.0,0.0,0,1,1,1,48,304,304,304,37096521728,37096521728,37096521728,6.07,0.021,0.9,0.1,0.35,0.65,0.35,0.65
Qwen/Qwen2.5-7B-Instruct,NVIDIA GeForce RTX 5060 Ti,42,MultiFieldQA-en,16,16,372,multi-hop,60.4125,0.0,0.0,0.0,0,1,1,1,106,362,362,362,52602109952,52602109952,52602109952,6.07,0.021,0.9,0.1,0.35,0.65,0.35,0.65
Qwen/Qwen2.5-7B-Instruct,NVIDIA GeForce RTX 5060 Ti,42,MultiFieldQA-en,16,16,373,multi-hop,52.8273,0.0,52.6375,52.3039,0,1,0,0,100,356,356,356,50872844288,50872844288,50872844288,6.07,0.021,0.9,0.1,0.35,0.65,0.35,0.65
Qwen/Qwen2.5-7B-Instruct,NVIDIA GeForce RTX 5060 Ti,42,MultiFieldQA-en,16,16,374,structural,51.4677,53.7058,0.0,0.0,0,0,1,1,150,406,406,406,66166489088,66166489088,66166489088,6.07,0.021,0.9,0.1,0.35,0.65,0.35,0.65
Qwen/Qwen2.5-7B-Instruct,NVIDIA GeForce RTX 5060 Ti,42,MultiFieldQA-en,16,16,375,structural,45.9555,46.2678,48.7344,46.6939,0,0,0,0,92,348,348,348,48612114432,48612114432,48612114432,6.07,0.021,0.9,0.1,0.35,0.65,0.35,0.65
Qwen/Qwen2.5-7B-Instruct,NVIDIA GeForce RTX 5060 Ti,42,MultiFieldQA-en,16,16,376,multi-hop,52.0896,54.4621,0.0,0.0,0,0,1,1,95,351,351,351,49453867008,49453867008,49453867008,6.07,0.021,0.9,0.1,0.35,0.65,0.35,0.65
Qwen/Qwen2.5-7B-Instruct,NVIDIA GeForce RTX 5060 Ti,42,MultiFieldQA-en,16,16,377,structural,44.9597,46.8807,44.9486,44.7442,0,0,0,0,86,342,342,342,46950285312,46950285312,46950285312,6.07,0.021,0.9,0.1,0.35,0.65,0.35,0.65
Qwen/Qwen2.5-7B-Instruct,NVIDIA GeForce RTX 5060 Ti,42,MultiFieldQA-en,16,16,378,multi-hop,43.0721,43.4923,42.8678,0.0,0,0,0,1,143,399,399,399,63904555008,63904555008,63904555008,6.07,0.021,0.9,0.1,0.35,0.65,0.35,0.65
Qwen/Qwen2.5-7B-Instruct,NVIDIA GeForce RTX 5060 Ti,42,MultiFieldQA-en,16,16,379,structural,52.5142,52.9541,0.0,0.0,0,0,1,1,92,348,348,348,48612114432,48612114432,48612114432,6.07,0.021,0.9,0.1,0.35,0.65,0.35,0.65
Qwen/Qwen2.5-7B-Instruct,NVIDIA GeForce RTX 5060 Ti,42,MultiFieldQA-en,16,16,380,semantic,65.4563,0.0,0.0,0.0,0,1,1,1,150,406,406,406,66166489088,66166489088,66166489088,6.07,0.021,0.9,0.1,0.35,0.65,0.35,0.65
Qwen/Qwen2.5-7B-Instruct,NVIDIA GeForce RTX 5060 Ti,42,MultiFieldQA-en,16,16,381,structural,46.2843,48.4761,0.0,0.0,0,0,1,1,111,367,367,367,54065242112,54065242112,54065242112,6.07,0.021,0.9,0.1,0.35,0.65,0.35,0.65
Qwen/Qwen2.5-7B-Instruct,NVIDIA GeForce RTX 5060 Ti,42,MultiFieldQA-en,16,16,382,semantic,37.3209,0.0,0.0,0.0,0,1,1,1,1,165,113,87,10928332800,5125578752,3038257152,6.07,0.021,0.9,0.1,0.35,0.65,0.35,0.65
Qwen/Qwen2.5-7B-Instruct,NVIDIA GeForce RTX 5060 Ti,42,MultiFieldQA-en,16,16,383,multi-hop,80.2491,0.0,0.0,0.0,0,1,1,1,19,275,275,275,30356480000,30356480000,30356480000,6.07,0.021,0.9,0.1,0.35,0.65,0.35,0.65
Qwen/Qwen2.5-7B-Instruct,NVIDIA GeForce RTX 5060 Ti,42,MultiFieldQA-en,16,16,384,structural,41.2292,0.0,43.0573,0.0,0,1,0,1,116,372,372,372,55548444672,55548444672,55548444672,6.07,0.021,0.9,0.1,0.35,0.65,0.35,0.65
Qwen/Qwen2.5-7B-Instruct,NVIDIA GeForce RTX 5060 Ti,42,MultiFieldQA-en,16,16,385,multi-hop,65.1041,0.0,0.0,0.0,0,1,1,1,184,440,440,440,77712588800,77712588800,77712588800,6.07,0.021,0.9,0.1,0.35,0.65,0.35,0.65
Qwen/Qwen2.5-7B-Instruct,NVIDIA GeForce RTX 5060 Ti,42,MultiFieldQA-en,16,16,386,semantic,46.1932,0.0,48.5847,0.0,0,1,0,1,85,341,341,341,46676123648,46676123648,46676123648,6.07,0.021,0.9,0.1,0.35,0.65,0.35,0.65
Qwen/Qwen2.5-7B-Instruct,NVIDIA GeForce RTX 5060 Ti,42,MultiFieldQA-en,16,16,387,semantic,48.4273,0.0,49.0496,48.6273,0,1,0,0,70,326,326,326,42660036608,42660036608,42660036608,6.07,0.021,0.9,0.1,0.35,0.65,0.35,0.65
Qwen/Qwen2.5-7B-Instruct,NVIDIA GeForce RTX 5060 Ti,42,MultiFieldQA-en,16,16,388,multi-hop,47.7119,0.0,0.0,0.0,0,1,1,1,99,355,355,355,50587443200,50587443200,50587443200,6.07,0.021,0.9,0.1,0.35,0.65,0.35,0.65
Qwen/Qwen2.5-7B-Instruct,NVIDIA GeForce RTX 5060 Ti,42,MultiFieldQA-en,16,16,389,semantic,49.0469,0.0,0.0,0.0,0,1,1,1,81,337,337,337,45587505152,45587505152,45587505152,6.07,0.021,0.9,0.1,0.35,0.65,0.35,0.65
Qwen/Qwen2.5-7B-Instruct,NVIDIA GeForce RTX 5060 Ti,42,MultiFieldQA-en,16,16,390,multi-hop,41.8492,0.0,0.0,0.0,0,1,1,1,67,323,323,323,41878495232,41878495232,41878495232,6.07,0.021,0.9,0.1,0.35,0.65,0.35,0.65
Qwen/Qwen2.5-7B-Instruct,NVIDIA GeForce RTX 5060 Ti,42,MultiFieldQA-en,16,16,391,multi-hop,48.4936,0.0,0.0,49.7604,0,1,1,0,96,352,352,352,49736056832,49736056832,49736056832,6.07,0.021,0.9,0.1,0.35,0.65,0.35,0.65
Qwen/Qwen2.5-7B-Instruct,NVIDIA GeForce RTX 5060 Ti,42,MultiFieldQA-en,16,16,392,multi-hop,49.4712,0.0,50.6588,0.0,0,1,0,1,53,309,309,309,38326837248,38326837248,38326837248,6.07,0.021,0.9,0.1,0.35,0.65,0.35,0.65
Qwen/Qwen2.5-7B-Instruct,NVIDIA GeForce RTX 5060 Ti,42,MultiFieldQA-en,16,16,393,semantic,53.2413,58.3006,0.0,0.0,0,0,1,1,107,363,363,363,52893130752,52893130752,52893130752,6.07,0.021,0.9,0.1,0.35,0.65,0.35,0.65
Qwen/Qwen2.5-7B-Instruct,NVIDIA GeForce RTX 5060 Ti,42,MultiFieldQA-en,16,16,394,multi-hop,41.5735,0.0,0.0,0.0,0,1,1,1,108,364,364,364,53184954368,53184954368,53184954368,6.07,0.021,0.9,0.1,0.35,0.65,0.35,0.65
Qwen/Qwen2.5-7B-Instruct,NVIDIA GeForce RTX 5060 Ti,42,MultiFieldQA-en,16,16,395,multi-hop,47.7236,49.4177,0.0,0.0,0,0,1,1,137,393,393,393,61997064192,61997064192,61997064192,6.07,0.021,0.9,0.1,0.35,0.65,0.35,0.65
Qwen/Qwen2.5-7B-Instruct,NVIDIA GeForce RTX 5060 Ti,42,MultiFieldQA-en,16,16,396,multi-hop,48.3288,48.8634,0.0,0.0,0,0,1,1,58,314,314,314,39577223168,39577223168,39577223168,6.07,0.021,0.9,0.1,0.35,0.65,0.35,0.65
Qwen/Qwen2.5-7B-Instruct,NVIDIA GeForce RTX 5060 Ti,42,MultiFieldQA-en,16,16,397,structural,48.3474,0.0,0.0,0.0,0,1,1,1,106,362,362,362,52602109952,52602109952,52602109952,6.07,0.021,0.9,0.1,0.35,0.65,0.35,0.65
Qwen/Qwen2.5-7B-Instruct,NVIDIA GeForce RTX 5060 Ti,42,MultiFieldQA-en,16,16,398,multi-hop,48.1374,49.8161,0.0,0.0,0,0,1,1,10,266,266,266,28402024448,28402024448,28402024448,6.07,0.021,0.9,0.1,0.35,0.65,0.35,0.65
Qwen/Qwen2.5-7B-Instruct,NVIDIA GeForce RTX 5060 Ti,42,MultiFieldQA-en,16,16,399,multi-hop,49.1467,0.0,50.2265,49.1577,0,1,0,0,60,316,316,316,40082997248,40082997248,40082997248,6.07,0.021,0.9,0.1,0.35,0.65,0.35,0.65
Qwen/Qwen2.5-7B-Instruct,NVIDIA GeForce RTX 5060 Ti,42,MultiFieldQA-en,16,16,400,multi-hop,47.0111,0.0,0.0,47.7414,0,1,1,0,23,279,279,279,31246000128,31246000128,31246000128,6.07,0.021,0.9,0.1,0.35,0.65,0.35,0.65
Qwen/Qwen2.5-7B-Instruct,NVIDIA GeForce RTX 5060 Ti,42,MultiFieldQA-en,16,16,401,structural,64.6436,64.572,66.1428,66.429,0,0,0,0,1,165,113,257,10928332800,5125578752,26512596992,6.07,0.021,0.9,0.1,0.35,0.65,0.35,0.65
Qwen/Qwen2.5-7B-Instruct,NVIDIA GeForce RTX 5060 Ti,42,MultiFieldQA-en,16,16,402,semantic,48.1916,0.0,0.0,0.0,0,1,1,1,128,384,384,384,59190018048,59190018048,59190018048,6.07,0.021,0.9,0.1,0.35,0.65,0.35,0.65
Qwen/Qwen2.5-7B-Instruct,NVIDIA GeForce RTX 5060 Ti,42,MultiFieldQA-en,16,16,403,multi-hop,85.095,0.0,0.0,0.0,0,1,1,1,194,450,450,450,81285120000,81285120000,81285120000,6.07,0.021,0.9,0.1,0.35,0.65,0.35,0.65
Qwen/Qwen2.5-7B-Instruct,NVIDIA GeForce RTX 5060 Ti,42,MultiFieldQA-en,16,16,404,semantic,47.6809,0.0,0.0,0.0,0,1,1,1,73,329,329,329,43448803328,43448803328,43448803328,6.07,0.021,0.9,0.1,0.35,0.65,0.35,0.65
Qwen/Qwen2.5-7B-Instruct,NVIDIA GeForce RTX 5060 Ti,42,MultiFieldQA-en,16,16,405,structural,47.8086,49.2683,0.0,0.0,0,0,1,1,53,309,309,309,38326837248,38326837248,38326837248,6.07,0.021,0.9,0.1,0.35,0.65,0.35,0.65
Qwen/Qwen2.5-7B-Instruct,NVIDIA GeForce RTX 5060 Ti,42,MultiFieldQA-en,16,16,406,semantic,63.5323,0.0,0.0,0.0,0,1,1,1,115,371,371,371,55250198528,55250198528,55250198528,6.07,0.021,0.9,0.1,0.35,0.65,0.35,0.65
Qwen/Qwen2.5-7B-Instruct,NVIDIA GeForce RTX 5060 Ti,42,MultiFieldQA-en,16,16,407,multi-hop,41.9169,43.1402,42.4655,0.0,0,0,0,1,43,299,299,299,35886276608,35886276608,35886276608,6.07,0.021,0.9,0.1,0.35,0.65,0.35,0.65
Qwen/Qwen2.5-7B-Instruct,NVIDIA GeForce RTX 5060 Ti,42,MultiFieldQA-en,16,16,408,multi-hop,41.9543,0.0,0.0,43.189,0,1,1,0,43,299,299,299,35886276608,35886276608,35886276608,6.07,0.021,0.9,0.1,0.35,0.65,0.35,0.65
Qwen/Qwen2.5-7B-Instruct,NVIDIA GeForce RTX 5060 Ti,42,MultiFieldQA-en,16,16,409,semantic,51.2355,0.0,0.0,0.0,0,1,1,1,109,365,365,365,53477580800,53477580800,53477580800,6.07,0.021,0.9,0.1,0.35,0.65,0.35,0.65
Qwen/Qwen2.5-7B-Instruct,NVIDIA GeForce RTX 5060 Ti,42,MultiFieldQA-en,16,16,410,multi-hop,0.0,0.0,0.0,51.3451,1,1,1,0,137,393,393,393,61997064192,61997064192,61997064192,6.07,0.021,0.9,0.1,0.35,0.65,0.35,0.65
Qwen/Qwen2.5-7B-Instruct,NVIDIA GeForce RTX 5060 Ti,42,MultiFieldQA-en,16,16,411,structural,52.1234,51.4631,51.8889,0.0,0,0,0,1,1,165,113,257,10928332800,5125578752,26512596992,6.07,0.021,0.9,0.1,0.35,0.65,0.35,0.65
Qwen/Qwen2.5-7B-Instruct,NVIDIA GeForce RTX 5060 Ti,42,MultiFieldQA-en,16,16,412,multi-hop,52.3757,0.0,59.2226,51.8615,0,1,0,0,159,415,415,415,69132492800,69132492800,69132492800,6.07,0.021,0.9,0.1,0.35,0.65,0.35,0.65
Qwen/Qwen2.5-7B-Instruct,NVIDIA GeForce RTX 5060 Ti,42,MultiFieldQA-en,16,16,413,multi-hop,52.4767,57.0405,50.2007,0.0,0,0,0,1,1,165,113,257,10928332800,5125578752,26512596992,6.07,0.021,0.9,0.1,0.35,0.65,0.35,0.65
Qwen/Qwen2.5-7B-Instruct,NVIDIA GeForce RTX 5060 Ti,42,MultiFieldQA-en,16,16,414,multi-hop,51.6832,0.0,52.997,52.766,0,1,0,0,85,341,341,341,46676123648,46676123648,46676123648,6.07,0.021,0.9,0.1,0.35,0.65,0.35,0.65
Qwen/Qwen2.5-7B-Instruct,NVIDIA GeForce RTX 5060 Ti,42,MultiFieldQA-en,16,16,415,semantic,45.7532,46.9975,0.0,0.0,0,0,1,1,111,367,367,367,54065242112,54065242112,54065242112,6.07,0.021,0.9,0.1,0.35,0.65,0.35,0.65
Qwen/Qwen2.5-7B-Instruct,NVIDIA GeForce RTX 5060 Ti,42,MultiFieldQA-en,16,16,416,semantic,49.984,0.0,0.0,0.0,0,1,1,1,78,334,334,334,44779470848,44779470848,44779470848,6.07,0.021,0.9,0.1,0.35,0.65,0.35,0.65
Qwen/Qwen2.5-7B-Instruct,NVIDIA GeForce RTX 5060 Ti,42,MultiFieldQA-en,16,16,417,semantic,47.7448,0.0,0.0,0.0,0,1,1,1,23,279,279,279,31246000128,31246000128,31246000128,6.07,0.021,0.9,0.1,0.35,0.65,0.35,0.65
Qwen/Qwen2.5-7B-Instruct,NVIDIA GeForce RTX 5060 Ti,42,MultiFieldQA-en,16,16,418,multi-hop,51.3611,53.4871,56.1876,0.0,0,0,0,1,101,357,357,357,51159048192,51159048192,51159048192,6.07,0.021,0.9,0.1,0.35,0.65,0.35,0.65
Qwen/Qwen2.5-7B-Instruct,NVIDIA GeForce RTX 5060 Ti,42,MultiFieldQA-en,16,16,419,multi-hop,51.0094,52.8374,53.1761,0.0,0,0,0,1,103,359,359,359,51733864448,51733864448,51733864448,6.07,0.021,0.9,0.1,0.35,0.65,0.35,0.65
Qwen/Qwen2.5-7B-Instruct,NVIDIA GeForce RTX 5060 Ti,42,MultiFieldQA-en,16,16,420,structural,50.0132,0.0,0.0,0.0,0,1,1,1,46,302,302,302,36610015232,36610015232,36610015232,6.07,0.021,0.9,0.1,0.35,0.65,0.35,0.65
Qwen/Qwen2.5-7B-Instruct,NVIDIA GeForce RTX 5060 Ti,42,MultiFieldQA-en,16,16,421,multi-hop,44.5491,45.4637,44.5763,0.0,0,0,0,1,120,376,376,376,56749457408,56749457408,56749457408,6.07,0.021,0.9,0.1,0.35,0.65,0.35,0.65
Qwen/Qwen2.5-7B-Instruct,NVIDIA GeForce RTX 5060 Ti,42,MultiFieldQA-en,16,16,422,multi-hop,50.5899,0.0,0.0,0.0,0,1,1,1,59,315,315,315,39829708800,39829708800,39829708800,6.07,0.021,0.9,0.1,0.35,0.65,0.35,0.65
Qwen/Qwen2.5-7B-Instruct,NVIDIA GeForce RTX 5060 Ti,42,MultiFieldQA-en,16,16,423,semantic,42.5524,0.0,0.0,0.0,0,1,1,1,8,264,264,264,27976531968,27976531968,27976531968,6.07,0.021,0.9,0.1,0.35,0.65,0.35,0.65
Qwen/Qwen2.5-7B-Instruct,NVIDIA GeForce RTX 5060 Ti,42,MultiFieldQA-en,16,16,424,structural,70.9939,0.0,0.0,0.0,0,1,1,1,155,411,411,411,67806240768,67806240768,67806240768,6.07,0.021,0.9,0.1,0.35,0.65,0.35,0.65
Qwen/Qwen2.5-7B-Instruct,NVIDIA GeForce RTX 5060 Ti,42,MultiFieldQA-en,16,16,425,semantic,53.0359,0.0,0.0,0.0,0,1,1,1,79,335,335,335,45048012800,45048012800,45048012800,6.07,0.021,0.9,0.1,0.35,0.65,0.35,0.65
Qwen/Qwen2.5-7B-Instruct,NVIDIA GeForce RTX 5060 Ti,42,MultiFieldQA-en,16,16,426,multi-hop,44.8712,46.123,47.1283,0.0,0,0,0,1,158,414,414,414,68799725568,68799725568,68799725568,6.07,0.021,0.9,0.1,0.35,0.65,0.35,0.65
Qwen/Qwen2.5-7B-Instruct,NVIDIA GeForce RTX 5060 Ti,42,MultiFieldQA-en,16,16,427,semantic,52.6637,0.0,0.0,0.0,0,1,1,1,33,289,289,289,33525997568,33525997568,33525997568,6.07,0.021,0.9,0.1,0.35,0.65,0.35,0.65
Qwen/Qwen2.5-7B-Instruct,NVIDIA GeForce RTX 5060 Ti,42,MultiFieldQA-en,16,16,428,semantic,46.3749,0.0,0.0,0.0,0,1,1,1,94,350,350,350,49172480000,49172480000,49172480000,6.07,0.021,0.9,0.1,0.35,0.65,0.35,0.65
Qwen/Qwen2.5-7B-Instruct,NVIDIA GeForce RTX 5060 Ti,42,MultiFieldQA-en,16,16,429,multi-hop,64.6268,54.851,0.0,0.0,0,0,1,1,129,385,385,385,59498700800,59498700800,59498700800,6.07,0.021,0.9,0.1,0.35,0.65,0.35,0.65
Qwen/Qwen2.5-7B-Instruct,NVIDIA GeForce RTX 5060 Ti,42,MultiFieldQA-en,16,16,430,semantic,53.5736,0.0,53.2637,0.0,0,1,0,1,93,349,349,349,48891895808,48891895808,48891895808,6.07,0.021,0.9,0.1,0.35,0.65,0.35,0.65
Qwen/Qwen2.5-7B-Instruct,NVIDIA GeForce RTX 5060 Ti,42,MultiFieldQA-en,16,16,431,multi-hop,59.327,54.8232,57.172,0.0,0,0,0,1,15,271,271,271,29479804928,29479804928,29479804928,6.07,0.021,0.9,0.1,0.35,0.65,0.35,0.65
Qwen/Qwen2.5-7B-Instruct,NVIDIA GeForce RTX 5060 Ti,42,MultiFieldQA-en,16,16,432,structural,53.8026,0.0,0.0,0.0,0,1,1,1,66,322,322,322,41619587072,41619587072,41619587072,6.07,0.021,0.9,0.1,0.35,0.65,0.35,0.65
Qwen/Qwen2.5-7B-Instruct,NVIDIA GeForce RTX 5060 Ti,42,MultiFieldQA-en,16,16,433,structural,44.9709,0.0,0.0,0.0,0,1,1,1,41,297,297,297,35407798272,35407798272,35407798272,6.07,0.021,0.9,0.1,0.35,0.65,0.35,0.65
Qwen/Qwen2.5-7B-Instruct,NVIDIA GeForce RTX 5060 Ti,42,MultiFieldQA-en,16,16,434,multi-hop,44.5644,47.2726,47.7251,0.0,0,0,0,1,111,367,367,367,54065242112,54065242112,54065242112,6.07,0.021,0.9,0.1,0.35,0.65,0.35,0.65
Qwen/Qwen2.5-7B-Instruct,NVIDIA GeForce RTX 5060 Ti,42,MultiFieldQA-en,16,16,435,structural,50.4723,52.4485,0.0,0.0,0,0,1,1,105,361,361,361,52311891968,52311891968,52311891968,6.07,0.021,0.9,0.1,0.35,0.65,0.35,0.65
Qwen/Qwen2.5-7B-Instruct,NVIDIA GeForce RTX 5060 Ti,42,MultiFieldQA-en,16,16,436,multi-hop,45.7305,0.0,47.3135,47.1889,0,1,0,0,17,273,273,273,29916536832,29916536832,29916536832,6.07,0.021,0.9,0.1,0.35,0.65,0.35,0.65
Qwen/Qwen2.5-7B-Instruct,NVIDIA GeForce RTX 5060 Ti,42,MultiFieldQA-en,16,16,437,multi-hop,42.5332,0.0,0.0,44.0471,0,1,1,0,134,390,390,390,61054156800,61054156800,61054156800,6.07,0.021,0.9,0.1,0.35,0.65,0.35,0.65
Qwen/Qwen2.5-7B-Instruct,NVIDIA GeForce RTX 5060 Ti,42,MultiFieldQA-en,16,16,438,multi-hop,40.536,41.875,41.2211,0.0,0,0,0,1,45,301,301,301,36367966208,36367966208,36367966208,6.07,0.021,0.9,0.1,0.35,0.65,0.35,0.65
Qwen/Qwen2.5-7B-Instruct,NVIDIA GeForce RTX 5060 Ti,42,MultiFieldQA-en,16,16,439,semantic,48.223,0.0,0.0,48.5543,0,1,1,0,21,277,277,277,30799634432,30799634432,30799634432,6.07,0.021,0.9,0.1,0.35,0.65,0.35,0.65
Qwen/Qwen2.5-7B-Instruct,NVIDIA GeForce RTX 5060 Ti,42,MultiFieldQA-en,16,16,440,multi-hop,45.6013,0.0,0.0,0.0,0,1,1,1,63,319,319,319,40847679488,40847679488,40847679488,6.07,0.021,0.9,0.1,0.35,0.65,0.35,0.65
Qwen/Qwen2.5-7B-Instruct,NVIDIA GeForce RTX 5060 Ti,42,MultiFieldQA-en,16,16,441,multi-hop,65.2677,0.0,0.0,0.0,0,1,1,1,111,367,367,367,54065242112,54065242112,54065242112,6.07,0.021,0.9,0.1,0.35,0.65,0.35,0.65
Qwen/Qwen2.5-7B-Instruct,NVIDIA GeForce RTX 5060 Ti,42,MultiFieldQA-en,16,16,442,semantic,48.8374,0.0,0.0,0.0,0,1,1,1,156,412,412,412,68136599552,68136599552,68136599552,6.07,0.021,0.9,0.1,0.35,0.65,0.35,0.65
Qwen/Qwen2.5-7B-Instruct,NVIDIA GeForce RTX 5060 Ti,42,MultiFieldQA-en,16,16,443,structural,64.4391,66.4146,0.0,0.0,0,0,1,1,11,267,267,267,28615974912,28615974912,28615974912,6.07,0.021,0.9,0.1,0.35,0.65,0.35,0.65
Qwen/Qwen2.5-7B-Instruct,NVIDIA GeForce RTX 5060 Ti,42,MultiFieldQA-en,16,16,444,multi-hop,71.3513,0.0,0.0,68.0245,0,1,1,0,150,406,406,406,66166489088,66166489088,66166489088,6.07,0.021,0.9,0.1,0.35,0.65,0.35,0.65
Qwen/Qwen2.5-7B-Instruct,NVIDIA GeForce RTX 5060 Ti,42,MultiFieldQA-en,16,16,445,structural,42.3027,43.832,42.3784,0.0,0,0,0,1,1,165,113,257,10928332800,5125578752,26512596992,6.07,0.021,0.9,0.1,0.35,0.65,0.35,0.65
Qwen/Qwen2.5-7B-Instruct,NVIDIA GeForce RTX 5060 Ti,42,MultiFieldQA-en,16,16,446,structural,48.1967,48.9176,0.0,0.0,0,0,1,1,106,362,362,362,52602109952,52602109952,52602109952,6.07,0.021,0.9,0.1,0.35,0.65,0.35,0.65
Qwen/Qwen2.5-7B-Instruct,NVIDIA GeForce RTX 5060 Ti,42,MultiFieldQA-en,16,16,447,multi-hop,49.7013,0.0,0.0,0.0,0,1,1,1,103,359,359,359,51733864448,51733864448,51733864448,6.07,0.021,0.9,0.1,0.35,0.65,0.35,0.65
Qwen/Qwen2.5-7B-Instruct,NVIDIA GeForce RTX 5060 Ti,42,MultiFieldQA-en,16,16,448,multi-hop,46.8434,0.0,0.0,0.0,0,1,1,1,81,337,337,337,45587505152,45587505152,45587505152,6.07,0.021,0.9,0.1,0.35,0.65,0.35,0.65
Qwen/Qwen2.5-7B-Instruct,NVIDIA GeForce RTX 5060 Ti,42,MultiFieldQA-en,16,16,449,semantic,48.971,0.0,0.0,0.0,0,1,1,1,83,339,339,339,46130208768,46130208768,46130208768,6.07,0.021,0.9,0.1,0.35,0.65,0.35,0.65
Qwen/Qwen2.5-7B-Instruct,NVIDIA GeForce RTX 5060 Ti,42,MultiFieldQA-en,16,16,450,structural,47.4732,48.5653,53.294,0.0,0,0,0,1,76,332,332,332,44244795392,44244795392,44244795392,6.07,0.021,0.9,0.1,0.35,0.65,0.35,0.65
Qwen/Qwen2.5-7B-Instruct,NVIDIA GeForce RTX 5060 Ti,42,MultiFieldQA-en,16,16,451,semantic,49.8654,50.0995,0.0,0.0,0,0,1,1,97,353,353,353,50019049472,50019049472,50019049472,6.07,0.021,0.9,0.1,0.35,0.65,0.35,0.65
Qwen/Qwen2.5-7B-Instruct,NVIDIA GeForce RTX 5060 Ti,42,MultiFieldQA-en,16,16,452,structural,46.8926,49.507,0.0,0.0,0,0,1,1,110,366,366,366,53771010048,53771010048,53771010048,6.07,0.021,0.9,0.1,0.35,0.65,0.35,0.65
Qwen/Qwen2.5-7B-Instruct,NVIDIA GeForce RTX 5060 Ti,42,MultiFieldQA-en,16,16,453,multi-hop,49.2641,0.0,0.0,0.0,0,1,1,1,96,352,352,352,49736056832,49736056832,49736056832,6.07,0.021,0.9,0.1,0.35,0.65,0.35,0.65
Qwen/Qwen2.5-7B-Instruct,NVIDIA GeForce RTX 5060 Ti,42,MultiFieldQA-en,16,16,454,multi-hop,53.0947,51.4522,0.0,0.0,0,0,1,1,96,352,352,352,49736056832,49736056832,49736056832,6.07,0.021,0.9,0.1,0.35,0.65,0.35,0.65
Qwen/Qwen2.5-7B-Instruct,NVIDIA GeForce RTX 5060 Ti,42,MultiFieldQA-en,16,16,455,semantic,63.8399,0.0,0.0,0.0,0,1,1,1,163,419,419,419,70471589888,70471589888,70471589888,6.07,0.021,0.9,0.1,0.35,0.65,0.35,0.65
Qwen/Qwen2.5-7B-Instruct,NVIDIA GeForce RTX 5060 Ti,42,MultiFieldQA-en,16,16,456,semantic,47.4493,0.0,49.0715,0.0,0,1,0,1,20,276,276,276,30577655808,30577655808,30577655808,6.07,0.021,0.9,0.1,0.35,0.65,0.35,0.65
Qwen/Qwen2.5-7B-Instruct,NVIDIA GeForce RTX 5060 Ti,42,MultiFieldQA-en,16,16,457,multi-hop,41.5423,0.0,0.0,0.0,0,1,1,1,137,393,393,393,61997064192,61997064192,61997064192,6.07,0.021,0.9,0.1,0.35,0.65,0.35,0.65
Qwen/Qwen2.5-7B-Instruct,NVIDIA GeForce RTX 5060 Ti,42,MultiFieldQA-en,16,16,458,multi-hop,65.7859,0.0,0.0,66.1444,0,1,1,0,150,406,406,406,66166489088,66166489088,66166489088,6.07,0.021,0.9,0.1,0.35,0.65,0.35,0.65
Qwen/Qwen2.5-7B-Instruct,NVIDIA GeForce RTX 5060 Ti,42,MultiFieldQA-en,16,16,459,multi-hop,41.4994,0.0,41.1335,42.1249,0,1,0,0,26,282,282,282,31921569792,31921569792,31921569792,6.07,0.021,0.9,0.1,0.35,0.65,0.35,0.65
Qwen/Qwen2.5-7B-Instruct,NVIDIA GeForce RTX 5060 Ti,42,MultiFieldQA-en,16,16,460,structural,48.3769,0.0,0.0,0.0,0,1,1,1,111,367,367,367,54065242112,54065242112,54065242112,6.07,0.021,0.9,0.1,0.35,0.65,0.35,0.65
Qwen/Qwen2.5-7B-Instruct,NVIDIA GeForce RTX 5060 Ti,42,MultiFieldQA-en,16,16,461,semantic,72.8138,0.0,0.0,0.0,0,1,1,1,158,414,414,414,68799725568,68799725568,68799725568,6.07,0.021,0.9,0.1,0.35,0.65,0.35,0.65
Qwen/Qwen2.5-7B-Instruct,NVIDIA GeForce RTX 5060 Ti,42,MultiFieldQA-en,16,16,462,structural,49.4901,50.2855,0.0,0.0,0,0,1,1,107,363,363,363,52893130752,52893130752,52893130752,6.07,0.021,0.9,0.1,0.35,0.65,0.35,0.65
Qwen/Qwen2.5-7B-Instruct,NVIDIA GeForce RTX 5060 Ti,42,MultiFieldQA-en,16,16,463,semantic,40.8178,0.0,0.0,0.0,0,1,1,1,73,329,329,329,43448803328,43448803328,43448803328,6.07,0.021,0.9,0.1,0.35,0.65,0.35,0.65
Qwen/Qwen2.5-7B-Instruct,NVIDIA GeForce RTX 5060 Ti,42,MultiFieldQA-en,16,16,464,multi-hop,40.6293,43.0734,42.3025,0.0,0,0,0,1,47,303,303,303,36852867072,36852867072,36852867072,6.07,0.021,0.9,0.1,0.35,0.65,0.35,0.65
Qwen/Qwen2.5-7B-Instruct,NVIDIA GeForce RTX 5060 Ti,42,MultiFieldQA-en,16,16,465,semantic,0.0,0.0,0.0,0.0,1,1,1,1,102,358,358,358,51446054912,51446054912,51446054912,6.07,0.021,0.9,0.1,0.35,0.65,0.35,0.65
Qwen/Qwen2.5-7B-Instruct,NVIDIA GeForce RTX 5060 Ti,42,MultiFieldQA-en,16,16,466,semantic,0.0,0.0,0.0,0.0,1,1,1,1,99,355,355,355,50587443200,50587443200,50587443200,6.07,0.021,0.9,0.1,0.35,0.65,0.35,0.65
Qwen/Qwen2.5-7B-Instruct,NVIDIA GeForce RTX 5060 Ti,42,MultiFieldQA-en,16,16,467,structural,0.0,52.3604,0.0,0.0,1,0,1,1,116,372,372,372,55548444672,55548444672,55548444672,6.07,0.021,0.9,0.1,0.35,0.65,0.35,0.65
Qwen/Qwen2.5-7B-Instruct,NVIDIA GeForce RTX 5060 Ti,42,MultiFieldQA-en,16,16,468,structural,50.7792,52.0718,51.2225,0.0,0,0,0,1,37,293,293,293,34460475392,34460475392,34460475392,6.07,0.021,0.9,0.1,0.35,0.65,0.35,0.65
Qwen/Qwen2.5-7B-Instruct,NVIDIA GeForce RTX 5060 Ti,42,MultiFieldQA-en,16,16,469,multi-hop,40.8611,43.598,0.0,0.0,0,0,1,1,91,347,347,347,48333135872,48333135872,48333135872,6.07,0.021,0.9,0.1,0.35,0.65,0.35,0.65
Qwen/Qwen2.5-7B-Instruct,NVIDIA GeForce RTX 5060 Ti,42,MultiFieldQA-en,16,16,470,multi-hop,48.8181,0.0,50.6148,52.099,0,1,0,0,135,391,391,391,61367656448,61367656448,61367656448,6.07,0.021,0.9,0.1,0.35,0.65,0.35,0.65
Qwen/Qwen2.5-7B-Instruct,NVIDIA GeForce RTX 5060 Ti,42,MultiFieldQA-en,16,16,471,structural,49.9179,0.0,49.8167,0.0,0,1,0,1,63,319,319,319,40847679488,40847679488,40847679488,6.07,0.021,0.9,0.1,0.35,0.65,0.35,0.65
Qwen/Qwen2.5-7B-Instruct,NVIDIA GeForce RTX 5060 Ti,42,MultiFieldQA-en,16,16,472,multi-hop,49.7151,52.5175,50.3205,0.0,0,0,0,1,116,372,372,372,55548444672,55548444672,55548444672,6.07,0.021,0.9,0.1,0.35,0.65,0.35,0.65
Qwen/Qwen2.5-7B-Instruct,NVIDIA GeForce RTX 5060 Ti,42,MultiFieldQA-en,16,16,473,semantic,66.2975,0.0,0.0,69.7281,0,1,1,0,114,370,370,370,54952755200,54952755200,54952755200,6.07,0.021,0.9,0.1,0.35,0.65,0.35,0.65
Qwen/Qwen2.5-7B-Instruct,NVIDIA GeForce RTX 5060 Ti,42,MultiFieldQA-en,16,16,474,multi-hop,50.5251,0.0,0.0,55.3314,0,1,1,0,86,342,342,342,46950285312,46950285312,46950285312,6.07,0.021,0.9,0.1,0.35,0.65,0.35,0.65
Qwen/Qwen2.5-7B-Instruct,NVIDIA GeForce RTX 5060 Ti,42,MultiFieldQA-en,16,16,475,multi-hop,49.8982,0.0,0.0,50.6689,0,1,1,0,137,393,393,393,61997064192,61997064192,61997064192,6.07,0.021,0.9,0.1,0.35,0.65,0.35,0.65
Qwen/Qwen2.5-7B-Instruct,NVIDIA GeForce RTX 5060 Ti,42,MultiFieldQA-en,16,16,476,multi-hop,47.9921,50.8161,0.0,0.0,0,0,1,1,61,317,317,317,40337088512,40337088512,40337088512,6.07,0.021,0.9,0.1,0.35,0.65,0.35,0.65
Qwen/Qwen2.5-7B-Instruct,NVIDIA GeForce RTX 5060 Ti,42,MultiFieldQA-en,16,16,477,multi-hop,67.2748,0.0,0.0,0.0,0,1,1,1,47,303,303,303,36852867072,36852867072,36852867072,6.07,0.021,0.9,0.1,0.35,0.65,0.35,0.65
Qwen/Qwen2.5-7B-Instruct,NVIDIA GeForce RTX 5060 Ti,42,MultiFieldQA-en,16,16,478,structural,51.3819,50.0818,52.0716,0.0,0,0,0,1,5,120,149,261,5780275200,8911659008,27344314368,6.07,0.021,0.9,0.1,0.35,0.65,0.35,0.65
Qwen/Qwen2.5-7B-Instruct,NVIDIA GeForce RTX 5060 Ti,42,MultiFieldQA-en,16,16,479,structural,52.8428,54.0755,0.0,0.0,0,0,1,1,96,352,352,352,49736056832,49736056832,49736056832,6.07,0.021,0.9,0.1,0.35,0.65,0.35,0.65
Qwen/Qwen2.5-7B-Instruct,NVIDIA GeForce RTX 5060 Ti,42,MultiFieldQA-en,16,16,480,semantic,50.8566,0.0,0.0,52.4773,0,1,1,0,78,334,334,334,44779470848,44779470848,44779470848,6.07,0.021,0.9,0.1,0.35,0.65,0.35,0.65
Qwen/Qwen2.5-7B-Instruct,NVIDIA GeForce RTX 5060 Ti,42,MultiFieldQA-en,16,16,481,multi-hop,69.9361,78.391,72.0672,0.0,0,0,0,1,150,406,406,406,66166489088,66166489088,66166489088,6.07,0.021,0.9,0.1,0.35,0.65,0.35,0.65
Qwen/Qwen2.5-7B-Instruct,NVIDIA GeForce RTX 5060 Ti,42,MultiFieldQA-en,16,16,482,structural,68.7728,70.0826,0.0,71.1197,0,0,1,0,114,370,370,370,54952755200,54952755200,54952755200,6.07,0.021,0.9,0.1,0.35,0.65,0.35,0.65
Qwen/Qwen2.5-7B-Instruct,NVIDIA GeForce RTX 5060 Ti,42,MultiFieldQA-en,16,16,483,structural,46.0459,0.0,40.371,40.1105,0,1,0,0,5,120,149,261,5780275200,8911659008,27344314368,6.07,0.021,0.9,0.1,0.35,0.65,0.35,0.65
Qwen/Qwen2.5-7B-Instruct,NVIDIA GeForce RTX 5060 Ti,42,MultiFieldQA-en,16,16,484,multi-hop,43.9653,0.0,0.0,0.0,0,1,1,1,111,367,367,367,54065242112,54065242112,54065242112,6.07,0.021,0.9,0.1,0.35,0.65,0.35,0.65
Qwen/Qwen2.5-7B-Instruct,NVIDIA GeForce RTX 5060 Ti,42,MultiFieldQA-en,16,16,485,multi-hop,52.4837,0.0,0.0,0.0,0,1,1,1,110,366,366,366,53771010048,53771010048,53771010048,6.07,0.021,0.9,0.1,0.35,0.65,0.35,0.65
Qwen/Qwen2.5-7B-Instruct,NVIDIA GeForce RTX 5060 Ti,42,MultiFieldQA-en,16,16,486,multi-hop,52.4604,0.0,58.8257,51.9515,0,1,0,0,110,366,366,366,53771010048,53771010048,53771010048,6.07,0.021,0.9,0.1,0.35,0.65,0.35,0.65
Qwen/Qwen2.5-7B-Instruct,NVIDIA GeForce RTX 5060 Ti,42,MultiFieldQA-en,16,16,487,semantic,49.4329,0.0,0.0,0.0,0,1,1,1,122,378,378,378,57354780672,57354780672,57354780672,6.07,0.021,0.9,0.1,0.35,0.65,0.35,0.65
Qwen/Qwen2.5-7B-Instruct,NVIDIA GeForce RTX 5060 Ti,42,MultiFieldQA-en,16,16,488,multi-hop,53.1748,0.0,0.0,54.211,0,1,1,0,45,301,301,301,36367966208,36367966208,36367966208,6.07,0.021,0.9,0.1,0.35,0.65,0.35,0.65
Qwen/Qwen2.5-7B-Instruct,NVIDIA GeForce RTX 5060 Ti,42,MultiFieldQA-en,16,16,489,multi-hop,53.0997,0.0,0.0,0.0,0,1,1,1,142,398,398,398,63584632832,63584632832,63584632832,6.07,0.021,0.9,0.1,0.35,0.65,0.35,0.65
Qwen/Qwen2.5-7B-Instruct,NVIDIA GeForce RTX 5060 Ti,42,MultiFieldQA-en,16,16,490,structural,41.7749,44.3215,43.6307,0.0,0,0,0,1,32,288,288,288,33294385152,33294385152,33294385152,6.07,0.021,0.9,0.1,0.35,0.65,0.35,0.65
Qwen/Qwen2.5-7B-Instruct,NVIDIA GeForce RTX 5060 Ti,42,MultiFieldQA-en,16,16,491,structural,53.2198,54.0873,52.3973,0.0,0,0,0,1,5,261,261,261,27344314368,27344314368,27344314368,6.07,0.021,0.9,0.1,0.35,0.65,0.35,0.65
Qwen/Qwen2.5-7B-Instruct,NVIDIA GeForce RTX 5060 Ti,42,MultiFieldQA-en,16,16,492,structural,42.2132,42.3746,43.7245,43.3755,0,0,0,0,86,342,342,342,46950285312,46950285312,46950285312,6.07,0.021,0.9,0.1,0.35,0.65,0.35,0.65
Qwen/Qwen2.5-7B-Instruct,NVIDIA GeForce RTX 5060 Ti,42,MultiFieldQA-en,16,16,493,multi-hop,48.3092,0.0,0.0,0.0,0,1,1,1,85,341,341,341,46676123648,46676123648,46676123648,6.07,0.021,0.9,0.1,0.35,0.65,0.35,0.65
Qwen/Qwen2.5-7B-Instruct,NVIDIA GeForce RTX 5060 Ti,42,MultiFieldQA-en,16,16,494,multi-hop,37.864,38.6134,44.3382,0.0,0,0,0,1,100,356,356,356,50872844288,50872844288,50872844288,6.07,0.021,0.9,0.1,0.35,0.65,0.35,0.65
Qwen/Qwen2.5-7B-Instruct,NVIDIA GeForce RTX 5060 Ti,42,MultiFieldQA-en,16,16,495,structural,0.0,48.2298,0.0,0.0,1,0,1,1,121,377,377,377,57051717632,57051717632,57051717632,6.07,0.021,0.9,0.1,0.35,0.65,0.35,0.65
Qwen/Qwen2.5-7B-Instruct,NVIDIA GeForce RTX 5060 Ti,42,MultiFieldQA-en,16,16,496,structural,51.858,54.244,0.0,0.0,0,0,1,1,34,290,290,290,33758412800,33758412800,33758412800,6.07,0.021,0.9,0.1,0.35,0.65,0.35,0.65
Qwen/Qwen2.5-7B-Instruct,NVIDIA GeForce RTX 5060 Ti,42,MultiFieldQA-en,16,16,497,semantic,65.1417,0.0,0.0,0.0,0,1,1,1,150,406,406,406,66166489088,66166489088,66166489088,6.07,0.021,0.9,0.1,0.35,0.65,0.35,0.65
Qwen/Qwen2.5-7B-Instruct,NVIDIA GeForce RTX 5060 Ti,42,MultiFieldQA-en,16,16,498,multi-hop,49.0295,0.0,49.1741,0.0,0,1,0,1,53,309,309,309,38326837248,38326837248,38326837248,6.07,0.021,0.9,0.1,0.35,0.65,0.35,0.65
Qwen/Qwen2.5-7B-Instruct,NVIDIA GeForce RTX 5060 Ti,42,MultiFieldQA-en,16,16,499,semantic,0.0,0.0,0.0,0.0,1,1,1,1,86,342,342,342,46950285312,46950285312,46950285312,6.07,0.021,0.9,0.1,0.35,0.65,0.35,0.65
Qwen/Qwen2.5-7B-Instruct,NVIDIA GeForce RTX 5060 Ti,42,MultiFieldQA-en,16,16,500,structural,47.1554,47.9672,46.3368,48.2652,0,0,0,0,58,314,314,314,39577223168,39577223168,39577223168,6.07,0.021,0.9,0.1,0.35,0.65,0.35,0.65
Qwen/Qwen2.5-7B-Instruct,NVIDIA GeForce RTX 5060 Ti,42,MultiFieldQA-en,16,16,501,multi-hop,0.0,0.0,0.0,65.5424,1,1,1,0,94,350,350,350,49172480000,49172480000,49172480000,6.07,0.021,0.9,0.1,0.35,0.65,0.35,0.65
Qwen/Qwen2.5-7B-Instruct,NVIDIA GeForce RTX 5060 Ti,42,MultiFieldQA-en,16,16,502,multi-hop,38.8287,39.9994,40.8555,0.0,0,0,0,1,32,288,288,288,33294385152,33294385152,33294385152,6.07,0.021,0.9,0.1,0.35,0.65,0.35,0.65
Qwen/Qwen2.5-7B-Instruct,NVIDIA GeForce RTX 5060 Ti,42,MultiFieldQA-en,16,16,503,structural,48.6001,49.2924,49.4855,0.0,0,0,0,1,96,352,352,352,49736056832,49736056832,49736056832,6.07,0.021,0.9,0.1,0.35,0.65,0.35,0.65
Qwen/Qwen2.5-7B-Instruct,NVIDIA GeForce RTX 5060 Ti,42,MultiFieldQA-en,16,16,504,structural,49.6501,0.0,0.0,0.0,0,1,1,1,201,457,457,457,83833659392,83833659392,83833659392,6.07,0.021,0.9,0.1,0.35,0.65,0.35,0.65
Qwen/Qwen2.5-7B-Instruct,NVIDIA GeForce RTX 5060 Ti,42,MultiFieldQA-en,16,16,505,multi-hop,52.8876,49.5448,47.9745,0.0,0,0,0,1,106,362,362,362,52602109952,52602109952,52602109952,6.07,0.021,0.9,0.1,0.35,0.65,0.35,0.65
Qwen/Qwen2.5-7B-Instruct,NVIDIA GeForce RTX 5060 Ti,42,MultiFieldQA-en,16,16,506,multi-hop,47.6172,0.0,0.0,49.7531,0,1,1,0,111,367,367,367,54065242112,54065242112,54065242112,6.07,0.021,0.9,0.1,0.35,0.65,0.35,0.65
Qwen/Qwen2.5-7B-Instruct,NVIDIA GeForce RTX 5060 Ti,42,MultiFieldQA-en,16,16,507,multi-hop,64.9864,66.0913,0.0,0.0,0,0,1,1,11,267,267,267,28615974912,28615974912,28615974912,6.07,0.021,0.9,0.1,0.35,0.65,0.35,0.65
Qwen/Qwen2.5-7B-Instruct,NVIDIA GeForce RTX 5060 Ti,42,MultiFieldQA-en,16,16,508,structural,63.4741,0.0,0.0,0.0,0,1,1,1,34,290,290,290,33758412800,33758412800,33758412800,6.07,0.021,0.9,0.1,0.35,0.65,0.35,0.65
Qwen/Qwen2.5-7B-Instruct,NVIDIA GeForce RTX 5060 Ti,42,MultiFieldQA-en,16,16,509,structural,47.5694,0.0,48.8202,0.0,0,1,0,1,46,302,302,302,36610015232,36610015232,36610015232,6.07,0.021,0.9,0.1,0.35,0.65,0.35,0.65
Qwen/Qwen2.5-7B-Instruct,NVIDIA GeForce RTX 5060 Ti,42,MultiFieldQA-en,16,16,510,semantic,49.06,0.0,0.0,0.0,0,1,1,1,110,366,366,366,53771010048,53771010048,53771010048,6.07,0.021,0.9,0.1,0.35,0.65,0.35,0.65
Qwen/Qwen2.5-7B-Instruct,NVIDIA GeForce RTX 5060 Ti,42,MultiFieldQA-en,16,16,511,structural,47.8797,0.0,0.0,0.0,0,1,1,1,90,346,346,346,48054960128,48054960128,48054960128,6.07,0.021,0.9,0.1,0.35,0.65,0.35,0.65
Qwen/Qwen2.5-7B-Instruct,NVIDIA GeForce RTX 5060 Ti,42,MultiFieldQA-en,16,16,512,multi-hop,47.426,48.3814,0.0,0.0,0,0,1,1,17,273,273,273,29916536832,29916536832,29916536832,6.07,0.021,0.9,0.1,0.35,0.65,0.35,0.65
Qwen/Qwen2.5-7B-Instruct,NVIDIA GeForce RTX 5060 Ti,42,MultiFieldQA-en,16,16,513,multi-hop,47.1003,0.0,0.0,0.0,0,1,1,1,122,378,378,378,57354780672,57354780672,57354780672,6.07,0.021,0.9,0.1,0.35,0.65,0.35,0.65
Qwen/Qwen2.5-7B-Instruct,NVIDIA GeForce RTX 5060 Ti,42,MultiFieldQA-en,16,16,514,multi-hop,41.9558,43.5316,0.0,0.0,0,0,1,1,91,347,347,347,48333135872,48333135872,48333135872,6.07,0.021,0.9,0.1,0.35,0.65,0.35,0.65
Qwen/Qwen2.5-7B-Instruct,NVIDIA GeForce RTX 5060 Ti,42,MultiFieldQA-en,16,16,515,structural,65.1617,0.0,0.0,0.0,0,1,1,1,121,377,377,377,57051717632,57051717632,57051717632,6.07,0.021,0.9,0.1,0.35,0.65,0.35,0.65
Qwen/Qwen2.5-7B-Instruct,NVIDIA GeForce RTX 5060 Ti,42,MultiFieldQA-en,16,16,516,multi-hop,48.4856,0.0,0.0,50.7443,0,1,1,0,55,311,311,311,38824583168,38824583168,38824583168,6.07,0.021,0.9,0.1,0.35,0.65,0.35,0.65
Qwen/Qwen2.5-7B-Instruct,NVIDIA GeForce RTX 5060 Ti,42,MultiFieldQA-en,16,16,517,multi-hop,53.3371,0.0,0.0,0.0,0,1,1,1,125,381,381,381,58268786688,58268786688,58268786688,6.07,0.021,0.9,0.1,0.35,0.65,0.35,0.65
Qwen/Qwen2.5-7B-Instruct,NVIDIA GeForce RTX 5060 Ti,42,MultiFieldQA-en,16,16,518,multi-hop,83.1359,0.0,0.0,0.0,0,1,1,1,58,314,314,314,39577223168,39577223168,39577223168,6.07,0.021,0.9,0.1,0.35,0.65,0.35,0.65
Qwen/Qwen2.5-7B-Instruct,NVIDIA GeForce RTX 5060 Ti,42,MultiFieldQA-en,16,16,519,structural,49.7826,49.4492,47.9512,0.0,0,0,0,1,101,357,357,357,51159048192,51159048192,51159048192,6.07,0.021,0.9,0.1,0.35,0.65,0.35,0.65
Qwen/Qwen2.5-7B-Instruct,NVIDIA GeForce RTX 5060 Ti,42,MultiFieldQA-en,16,16,520,semantic,48.2715,0.0,51.467,51.2035,0,1,0,0,100,356,356,356,50872844288,50872844288,50872844288,6.07,0.021,0.9,0.1,0.35,0.65,0.35,0.65
Qwen/Qwen2.5-7B-Instruct,NVIDIA GeForce RTX 5060 Ti,42,MultiFieldQA-en,16,16,521,structural,44.9569,45.6648,0.0,0.0,0,0,1,1,119,375,375,375,56448000000,56448000000,56448000000,6.07,0.021,0.9,0.1,0.35,0.65,0.35,0.65
Qwen/Qwen2.5-7B-Instruct,NVIDIA GeForce RTX 5060 Ti,42,MultiFieldQA-en,16,16,522,multi-hop,68.2181,0.0,0.0,0.0,0,1,1,1,34,290,290,290,33758412800,33758412800,33758412800,6.07,0.021,0.9,0.1,0.35,0.65,0.35,0.65
Qwen/Qwen2.5-7B-Instruct,NVIDIA GeForce RTX 5060 Ti,42,MultiFieldQA-en,16,16,523,semantic,68.0237,0.0,0.0,0.0,0,1,1,1,150,406,406,406,66166489088,66166489088,66166489088,6.07,0.021,0.9,0.1,0.35,0.65,0.35,0.65
Qwen/Qwen2.5-7B-Instruct,NVIDIA GeForce RTX 5060 Ti,42,MultiFieldQA-en,16,16,524,multi-hop,43.1389,0.0,0.0,0.0,0,1,1,1,60,316,316,316,40082997248,40082997248,40082997248,6.07,0.021,0.9,0.1,0.35,0.65,0.35,0.65
Qwen/Qwen2.5-7B-Instruct,NVIDIA GeForce RTX 5060 Ti,42,MultiFieldQA-en,16,16,525,semantic,50.7352,0.0,0.0,0.0,0,1,1,1,108,364,364,364,53184954368,53184954368,53184954368,6.07,0.021,0.9,0.1,0.35,0.65,0.35,0.65
Qwen/Qwen2.5-7B-Instruct,NVIDIA GeForce RTX 5060 Ti,42,MultiFieldQA-en,16,16,526,multi-hop,0.0,0.0,0.0,0.0,1,1,1,1,247,503,503,503,101559836672,101559836672,101559836672,6.07,0.021,0.9,0.1,0.35,0.65,0.35,0.65
Qwen/Qwen2.5-7B-Instruct,NVIDIA GeForce RTX 5060 Ti,42,MultiFieldQA-en,16,16,527,semantic,67.4777,0.0,0.0,0.0,0,1,1,1,155,411,411,411,67806240768,67806240768,67806240768,6.07,0.021,0.9,0.1,0.35,0.65,0.35,0.65
Qwen/Qwen2.5-7B-Instruct,NVIDIA GeForce RTX 5060 Ti,42,MultiFieldQA-en,16,16,528,semantic,47.9878,0.0,49.6474,0.0,0,1,0,1,88,344,344,344,47501017088,47501017088,47501017088,6.07,0.021,0.9,0.1,0.35,0.65,0.35,0.65
Qwen/Qwen2.5-7B-Instruct,NVIDIA GeForce RTX 5060 Ti,42,MultiFieldQA-en,16,16,529,structural,50.8403,51.3006,49.8402,0.0,0,0,0,1,73,329,329,329,43448803328,43448803328,43448803328,6.07,0.021,0.9,0.1,0.35,0.65,0.35,0.65
Qwen/Qwen2.5-7B-Instruct,NVIDIA GeForce RTX 5060 Ti,42,MultiFieldQA-en,16,16,530,semantic,55.6253,0.0,0.0,0.0,0,1,1,1,80,336,336,336,45317357568,45317357568,45317357568,6.07,0.021,0.9,0.1,0.35,0.65,0.35,0.65
Qwen/Qwen2.5-7B-Instruct,NVIDIA GeForce RTX 5060 Ti,42,MultiFieldQA-en,16,16,531,structural,50.7896,52.6957,51.2984,0.0,0,0,0,1,68,324,324,324,42138206208,42138206208,42138206208,6.07,0.021,0.9,0.1,0.35,0.65,0.35,0.65
Qwen/Qwen2.5-7B-Instruct,NVIDIA GeForce RTX 5060 Ti,42,MultiFieldQA-en,16,16,532,multi-hop,51.3998,0.0,49.9766,51.2291,0,1,0,0,135,391,391,391,61367656448,61367656448,61367656448,6.07,0.021,0.9,0.1,0.35,0.65,0.35,0.65
Qwen/Qwen2.5-7B-Instruct,NVIDIA GeForce RTX 5060 Ti,42,MultiFieldQA-en,16,16,533,semantic,41.4509,0.0,0.0,0.0,0,1,1,1,10,266,266,266,28402024448,28402024448,28402024448,6.07,0.021,0.9,0.1,0.35,0.65,0.35,0.65
Qwen/Qwen2.5-7B-Instruct,NVIDIA GeForce RTX 5060 Ti,42,MultiFieldQA-en,16,16,534,multi-hop,48.8493,0.0,0.0,0.0,0,1,1,1,100,356,356,356,50872844288,50872844288,50872844288,6.07,0.021,0.9,0.1,0.35,0.65,0.35,0.65
Qwen/Qwen2.5-7B-Instruct,NVIDIA GeForce RTX 5060 Ti,42,MultiFieldQA-en,16,16,535,multi-hop,53.9534,0.0,0.0,55.0829,0,1,1,0,201,457,457,457,83833659392,83833659392,83833659392,6.07,0.021,0.9,0.1,0.35,0.65,0.35,0.65
Qwen/Qwen2.5-7B-Instruct,NVIDIA GeForce RTX 5060 Ti,42,MultiFieldQA-en,16,16,536,multi-hop,51.0129,54.3155,0.0,0.0,0,0,1,1,144,400,400,400,64225280000,64225280000,64225280000,6.07,0.021,0.9,0.1,0.35,0.65,0.35,0.65
Qwen/Qwen2.5-7B-Instruct,NVIDIA GeForce RTX 5060 Ti,42,MultiFieldQA-en,16,16,537,structural,50.1383,0.0,0.0,0.0,0,1,1,1,103,359,359,359,51733864448,51733864448,51733864448,6.07,0.021,0.9,0.1,0.35,0.65,0.35,0.65
Qwen/Qwen2.5-7B-Instruct,NVIDIA GeForce RTX 5060 Ti,42,MultiFieldQA-en,16,16,538,multi-hop,41.3662,0.0,0.0,0.0,0,1,1,1,5,120,149,261,5780275200,8911659008,27344314368,6.07,0.021,0.9,0.1,0.35,0.65,0.35,0.65
Qwen/Qwen2.5-7B-Instruct,NVIDIA GeForce RTX 5060 Ti,42,MultiFieldQA-en,16,16,539,multi-hop,49.7405,0.0,0.0,0.0,0,1,1,1,78,334,334,334,44779470848,44779470848,44779470848,6.07,0.021,0.9,0.1,0.35,0.65,0.35,0.65
Qwen/Qwen2.5-7B-Instruct,NVIDIA GeForce RTX 5060 Ti,42,MultiFieldQA-en,16,16,540,multi-hop,46.0746,0.0,0.0,0.0,0,1,1,1,51,307,307,307,37832302592,37832302592,37832302592,6.07,0.021,0.9,0.1,0.35,0.65,0.35,0.65
Qwen/Qwen2.5-7B-Instruct,NVIDIA GeForce RTX 5060 Ti,42,MultiFieldQA-en,16,16,541,multi-hop,45.3011,46.8471,47.3786,0.0,0,0,0,1,43,299,299,299,35886276608,35886276608,35886276608,6.07,0.021,0.9,0.1,0.35,0.65,0.35,0.65
Qwen/Qwen2.5-7B-Instruct,NVIDIA GeForce RTX 5060 Ti,42,MultiFieldQA-en,16,16,542,structural,50.5606,53.9246,51.0592,0.0,0,0,0,1,99,355,355,355,50587443200,50587443200,50587443200,6.07,0.021,0.9,0.1,0.35,0.65,0.35,0.65
Qwen/Qwen2.5-7B-Instruct,NVIDIA GeForce RTX 5060 Ti,42,MultiFieldQA-en,16,16,543,semantic,52.9136,0.0,0.0,0.0,0,1,1,1,128,384,384,384,59190018048,59190018048,59190018048,6.07,0.021,0.9,0.1,0.35,0.65,0.35,0.65
Qwen/Qwen2.5-7B-Instruct,NVIDIA GeForce RTX 5060 Ti,42,MultiFieldQA-en,16,16,544,structural,41.169,41.1221,41.4916,0.0,0,0,0,1,114,370,370,370,54952755200,54952755200,54952755200,6.07,0.021,0.9,0.1,0.35,0.65,0.35,0.65
Qwen/Qwen2.5-7B-Instruct,NVIDIA GeForce RTX 5060 Ti,42,MultiFieldQA-en,16,16,545,multi-hop,45.5564,0.0,0.0,0.0,0,1,1,1,103,359,359,359,51733864448,51733864448,51733864448,6.07,0.021,0.9,0.1,0.35,0.65,0.35,0.65
Qwen/Qwen2.5-7B-Instruct,NVIDIA GeForce RTX 5060 Ti,42,MultiFieldQA-en,16,16,546,structural,49.9844,53.0815,50.9001,0.0,0,0,0,1,43,299,299,299,35886276608,35886276608,35886276608,6.07,0.021,0.9,0.1,0.35,0.65,0.35,0.65
Qwen/Qwen2.5-7B-Instruct,NVIDIA GeForce RTX 5060 Ti,42,MultiFieldQA-en,16,16,547,multi-hop,69.9337,71.6137,0.0,0.0,0,0,1,1,135,391,391,391,61367656448,61367656448,61367656448,6.07,0.021,0.9,0.1,0.35,0.65,0.35,0.65
Qwen/Qwen2.5-7B-Instruct,NVIDIA GeForce RTX 5060 Ti,42,MultiFieldQA-en,16,16,548,multi-hop,52.7735,0.0,0.0,0.0,0,1,1,1,115,371,371,371,55250198528,55250198528,55250198528,6.07,0.021,0.9,0.1,0.35,0.65,0.35,0.65
Qwen/Qwen2.5-7B-Instruct,NVIDIA GeForce RTX 5060 Ti,42,MultiFieldQA-en,16,16,549,multi-hop,48.6066,0.0,0.0,0.0,0,1,1,1,102,358,358,358,51446054912,51446054912,51446054912,6.07,0.021,0.9,0.1,0.35,0.65,0.35,0.65
Qwen/Qwen2.5-7B-Instruct,NVIDIA GeForce RTX 5060 Ti,42,MultiFieldQA-en,16,16,550,multi-hop,55.1963,0.0,0.0,0.0,0,1,1,1,130,386,386,386,59808186368,59808186368,59808186368,6.07,0.021,0.9,0.1,0.35,0.65,0.35,0.65
Qwen/Qwen2.5-7B-Instruct,NVIDIA GeForce RTX 5060 Ti,42,MultiFieldQA-en,16,16,551,semantic,0.0,0.0,0.0,64.3612,1,1,1,0,114,370,370,370,54952755200,54952755200,54952755200,6.07,0.021,0.9,0.1,0.35,0.65,0.35,0.65
Qwen/Qwen2.5-7B-Instruct,NVIDIA GeForce RTX 5060 Ti,42,MultiFieldQA-en,16,16,552,structural,54.3371,0.0,0.0,0.0,0,1,1,1,108,364,364,364,53184954368,53184954368,53184954368,6.07,0.021,0.9,0.1,0.35,0.65,0.35,0.65
Qwen/Qwen2.5-7B-Instruct,NVIDIA GeForce RTX 5060 Ti,42,MultiFieldQA-en,16,16,553,semantic,41.5124,0.0,0.0,0.0,0,1,1,1,15,271,271,271,29479804928,29479804928,29479804928,6.07,0.021,0.9,0.1,0.35,0.65,0.35,0.65
Qwen/Qwen2.5-7B-Instruct,NVIDIA GeForce RTX 5060 Ti,42,MultiFieldQA-en,16,16,554,multi-hop,52.7363,0.0,0.0,0.0,0,1,1,1,73,329,329,329,43448803328,43448803328,43448803328,6.07,0.021,0.9,0.1,0.35,0.65,0.35,0.65
Qwen/Qwen2.5-7B-Instruct,NVIDIA GeForce RTX 5060 Ti,42,MultiFieldQA-en,16,16,555,semantic,48.24,0.0,0.0,0.0,0,1,1,1,137,393,393,393,61997064192,61997064192,61997064192,6.07,0.021,0.9,0.1,0.35,0.65,0.35,0.65
Qwen/Qwen2.5-7B-Instruct,NVIDIA GeForce RTX 5060 Ti,42,MultiFieldQA-en,16,16,556,multi-hop,53.6462,0.0,0.0,0.0,0,1,1,1,105,361,361,361,52311891968,52311891968,52311891968,6.07,0.021,0.9,0.1,0.35,0.65,0.35,0.65
Qwen/Qwen2.5-7B-Instruct,NVIDIA GeForce RTX 5060 Ti,42,MultiFieldQA-en,16,16,557,multi-hop,64.8206,62.5218,64.0739,0.0,0,0,0,1,5,120,149,261,5780275200,8911659008,27344314368,6.07,0.021,0.9,0.1,0.35,0.65,0.35,0.65
Qwen/Qwen2.5-7B-Instruct,NVIDIA GeForce RTX 5060 Ti,42,MultiFieldQA-en,16,16,558,structural,40.12,0.0,0.0,41.3479,0,1,1,0,111,367,367,367,54065242112,54065242112,54065242112,6.07,0.021,0.9,0.1,0.35,0.65,0.35,0.65
Qwen/Qwen2.5-7B-Instruct,NVIDIA GeForce RTX 5060 Ti,42,MultiFieldQA-en,16,16,559,structural,47.6324,0.0,0.0,0.0,0,1,1,1,68,324,324,324,42138206208,42138206208,42138206208,6.07,0.021,0.9,0.1,0.35,0.65,0.35,0.65
Qwen/Qwen2.5-7B-Instruct,NVIDIA GeForce RTX 5060 Ti,42,MultiFieldQA-en,16,16,560,multi-hop,46.497,0.0,48.4445,0.0,0,1,0,1,32,288,288,288,33294385152,33294385152,33294385152,6.07,0.021,0.9,0.1,0.35,0.65,0.35,0.65
Qwen/Qwen2.5-7B-Instruct,NVIDIA GeForce RTX 5060 Ti,42,MultiFieldQA-en,16,16,561,structural,41.9711,42.8763,44.5713,0.0,0,0,0,1,95,351,351,351,49453867008,49453867008,49453867008,6.07,0.021,0.9,0.1,0.35,0.65,0.35,0.65
Qwen/Qwen2.5-7B-Instruct,NVIDIA GeForce RTX 5060 Ti,42,MultiFieldQA-en,16,16,562,semantic,50.1338,0.0,0.0,0.0,0,1,1,1,94,350,350,350,49172480000,49172480000,49172480000,6.07,0.021,0.9,0.1,0.35,0.65,0.35,0.65
Qwen/Qwen2.5-7B-Instruct,NVIDIA GeForce RTX 5060 Ti,42,MultiFieldQA-en,16,16,563,multi-hop,48.3634,0.0,0.0,0.0,0,1,1,1,127,383,383,383,58882138112,58882138112,58882138112,6.07,0.021,0.9,0.1,0.35,0.65,0.35,0.65
Qwen/Qwen2.5-7B-Instruct,NVIDIA GeForce RTX 5060 Ti,42,MultiFieldQA-en,16,16,564,semantic,40.8222,0.0,43.1004,0.0,0,1,0,1,81,337,337,337,45587505152,45587505152,45587505152,6.07,0.021,0.9,0.1,0.35,0.65,0.35,0.65
Qwen/Qwen2.5-7B-Instruct,NVIDIA GeForce RTX 5060 Ti,42,MultiFieldQA-en,16,16,565,semantic,47.4025,0.0,0.0,0.0,0,1,1,1,142,398,398,398,63584632832,63584632832,63584632832,6.07,0.021,0.9,0.1,0.35,0.65,0.35,0.65
Qwen/Qwen2.5-7B-Instruct,NVIDIA GeForce RTX 5060 Ti,42,MultiFieldQA-en,16,16,566,structural,0.0,49.6858,48.0696,49.3612,1,0,0,0,41,297,297,297,35407798272,35407798272,35407798272,6.07,0.021,0.9,0.1,0.35,0.65,0.35,0.65
Qwen/Qwen2.5-7B-Instruct,NVIDIA GeForce RTX 5060 Ti,42,MultiFieldQA-en,16,16,567,semantic,46.7612,0.0,48.5316,0.0,0,1,0,1,78,334,334,334,44779470848,44779470848,44779470848,6.07,0.021,0.9,0.1,0.35,0.65,0.35,0.65
Qwen/Qwen2.5-7B-Instruct,NVIDIA GeForce RTX 5060 Ti,42,MultiFieldQA-en,16,16,568,multi-hop,47.4663,48.555,0.0,0.0,0,0,1,1,83,339,339,339,46130208768,46130208768,46130208768,6.07,0.021,0.9,0.1,0.35,0.65,0.35,0.65
Qwen/Qwen2.5-7B-Instruct,NVIDIA GeForce RTX 5060 Ti,42,MultiFieldQA-en,16,16,569,multi-hop,41.944,0.0,42.3405,43.1008,0,1,0,0,106,362,362,362,52602109952,52602109952,52602109952,6.07,0.021,0.9,0.1,0.35,0.65,0.35,0.65
Qwen/Qwen2.5-7B-Instruct,NVIDIA GeForce RTX 5060 Ti,42,MultiFieldQA-en,16,16,570,multi-hop,55.3004,49.5156,48.2149,0.0,0,0,0,1,6,262,262,262,27554250752,27554250752,27554250752,6.07,0.021,0.9,0.1,0.35,0.65,0.35,0.65
Qwen/Qwen2.5-7B-Instruct,NVIDIA GeForce RTX 5060 Ti,42,MultiFieldQA-en,16,16,571,multi-hop,40.2802,40.3215,45.8695,0.0,0,0,0,1,102,358,358,358,51446054912,51446054912,51446054912,6.07,0.021,0.9,0.1,0.35,0.65,0.35,0.65
Qwen/Qwen2.5-7B-Instruct,NVIDIA GeForce RTX 5060 Ti,42,MultiFieldQA-en,16,16,572,multi-hop,48.258,0.0,0.0,0.0,0,1,1,1,127,383,383,383,58882138112,58882138112,58882138112,6.07,0.021,0.9,0.1,0.35,0.65,0.35,0.65
Qwen/Qwen2.5-7B-Instruct,NVIDIA GeForce RTX 5060 Ti,42,MultiFieldQA-en,16,16,573,multi-hop,46.6898,0.0,0.0,0.0,0,1,1,1,96,352,352,352,49736056832,49736056832,49736056832,6.07,0.021,0.9,0.1,0.35,0.65,0.35,0.65
Qwen/Qwen2.5-7B-Instruct,NVIDIA GeForce RTX 5060 Ti,42,MultiFieldQA-en,16,16,574,semantic,48.8719,0.0,0.0,0.0,0,1,1,1,72,328,328,328,43185078272,43185078272,43185078272,6.07,0.021,0.9,0.1,0.35,0.65,0.35,0.65
Qwen/Qwen2.5-7B-Instruct,NVIDIA GeForce RTX 5060 Ti,42,MultiFieldQA-en,16,16,575,multi-hop,63.768,0.0,0.0,0.0,0,1,1,1,20,276,276,276,30577655808,30577655808,30577655808,6.07,0.021,0.9,0.1,0.35,0.65,0.35,0.65
Qwen/Qwen2.5-7B-Instruct,NVIDIA GeForce RTX 5060 Ti,42,MultiFieldQA-en,16,16,576,structural,47.6066,49.125,48.8822,0.0,0,0,0,1,21,277,277,277,30799634432,30799634432,30799634432,6.07,0.021,0.9,0.1,0.35,0.65,0.35,0.65
Qwen/Qwen2.5-7B-Instruct,NVIDIA GeForce RTX 5060 Ti,42,MultiFieldQA-en,16,16,577,multi-hop,68.1405,0.0,69.3304,68.7806,0,1,0,0,48,304,304,304,37096521728,37096521728,37096521728,6.07,0.021,0.9,0.1,0.35,0.65,0.35,0.65
Qwen/Qwen2.5-7B-Instruct,NVIDIA GeForce RTX 5060 Ti,42,MultiFieldQA-en,16,16,578,structural,43.7454,0.0,0.0,0.0,0,1,1,1,124,380,380,380,57963315200,57963315200,57963315200,6.07,0.021,0.9,0.1,0.35,0.65,0.35,0.65
Qwen/Qwen2.5-7B-Instruct,NVIDIA GeForce RTX 5060 Ti,42,MultiFieldQA-en,16,16,579,multi-hop,48.2761,50.7548,50.4719,0.0,0,0,0,1,93,349,349,349,48891895808,48891895808,48891895808,6.07,0.021,0.9,0.1,0.35,0.65,0.35,0.65
Qwen/Qwen2.5-7B-Instruct,NVIDIA GeForce RTX 5060 Ti,42,MultiFieldQA-en,16,16,580,multi-hop,43.5408,0.0,0.0,44.2944,0,1,1,0,99,355,355,355,50587443200,50587443200,50587443200,6.07,0.021,0.9,0.1,0.35,0.65,0.35,0.65
Qwen/Qwen2.5-7B-Instruct,NVIDIA GeForce RTX 5060 Ti,42,MultiFieldQA-en,16,16,581,semantic,50.4875,0.0,0.0,0.0,0,1,1,1,101,357,357,357,51159048192,51159048192,51159048192,6.07,0.021,0.9,0.1,0.35,0.65,0.35,0.65
Qwen/Qwen2.5-7B-Instruct,NVIDIA GeForce RTX 5060 Ti,42,MultiFieldQA-en,16,16,582,semantic,47.8645,0.0,0.0,0.0,0,1,1,1,92,348,348,348,48612114432,48612114432,48612114432,6.07,0.021,0.9,0.1,0.35,0.65,0.35,0.65
Qwen/Qwen2.5-7B-Instruct,NVIDIA GeForce RTX 5060 Ti,42,MultiFieldQA-en,16,16,583,multi-hop,50.5423,51.4438,49.9654,0.0,0,0,0,1,86,342,342,342,46950285312,46950285312,46950285312,6.07,0.021,0.9,0.1,0.35,0.65,0.35,0.65
Qwen/Qwen2.5-7B-Instruct,NVIDIA GeForce RTX 5060 Ti,42,MultiFieldQA-en,16,16,584,multi-hop,51.4973,51.7561,50.4271,0.0,0,0,0,1,85,341,341,341,46676123648,46676123648,46676123648,6.07,0.021,0.9,0.1,0.35,0.65,0.35,0.65
Qwen/Qwen2.5-7B-Instruct,NVIDIA GeForce RTX 5060 Ti,42,MultiFieldQA-en,16,16,585,multi-hop,50.3451,0.0,0.0,0.0,0,1,1,1,101,357,357,357,51159048192,51159048192,51159048192,6.07,0.021,0.9,0.1,0.35,0.65,0.35,0.65
Qwen/Qwen2.5-7B-Instruct,NVIDIA GeForce RTX 5060 Ti,42,MultiFieldQA-en,16,16,586,semantic,67.2138,0.0,0.0,0.0,0,1,1,1,114,370,370,370,54952755200,54952755200,54952755200,6.07,0.021,0.9,0.1,0.35,0.65,0.35,0.65
Qwen/Qwen2.5-7B-Instruct,NVIDIA GeForce RTX 5060 Ti,42,MultiFieldQA-en,16,16,587,semantic,67.6672,70.1906,75.1653,0.0,0,0,0,1,125,381,381,381,58268786688,58268786688,58268786688,6.07,0.021,0.9,0.1,0.35,0.65,0.35,0.65
Qwen/Qwen2.5-7B-Instruct,NVIDIA GeForce RTX 5060 Ti,42,MultiFieldQA-en,16,16,588,multi-hop,54.6773,51.298,51.4524,0.0,0,0,0,1,1,165,113,257,10928332800,5125578752,26512596992,6.07,0.021,0.9,0.1,0.35,0.65,0.35,0.65
Qwen/Qwen2.5-7B-Instruct,NVIDIA GeForce RTX 5060 Ti,42,MultiFieldQA-en,16,16,589,semantic,51.4614,0.0,0.0,0.0,0,1,1,1,73,329,329,329,43448803328,43448803328,43448803328,6.07,0.021,0.9,0.1,0.35,0.65,0.35,0.65
Qwen/Qwen2.5-7B-Instruct,NVIDIA GeForce RTX 5060 Ti,42,MultiFieldQA-en,16,16,590,structural,67.7434,69.4404,0.0,0.0,0,0,1,1,42,298,298,298,35646636032,35646636032,35646636032,6.07,0.021,0.9,0.1,0.35,0.65,0.35,0.65
Qwen/Qwen2.5-7B-Instruct,NVIDIA GeForce RTX 5060 Ti,42,MultiFieldQA-en,16,16,591,semantic,49.6616,0.0,0.0,0.0,0,1,1,1,122,378,378,378,57354780672,57354780672,57354780672,6.07,0.021,0.9,0.1,0.35,0.65,0.35,0.65
Qwen/Qwen2.5-7B-Instruct,NVIDIA GeForce RTX 5060 Ti,42,MultiFieldQA-en,16,16,592,structural,51.7953,53.9362,0.0,0.0,0,0,1,1,51,307,307,307,37832302592,37832302592,37832302592,6.07,0.021,0.9,0.1,0.35,0.65,0.35,0.65
Qwen/Qwen2.5-7B-Instruct,NVIDIA GeForce RTX 5060 Ti,42,MultiFieldQA-en,16,16,593,semantic,52.3766,0.0,0.0,0.0,0,1,1,1,141,397,397,397,63265513472,63265513472,63265513472,6.07,0.021,0.9,0.1,0.35,0.65,0.35,0.65
Qwen/Qwen2.5-7B-Instruct,NVIDIA GeForce RTX 5060 Ti,42,MultiFieldQA-en,16,16,594,structural,52.7532,53.1993,57.7316,0.0,0,0,0,1,5,261,261,261,27344314368,27344314368,27344314368,6.07,0.021,0.9,0.1,0.35,0.65,0.35,0.65
Qwen/Qwen2.5-7B-Instruct,NVIDIA GeForce RTX 5060 Ti,42,MultiFieldQA-en,16,16,595,multi-hop,51.7824,0.0,0.0,0.0,0,1,1,1,81,337,337,337,45587505152,45587505152,45587505152,6.07,0.021,0.9,0.1,0.35,0.65,0.35,0.65
Qwen/Qwen2.5-7B-Instruct,NVIDIA GeForce RTX 5060 Ti,42,MultiFieldQA-en,16,16,596,multi-hop,52.2699,53.4631,0.0,0.0,0,0,1,1,92,348,348,348,48612114432,48612114432,48612114432,6.07,0.021,0.9,0.1,0.35,0.65,0.35,0.65
Qwen/Qwen2.5-7B-Instruct,NVIDIA GeForce RTX 5060 Ti,42,MultiFieldQA-en,16,16,597,semantic,49.7043,0.0,50.698,0.0,0,1,0,1,85,341,341,341,46676123648,46676123648,46676123648,6.07,0.021,0.9,0.1,0.35,0.65,0.35,0.65
Qwen/Qwen2.5-7B-Instruct,NVIDIA GeForce RTX 5060 Ti,42,MultiFieldQA-en,16,16,598,multi-hop,51.562,51.9624,51.971,0.0,0,0,0,1,21,277,277,277,30799634432,30799634432,30799634432,6.07,0.021,0.9,0.1,0.35,0.65,0.35,0.65
Qwen/Qwen2.5-7B-Instruct,NVIDIA GeForce RTX 5060 Ti,42,MultiFieldQA-en,16,16,599,multi-hop,44.2779,0.0,44.9705,46.1243,0,1,0,0,83,339,339,339,46130208768,46130208768,46130208768,6.07,0.021,0.9,0.1,0.35,0.65,0.35,0.65
